147 # base pairs
  0 # ***local base-pair & step parameters***
#          Shear      Stretch    Stagger    Buckle     Prop-Tw    Opening    Shift      Slide      Rise       Tilt       Roll       Twist
T-A        0.00000    0.00000    0.00000    0.00000    0.00000    0.00000    0.00000    0.00000    0.00000    0.00000    0.00000    0.00000
G-C        0.00000    0.00000    0.00000    0.00000    0.00000    0.00000    -0.52900   -0.91400   3.45700    -1.68900   -11.71200  37.48600
T-A        0.00000    0.00000    0.00000    0.00000    0.00000    0.00000    -0.90500   -1.56600   3.20600    -2.28600   -8.20700   32.14700
G-C        0.00000    0.00000    0.00000    0.00000    0.00000    0.00000    -0.37800   -0.59600   3.22500    -2.16700   -0.60300   39.43900
A-T        0.00000    0.00000    0.00000    0.00000    0.00000    0.00000    0.13400    -1.01800   3.05000    2.61000    -6.09300   32.09300
G-C        0.00000    0.00000    0.00000    0.00000    0.00000    0.00000    0.92900    -0.52800   2.87800    -1.17000   -8.57000   33.49400
C-G        0.00000    0.00000    0.00000    0.00000    0.00000    0.00000    -0.67600   -0.12200   3.12700    12.55900   -5.64700   33.21100
G-C        0.00000    0.00000    0.00000    0.00000    0.00000    0.00000    0.04900    1.55300    5.41000    0.14200    60.15100   13.21000
C-G        0.00000    0.00000    0.00000    0.00000    0.00000    0.00000    0.71500    -0.08700   3.08800    -11.72400  -4.90600   33.28700
T-A        0.00000    0.00000    0.00000    0.00000    0.00000    0.00000    -0.96000   -0.48500   2.89400    0.89600    -7.58500   33.58500
C-G        0.00000    0.00000    0.00000    0.00000    0.00000    0.00000    -0.12000   -0.98300   3.10600    -2.86200   -6.42300   31.82500
A-T        0.00000    0.00000    0.00000    0.00000    0.00000    0.00000    0.32200    -0.59300   3.18200    1.65600    -0.34900   39.43600
C-G        0.00000    0.00000    0.00000    0.00000    0.00000    0.00000    0.92900    -1.59300   3.28000    2.06100    -8.65300   31.94300
A-T        0.00000    0.00000    0.00000    0.00000    0.00000    0.00000    0.27000    -1.09600   3.26800    -0.64500   -9.98900   39.97000
A-T        0.00000    0.00000    0.00000    0.00000    0.00000    0.00000    -0.11111   -0.11805   3.23332    -1.68399   0.89104    35.05210
T-A        0.00000    0.00000    0.00000    0.00000    0.00000    0.00000    -0.00830   -0.75749   3.30111    -0.54784   -2.07364   32.57212
T-A        0.00000    0.00000    0.00000    0.00000    0.00000    0.00000    -0.00280   -0.39189   3.27096    -0.30443   -1.50778   35.95057
T-A        0.00000    0.00000    0.00000    0.00000    0.00000    0.00000    -0.01169   -0.18917   3.22499    -0.21484   3.09630    33.65172
A-T        0.00000    0.00000    0.00000    0.00000    0.00000    0.00000    0.04713    0.05472    3.31659    0.16312    6.03083    33.56023
T-A        0.00000    0.00000    0.00000    0.00000    0.00000    0.00000    -0.04097   -0.71898   3.23859    0.25462    -0.10677   30.90976
T-A        0.00000    0.00000    0.00000    0.00000    0.00000    0.00000    -0.00074   -0.28893   3.25853    1.27345    -0.27605   34.96835
C-G        0.00000    0.00000    0.00000    0.00000    0.00000    0.00000    0.01904    -0.04874   3.28468    0.69282    1.59172    35.78378
G-C        0.00000    0.00000    0.00000    0.00000    0.00000    0.00000    0.09650    0.59065    3.31026    0.51985    7.73998    33.62454
C-G        0.00000    0.00000    0.00000    0.00000    0.00000    0.00000    -0.11420   -0.41303   3.24882    -1.01520   2.96502    31.60138
A-T        0.00000    0.00000    0.00000    0.00000    0.00000    0.00000    -0.14509   0.50797    3.27797    -1.22238   2.73734    35.53218
A-T        0.00000    0.00000    0.00000    0.00000    0.00000    0.00000    0.05286    -0.20116   3.27798    -0.19389   -0.16236   34.68375
A-T        0.00000    0.00000    0.00000    0.00000    0.00000    0.00000    -0.04391   -0.37752   3.23900    -0.87210   -1.05455   35.29140
G-C        0.00000    0.00000    0.00000    0.00000    0.00000    0.00000    0.01481    -0.50804   3.33970    0.08754    3.96539    32.00703
G-C        0.00000    0.00000    0.00000    0.00000    0.00000    0.00000    0.03189    -0.44853   3.43116    -0.69562   5.53457    33.95543
C-G        0.00000    0.00000    0.00000    0.00000    0.00000    0.00000    0.03621    -0.48916   3.24532    0.32321    4.13624    32.91320
C-G        0.00000    0.00000    0.00000    0.00000    0.00000    0.00000    -0.20702   -0.32221   3.32807    0.26555    5.15859    33.21748
G-C        0.00000    0.00000    0.00000    0.00000    0.00000    0.00000    0.08203    0.26079    3.06014    1.33157    6.75893    30.36833
G-C        0.00000    0.00000    0.00000    0.00000    0.00000    0.00000    0.36523    -0.27892   3.33756    1.91564    3.87036    33.31248
C-G        0.00000    0.00000    0.00000    0.00000    0.00000    0.00000    0.08413    -0.36780   3.25413    0.84461    2.31177    33.67122
C-G        0.00000    0.00000    0.00000    0.00000    0.00000    0.00000    0.27377    -0.30250   3.38142    1.27024    1.97915    34.35328
C-G        0.00000    0.00000    0.00000    0.00000    0.00000    0.00000    0.07384    -0.23948   3.35836    1.22816    2.47202    33.90381
G-C        0.00000    0.00000    0.00000    0.00000    0.00000    0.00000    -0.23533   0.97503    3.32015    -1.97786   3.08003    34.51129
A-T        0.00000    0.00000    0.00000    0.00000    0.00000    0.00000    -0.15975   -0.05815   3.15256    -1.81202   -0.01274   35.67734
C-G        0.00000    0.00000    0.00000    0.00000    0.00000    0.00000    0.13875    -0.50827   3.16695    -0.64829   3.05703    31.03750
A-T        0.00000    0.00000    0.00000    0.00000    0.00000    0.00000    -0.02816   -0.15372   3.33932    -1.00507   6.07090    34.24048
C-G        0.00000    0.00000    0.00000    0.00000    0.00000    0.00000    0.17897    -0.52338   3.22816    -0.24604   4.17014    30.44791
G-C        0.00000    0.00000    0.00000    0.00000    0.00000    0.00000    0.01443    0.47569    3.30333    1.09664    6.08952    35.02336
A-T        0.00000    0.00000    0.00000    0.00000    0.00000    0.00000    -0.04600   -0.06628   3.17251    -0.11116   0.48521    35.79391
C-G        0.00000    0.00000    0.00000    0.00000    0.00000    0.00000    -0.14836   -0.67091   3.23330    1.02963    3.25267    31.83801
T-A        0.00000    0.00000    0.00000    0.00000    0.00000    0.00000    0.08710    -0.73268   3.55044    0.82796    1.33263    34.38945
T-A        0.00000    0.00000    0.00000    0.00000    0.00000    0.00000    -0.10274   -0.38994   3.22864    0.02357    -1.75076   31.11554
A-T        0.00000    0.00000    0.00000    0.00000    0.00000    0.00000    0.02887    0.40093    3.36027    0.05256    -1.43841   39.94767
C-G        0.00000    0.00000    0.00000    0.00000    0.00000    0.00000    0.02205    -0.68629   3.28333    -0.23912   0.30203    32.24345
T-A        0.00000    0.00000    0.00000    0.00000    0.00000    0.00000    0.01584    -0.45108   3.35098    -0.75871   4.28255    32.39185
G-C        0.00000    0.00000    0.00000    0.00000    0.00000    0.00000    0.07355    -0.05762   3.37274    -2.41783   7.22446    33.95559
T-A        0.00000    0.00000    0.00000    0.00000    0.00000    0.00000    -0.05528   -0.58947   3.15394    -0.95457   4.07773    28.93470
A-T        0.00000    0.00000    0.00000    0.00000    0.00000    0.00000    0.10578    -0.69310   3.29857    -0.63272   12.91172   30.39921
G-C        0.00000    0.00000    0.00000    0.00000    0.00000    0.00000    -0.34847   -0.34101   3.19963    -0.07236   7.49610    29.11130
G-C        0.00000    0.00000    0.00000    0.00000    0.00000    0.00000    -0.01205   -0.84861   3.53366    1.02861    6.17734    32.36551
T-A        0.00000    0.00000    0.00000    0.00000    0.00000    0.00000    0.14798    -0.51287   3.21908    1.60097    1.63766    30.67886
A-T        0.00000    0.00000    0.00000    0.00000    0.00000    0.00000    0.06232    -0.51112   3.36542    2.06196    3.16747    35.04592
T-A        0.00000    0.00000    0.00000    0.00000    0.00000    0.00000    -0.07426   -0.75093   3.22472    0.56586    -1.80692   30.86210
C-G        0.00000    0.00000    0.00000    0.00000    0.00000    0.00000    0.09483    -0.31849   3.35551    -0.62318   -1.32635   38.10046
T-A        0.00000    0.00000    0.00000    0.00000    0.00000    0.00000    -0.04512   -0.29825   3.40525    -0.50356   1.33098    33.98980
T-A        0.00000    0.00000    0.00000    0.00000    0.00000    0.00000    -0.03981   -0.25112   3.20088    -1.28405   0.93069    33.92426
C-G        0.00000    0.00000    0.00000    0.00000    0.00000    0.00000    -0.16268   0.20138    3.30509    -1.85219   3.24322    35.50043
A-T        0.00000    0.00000    0.00000    0.00000    0.00000    0.00000    -0.39826   -0.14135   3.36700    -0.49191   8.19288    32.27542
T-A        0.00000    0.00000    0.00000    0.00000    0.00000    0.00000    -0.02070   -0.48978   3.19029    -0.26372   4.77850    28.85010
G-C        0.00000    0.00000    0.00000    0.00000    0.00000    0.00000    0.02489    -0.29198   3.47676    0.10143    9.49870    33.82018
T-A        0.00000    0.00000    0.00000    0.00000    0.00000    0.00000    0.01777    -0.68938   3.25861    1.36595    2.66366    30.64869
T-A        0.00000    0.00000    0.00000    0.00000    0.00000    0.00000    0.01759    -0.19846   3.16448    2.08415    1.76385    32.47578
A-T        0.00000    0.00000    0.00000    0.00000    0.00000    0.00000    0.07294    0.28669    3.37538    1.38887    0.14677    37.72976
T-A        0.00000    0.00000    0.00000    0.00000    0.00000    0.00000    0.01062    -0.70411   3.17996    0.85712    -2.43895   29.85204
A-T        0.00000    0.00000    0.00000    0.00000    0.00000    0.00000    -0.01163   0.36718    3.42416    0.49131    -4.35434   40.59452
A-T        0.00000    0.00000    0.00000    0.00000    0.00000    0.00000    0.00729    -0.20047   3.21248    -1.98438   -2.71226   34.47410
C-G        0.00000    0.00000    0.00000    0.00000    0.00000    0.00000    -0.10062   -0.72246   3.34815    -1.85213   -0.32829   32.78857
G-C        0.00000    0.00000    0.00000    0.00000    0.00000    0.00000    0.01527    0.26906    3.22808    -3.95142   9.86261    31.44549
G-C        0.00000    0.00000    0.00000    0.00000    0.00000    0.00000    0.12315    -0.26253   3.26100    0.02396    7.84706    30.23627
A-T        0.00000    0.00000    0.00000    0.00000    0.00000    0.00000    0.11889    -0.18490   3.22116    0.64163    5.84123    34.29058
C-G        0.00000    0.00000    0.00000    0.00000    0.00000    0.00000    0.20366    -0.64878   3.22040    2.09097    2.07591    29.56549
G-C        0.00000    0.00000    0.00000    0.00000    0.00000    0.00000    0.11212    0.44732    3.29426    3.44175    6.61728    33.81449
A-T        0.00000    0.00000    0.00000    0.00000    0.00000    0.00000    0.12392    -0.14759   3.36818    2.50432    2.20929    34.33141
G-C        0.00000    0.00000    0.00000    0.00000    0.00000    0.00000    0.03811    -0.26261   3.29621    1.55009    1.12710    30.77116
C-G        0.00000    0.00000    0.00000    0.00000    0.00000    0.00000    0.04730    -0.42367   3.40473    0.74166    0.70934    35.64052
T-A        0.00000    0.00000    0.00000    0.00000    0.00000    0.00000    0.00541    -0.17267   3.28475    0.27678    -0.84811   31.51701
C-G        0.00000    0.00000    0.00000    0.00000    0.00000    0.00000    -0.05926   -0.00069   3.34540    -1.75763   0.13649    35.71403
G-C        0.00000    0.00000    0.00000    0.00000    0.00000    0.00000    -0.01552   0.71413    3.23997    -2.06559   3.94264    32.37105
G-C        0.00000    0.00000    0.00000    0.00000    0.00000    0.00000    -0.23590   -0.17769   3.28872    -4.57226   4.36830    32.18157
G-C        0.00000    0.00000    0.00000    0.00000    0.00000    0.00000    -0.13998   -0.35892   3.32950    -1.12802   7.85463    31.05433
A-T        0.00000    0.00000    0.00000    0.00000    0.00000    0.00000    -0.04409   -0.23381   3.25554    -0.21035   4.42409    34.18541
T-A        0.00000    0.00000    0.00000    0.00000    0.00000    0.00000    0.00811    -0.65544   3.22075    0.40264    2.97202    30.10529
C-G        0.00000    0.00000    0.00000    0.00000    0.00000    0.00000    0.08753    -0.25610   3.28050    1.29142    3.13684    34.82357
C-G        0.00000    0.00000    0.00000    0.00000    0.00000    0.00000    0.09449    -0.27655   3.27732    1.42549    5.55141    30.61229
G-C        0.00000    0.00000    0.00000    0.00000    0.00000    0.00000    0.04660    0.42980    3.24706    1.64731    5.64841    33.21875
C-G        0.00000    0.00000    0.00000    0.00000    0.00000    0.00000    0.09558    -0.50160   3.42950    0.77878    0.34357    35.04280
T-A        0.00000    0.00000    0.00000    0.00000    0.00000    0.00000    0.20580    -0.44036   3.41574    1.99143    0.11624    34.42109
T-A        0.00000    0.00000    0.00000    0.00000    0.00000    0.00000    0.03519    -0.41226   3.23034    -0.53234   -3.09698   35.26937
T-A        0.00000    0.00000    0.00000    0.00000    0.00000    0.00000    -0.06771   -0.29067   3.24395    -1.11620   -0.53330   34.39072
A-T        0.00000    0.00000    0.00000    0.00000    0.00000    0.00000    -0.13654   0.15435    3.32482    -1.71463   6.42627    34.18799
A-T        0.00000    0.00000    0.00000    0.00000    0.00000    0.00000    -0.02432   -0.22007   3.12598    -1.02350   5.04194    30.92440
C-G        0.00000    0.00000    0.00000    0.00000    0.00000    0.00000    -0.00914   -0.73124   3.22843    -0.42727   3.46037    29.74705
A-T        0.00000    0.00000    0.00000    0.00000    0.00000    0.00000    0.03555    -0.20290   3.33106    1.00729    8.61651    32.21061
C-G        0.00000    0.00000    0.00000    0.00000    0.00000    0.00000    0.17523    -0.63684   3.28071    1.57813    2.81999    30.70999
T-A        0.00000    0.00000    0.00000    0.00000    0.00000    0.00000    0.11318    -0.73862   3.54388    1.74122    2.05384    33.78267
T-A        0.00000    0.00000    0.00000    0.00000    0.00000    0.00000    0.04629    -0.38017   3.24727    1.61559    -3.33636   35.78859
T-A        0.00000    0.00000    0.00000    0.00000    0.00000    0.00000    -0.04064   -0.39155   3.25284    0.24164    -4.08913   35.03773
A-T        0.00000    0.00000    0.00000    0.00000    0.00000    0.00000    -0.00325   0.35852    3.40343    -1.20667   -3.13486   39.39660
T-A        0.00000    0.00000    0.00000    0.00000    0.00000    0.00000    0.06187    -0.73365   3.18717    -1.28761   1.11403    28.00865
G-C        0.00000    0.00000    0.00000    0.00000    0.00000    0.00000    -0.00131   -0.25311   3.31776    -0.19768   5.98992    37.15340
C-G        0.00000    0.00000    0.00000    0.00000    0.00000    0.00000    0.27270    -0.46985   3.17579    -2.76007   4.39428    31.69454
T-A        0.00000    0.00000    0.00000    0.00000    0.00000    0.00000    0.02638    -0.47330   3.39493    0.26775    3.89257    33.29709
T-A        0.00000    0.00000    0.00000    0.00000    0.00000    0.00000    -0.04412   -0.23462   3.17747    0.62451    5.41886    32.52658
C-G        0.00000    0.00000    0.00000    0.00000    0.00000    0.00000    0.11056    -0.25796   3.25996    0.89840    5.35189    32.96554
C-G        0.00000    0.00000    0.00000    0.00000    0.00000    0.00000    -0.01241   -0.27475   3.27394    0.60140    6.46857    30.57257
G-C        0.00000    0.00000    0.00000    0.00000    0.00000    0.00000    0.18502    0.23971    3.03407    2.42016    5.95333    29.89490
G-C        0.00000    0.00000    0.00000    0.00000    0.00000    0.00000    0.43595    -0.31271   3.34715    2.49737    2.82969    33.09131
C-G        0.00000    0.00000    0.00000    0.00000    0.00000    0.00000    0.12100    -0.58127   3.30584    0.35188    1.37108    33.08629
T-A        0.00000    0.00000    0.00000    0.00000    0.00000    0.00000    -0.03168   -0.18271   3.29246    0.11049    0.03473    31.74372
C-G        0.00000    0.00000    0.00000    0.00000    0.00000    0.00000    -0.04297   0.03984    3.34035    -1.16751   0.69428    35.88872
G-C        0.00000    0.00000    0.00000    0.00000    0.00000    0.00000    -0.10808   0.46439    3.28406    -3.09778   4.10597    35.10895
T-A        0.00000    0.00000    0.00000    0.00000    0.00000    0.00000    0.23764    -0.67286   3.21764    -1.30594   3.41790    31.63566
A-T        0.00000    0.00000    0.00000    0.00000    0.00000    0.00000    0.00599    -0.69744   3.38769    -0.30057   7.90865    33.05916
T-A        0.00000    0.00000    0.00000    0.00000    0.00000    0.00000    0.01500    -0.74064   3.14090    -0.01795   1.00072    29.22379
A-T        0.00000    0.00000    0.00000    0.00000    0.00000    0.00000    0.00181    0.00896    3.28464    1.18292    7.38684    31.58069
A-T        0.00000    0.00000    0.00000    0.00000    0.00000    0.00000    0.00700    -0.34295   3.21494    0.93971    2.98681    33.49985
T-A        0.00000    0.00000    0.00000    0.00000    0.00000    0.00000    -0.00170   -0.70252   3.26123    0.99449    0.04053    30.75651
G-C        0.00000    0.00000    0.00000    0.00000    0.00000    0.00000    -0.01145   -0.29025   3.39266    0.43343    3.44649    35.50519
T-A        0.00000    0.00000    0.00000    0.00000    0.00000    0.00000    0.02730    -0.51524   3.24244    0.65293    -0.22219   29.76185
G-C        0.00000    0.00000    0.00000    0.00000    0.00000    0.00000    -0.05113   -0.07056   3.32244    0.61777    2.84295    35.18632
T-A        0.00000    0.00000    0.00000    0.00000    0.00000    0.00000    -0.12293   -0.53787   3.18254    -0.56804   1.67591    30.98367
C-G        0.00000    0.00000    0.00000    0.00000    0.00000    0.00000    0.02960    -0.06421   3.16788    0.06156    -0.17264   35.67145
G-C        0.00000    0.00000    0.00000    0.00000    0.00000    0.00000    -0.04409   0.47251    3.24450    -2.20845   9.59942    29.61295
A-T        0.00000    0.00000    0.00000    0.00000    0.00000    0.00000    -0.15702   -0.06342   3.13978    -1.74770   0.58100    35.01895
C-G        0.00000    0.00000    0.00000    0.00000    0.00000    0.00000    -0.07629   -0.79457   3.19549    -0.27165   3.20135    31.24389
C-G        0.00000    0.00000    0.00000    0.00000    0.00000    0.00000    0.21907    -0.65269   3.35794    0.63511    8.07136    29.95230
A-T        0.00000    0.00000    0.00000    0.00000    0.00000    0.00000    0.20745    0.34049    3.31075    0.18635    9.75677    31.39623
A-T        0.00000    0.00000    0.00000    0.00000    0.00000    0.00000    0.08694    -0.21854   3.26848    0.98982    1.08180    33.97699
A-T        0.00000    0.00000    0.00000    0.00000    0.00000    0.00000    0.00221    -0.40491   3.26187    0.37633    -2.70537   36.02810
T-A        0.00000    0.00000    0.00000    0.00000    0.00000    0.00000    -0.00397   -0.71310   3.26768    0.51894    -0.71937   30.94971
G-C        0.00000    0.00000    0.00000    0.00000    0.00000    0.00000    -0.26900   -1.09600   3.26800    0.63500    -9.99700   39.98800
T-A        0.00000    0.00000    0.00000    0.00000    0.00000    0.00000    -0.93000   -1.59400   3.28000    -2.04100   -8.63700   31.91900
G-C        0.00000    0.00000    0.00000    0.00000    0.00000    0.00000    -0.32200   -0.59300   3.18200    -1.64500   -0.35500   39.45000
A-T        0.00000    0.00000    0.00000    0.00000    0.00000    0.00000    0.12000    -0.98200   3.10400    2.85700    -6.37700   31.80500
G-C        0.00000    0.00000    0.00000    0.00000    0.00000    0.00000    0.96000    -0.48300   2.89600    -0.90300   -7.58100   33.59100
C-G        0.00000    0.00000    0.00000    0.00000    0.00000    0.00000    -0.71600   -0.08600   3.08700    11.70400   -4.92300   33.30600
G-C        0.00000    0.00000    0.00000    0.00000    0.00000    0.00000    -0.04900   1.55200    5.41000    -0.16600   60.13700   13.22600
C-G        0.00000    0.00000    0.00000    0.00000    0.00000    0.00000    0.67600    -0.12300   3.12600    -12.51300  -5.64000   33.19800
T-A        0.00000    0.00000    0.00000    0.00000    0.00000    0.00000    -0.92900   -0.52700   2.87900    1.16900    -8.55000   33.49600
C-G        0.00000    0.00000    0.00000    0.00000    0.00000    0.00000    -0.13500   -1.01800   3.05000    -2.62500   -6.07500   32.09900
A-T        0.00000    0.00000    0.00000    0.00000    0.00000    0.00000    0.37700    -0.59700   3.22500    2.13300    -0.62500   39.44400
C-G        0.00000    0.00000    0.00000    0.00000    0.00000    0.00000    0.90500    -1.56600   3.20700    2.32100    -8.20800   32.14100
A-T        0.00000    0.00000    0.00000    0.00000    0.00000    0.00000    0.52900    -0.91300   3.45700    1.68800    -11.71500  37.50000
