147 # base pairs
  0 # ***local base-pair & step parameters***
#          Shear      Stretch    Stagger    Buckle     Prop-Tw    Opening    Shift      Slide      Rise       Tilt       Roll       Twist
T-A        0.00000    0.00000    0.00000    0.00000    0.00000    0.00000    0.00000    0.00000    0.00000    0.00000    0.00000    0.00000
G-C        0.00000    0.00000    0.00000    0.00000    0.00000    0.00000    -0.52900   -0.91400   3.45700    -1.68900   -11.71200  37.48600
T-A        0.00000    0.00000    0.00000    0.00000    0.00000    0.00000    -0.90500   -1.56600   3.20600    -2.28600   -8.20700   32.14700
G-C        0.00000    0.00000    0.00000    0.00000    0.00000    0.00000    -0.37800   -0.59600   3.22500    -2.16700   -0.60300   39.43900
A-T        0.00000    0.00000    0.00000    0.00000    0.00000    0.00000    0.13400    -1.01800   3.05000    2.61000    -6.09300   32.09300
G-C        0.00000    0.00000    0.00000    0.00000    0.00000    0.00000    0.92900    -0.52800   2.87800    -1.17000   -8.57000   33.49400
C-G        0.00000    0.00000    0.00000    0.00000    0.00000    0.00000    -0.67600   -0.12200   3.12700    12.55900   -5.64700   33.21100
G-C        0.00000    0.00000    0.00000    0.00000    0.00000    0.00000    0.04900    1.55300    5.41000    0.14200    60.15100   13.21000
C-G        0.00000    0.00000    0.00000    0.00000    0.00000    0.00000    0.71500    -0.08700   3.08800    -11.72400  -4.90600   33.28700
T-A        0.00000    0.00000    0.00000    0.00000    0.00000    0.00000    -0.96000   -0.48500   2.89400    0.89600    -7.58500   33.58500
C-G        0.00000    0.00000    0.00000    0.00000    0.00000    0.00000    -0.12000   -0.98300   3.10600    -2.86200   -6.42300   31.82500
A-T        0.00000    0.00000    0.00000    0.00000    0.00000    0.00000    0.32200    -0.59300   3.18200    1.65600    -0.34900   39.43600
C-G        0.00000    0.00000    0.00000    0.00000    0.00000    0.00000    0.92900    -1.59300   3.28000    2.06100    -8.65300   31.94300
A-T        0.00000    0.00000    0.00000    0.00000    0.00000    0.00000    0.27000    -1.09600   3.26800    -0.64500   -9.98900   39.97000
A-T        0.00000    0.00000    0.00000    0.00000    0.00000    0.00000    -0.11601   -0.12015   3.23245    -1.79112   0.79278    35.06328
T-A        0.00000    0.00000    0.00000    0.00000    0.00000    0.00000    -0.01013   -0.75752   3.30098    -0.60215   -2.07335   32.57721
T-A        0.00000    0.00000    0.00000    0.00000    0.00000    0.00000    -0.00331   -0.39056   3.27167    -0.36314   -1.44634   35.95691
T-A        0.00000    0.00000    0.00000    0.00000    0.00000    0.00000    -0.01280   -0.18122   3.22372    -0.24116   3.35736    33.60695
A-T        0.00000    0.00000    0.00000    0.00000    0.00000    0.00000    0.04741    0.05135    3.31216    0.19432    6.39473    33.34072
T-A        0.00000    0.00000    0.00000    0.00000    0.00000    0.00000    -0.03912   -0.71922   3.23690    0.30857    0.01684    30.89869
T-A        0.00000    0.00000    0.00000    0.00000    0.00000    0.00000    0.00333    -0.28668   3.25846    1.38362    -0.28269   35.02230
C-G        0.00000    0.00000    0.00000    0.00000    0.00000    0.00000    0.02648    -0.04904   3.28469    0.77128    1.52140    35.84019
G-C        0.00000    0.00000    0.00000    0.00000    0.00000    0.00000    0.11330    0.59180    3.30720    0.64874    7.58123    33.64296
C-G        0.00000    0.00000    0.00000    0.00000    0.00000    0.00000    -0.11229   -0.41269   3.24959    -1.01404   2.92595    31.62587
A-T        0.00000    0.00000    0.00000    0.00000    0.00000    0.00000    -0.15690   0.51841    3.27726    -1.33279   2.52241    35.66502
A-T        0.00000    0.00000    0.00000    0.00000    0.00000    0.00000    0.04760    -0.20099   3.27807    -0.27698   -0.21584   34.72199
A-T        0.00000    0.00000    0.00000    0.00000    0.00000    0.00000    -0.04560   -0.37513   3.23941    -0.94994   -1.00077   35.31567
G-C        0.00000    0.00000    0.00000    0.00000    0.00000    0.00000    0.01293    -0.50923   3.33935    0.05580    4.09480    32.00535
G-C        0.00000    0.00000    0.00000    0.00000    0.00000    0.00000    0.03455    -0.45475   3.43188    -0.69600   5.73300    33.92175
C-G        0.00000    0.00000    0.00000    0.00000    0.00000    0.00000    0.04892    -0.49236   3.24501    0.43389    4.24979    32.91424
C-G        0.00000    0.00000    0.00000    0.00000    0.00000    0.00000    -0.18799   -0.31893   3.32709    0.46896    5.22889    33.27111
G-C        0.00000    0.00000    0.00000    0.00000    0.00000    0.00000    0.10402    0.26434    3.06109    1.55166    6.69809    30.43775
G-C        0.00000    0.00000    0.00000    0.00000    0.00000    0.00000    0.37841    -0.27643   3.33998    2.05097    3.72077    33.36585
C-G        0.00000    0.00000    0.00000    0.00000    0.00000    0.00000    0.08896    -0.36009   3.25590    0.87685    2.15707    33.77226
C-G        0.00000    0.00000    0.00000    0.00000    0.00000    0.00000    0.27200    -0.29446   3.38222    1.19736    1.73591    34.49227
C-G        0.00000    0.00000    0.00000    0.00000    0.00000    0.00000    0.05968    -0.24783   3.36227    1.01127    2.40052    33.99019
G-C        0.00000    0.00000    0.00000    0.00000    0.00000    0.00000    -0.25398   0.97980    3.32238    -2.20672   3.10516    34.58696
A-T        0.00000    0.00000    0.00000    0.00000    0.00000    0.00000    -0.16973   -0.05739   3.15131    -1.91295   0.05555    35.67340
C-G        0.00000    0.00000    0.00000    0.00000    0.00000    0.00000    0.13732    -0.50351   3.16423    -0.66663   3.22180    31.04734
A-T        0.00000    0.00000    0.00000    0.00000    0.00000    0.00000    -0.02680   -0.15201   3.34118    -0.91270   6.30900    34.20407
C-G        0.00000    0.00000    0.00000    0.00000    0.00000    0.00000    0.18215    -0.52215   3.22719    -0.15755   4.27054    30.50053
G-C        0.00000    0.00000    0.00000    0.00000    0.00000    0.00000    0.03018    0.47558    3.30485    1.41746    6.07948    35.13426
A-T        0.00000    0.00000    0.00000    0.00000    0.00000    0.00000    -0.03320   -0.06634   3.17574    0.02981    0.41129    35.88990
C-G        0.00000    0.00000    0.00000    0.00000    0.00000    0.00000    -0.13739   -0.66636   3.23741    1.05581    3.05668    31.93091
T-A        0.00000    0.00000    0.00000    0.00000    0.00000    0.00000    0.08635    -0.73903   3.55276    0.80302    1.03723    34.44581
T-A        0.00000    0.00000    0.00000    0.00000    0.00000    0.00000    -0.10275   -0.39413   3.23008    -0.13727   -2.03091   31.33757
A-T        0.00000    0.00000    0.00000    0.00000    0.00000    0.00000    0.01960    0.41502    3.36307    -0.08868   -1.63165   40.17670
C-G        0.00000    0.00000    0.00000    0.00000    0.00000    0.00000    0.00370    -0.68533   3.27944    -0.37308   0.43948    32.26059
T-A        0.00000    0.00000    0.00000    0.00000    0.00000    0.00000    0.01483    -0.44501   3.35167    -0.84251   4.39510    32.44668
G-C        0.00000    0.00000    0.00000    0.00000    0.00000    0.00000    0.07494    -0.06383   3.37799    -2.31677   7.61906    33.92099
T-A        0.00000    0.00000    0.00000    0.00000    0.00000    0.00000    -0.05540   -0.58698   3.15370    -0.86503   4.22614    28.95836
A-T        0.00000    0.00000    0.00000    0.00000    0.00000    0.00000    0.11393    -0.67989   3.30134    -0.39621   12.93734   30.55586
G-C        0.00000    0.00000    0.00000    0.00000    0.00000    0.00000    -0.33119   -0.33731   3.20172    0.16029    7.39519    29.30539
G-C        0.00000    0.00000    0.00000    0.00000    0.00000    0.00000    -0.00088   -0.84257   3.53580    1.15953    5.99593    32.60447
T-A        0.00000    0.00000    0.00000    0.00000    0.00000    0.00000    0.14986    -0.51337   3.22444    1.62477    1.37791    30.84382
A-T        0.00000    0.00000    0.00000    0.00000    0.00000    0.00000    0.05720    -0.48755   3.36556    1.95211    2.67709    35.38608
T-A        0.00000    0.00000    0.00000    0.00000    0.00000    0.00000    -0.07296   -0.75202   3.22587    0.45960    -2.00224   31.04225
C-G        0.00000    0.00000    0.00000    0.00000    0.00000    0.00000    0.09306    -0.31729   3.35557    -0.74406   -1.35379   38.22492
T-A        0.00000    0.00000    0.00000    0.00000    0.00000    0.00000    0.10154    -0.35107   3.34226    -0.76398   2.07547    32.13817
C-G        0.00000    0.00000    0.00000    0.00000    0.00000    0.00000    -0.09218   -0.06877   3.37348    -1.97726   0.97260    35.93857
G-C        0.00000    0.00000    0.00000    0.00000    0.00000    0.00000    -0.10566   0.43456    3.25912    -3.60881   10.13075   29.95205
A-T        0.00000    0.00000    0.00000    0.00000    0.00000    0.00000    -0.32056   0.14519    3.22563    -4.23521   4.86611    33.70154
G-C        0.00000    0.00000    0.00000    0.00000    0.00000    0.00000    0.11164    -0.40084   3.28859    -0.55585   5.93743    30.45063
C-G        0.00000    0.00000    0.00000    0.00000    0.00000    0.00000    0.01985    -0.58511   3.32923    0.43732    4.35617    34.08989
T-A        0.00000    0.00000    0.00000    0.00000    0.00000    0.00000    -0.12344   -0.33809   3.27804    1.77734    4.78833    30.96120
C-G        0.00000    0.00000    0.00000    0.00000    0.00000    0.00000    0.37649    0.30844    3.19628    5.13830    3.57612    34.68459
G-C        0.00000    0.00000    0.00000    0.00000    0.00000    0.00000    0.34242    1.00510    3.32622    3.37974    2.98781    34.49519
G-C        0.00000    0.00000    0.00000    0.00000    0.00000    0.00000    0.01015    -0.28468   3.36720    -0.04573   1.70763    33.67540
G-C        0.00000    0.00000    0.00000    0.00000    0.00000    0.00000    -0.03851   -0.23448   3.33343    0.22294    4.31178    33.21596
A-T        0.00000    0.00000    0.00000    0.00000    0.00000    0.00000    -0.09383   -0.30403   3.34858    -0.69188   -1.17643   37.24682
T-A        0.00000    0.00000    0.00000    0.00000    0.00000    0.00000    -0.01535   -0.63018   3.24666    -0.87471   0.73817    31.28098
C-G        0.00000    0.00000    0.00000    0.00000    0.00000    0.00000    0.00348    -0.25677   3.29651    -1.61927   1.62975    35.95002
C-G        0.00000    0.00000    0.00000    0.00000    0.00000    0.00000    -0.58266   -0.16715   3.24673    -3.81833   9.15803    30.56919
G-C        0.00000    0.00000    0.00000    0.00000    0.00000    0.00000    -0.00419   0.36932    3.29900    -0.45744   11.62566   30.96997
C-G        0.00000    0.00000    0.00000    0.00000    0.00000    0.00000    0.07551    -0.56705   3.40531    0.85052    2.43311    34.36209
T-A        0.00000    0.00000    0.00000    0.00000    0.00000    0.00000    0.38059    -0.46860   3.42978    4.02454    2.67792    33.95247
T-A        0.00000    0.00000    0.00000    0.00000    0.00000    0.00000    0.05672    -0.36962   3.24187    1.73554    -1.62591   35.43544
T-A        0.00000    0.00000    0.00000    0.00000    0.00000    0.00000    -0.00702   -0.34956   3.24317    0.75773    -2.72421   34.73321
A-T        0.00000    0.00000    0.00000    0.00000    0.00000    0.00000    0.04591    0.86517    3.20674    0.54178    -9.00171   37.30434
A-T        0.00000    0.00000    0.00000    0.00000    0.00000    0.00000    -0.00450   -0.20041   3.21315    -1.50406   -3.08069   34.43960
C-G        0.00000    0.00000    0.00000    0.00000    0.00000    0.00000    0.00748    -0.62832   3.31040    -1.08702   -0.36972   32.20033
A-T        0.00000    0.00000    0.00000    0.00000    0.00000    0.00000    -0.11245   -0.13171   3.29457    -2.62347   4.46114    34.05286
C-G        0.00000    0.00000    0.00000    0.00000    0.00000    0.00000    0.09018    -0.70085   3.26406    -1.22235   2.40268    30.15794
T-A        0.00000    0.00000    0.00000    0.00000    0.00000    0.00000    0.08576    -0.66007   3.49654    -1.77785   6.02579    33.28877
T-A        0.00000    0.00000    0.00000    0.00000    0.00000    0.00000    0.05083    -0.42032   3.20766    -0.33400   2.40385    33.53932
T-A        0.00000    0.00000    0.00000    0.00000    0.00000    0.00000    -0.00807   -0.17789   3.20296    0.35639    4.18331    32.82991
A-T        0.00000    0.00000    0.00000    0.00000    0.00000    0.00000    0.06543    0.06719    3.30387    1.39477    5.94674    32.92819
T-A        0.00000    0.00000    0.00000    0.00000    0.00000    0.00000    -0.15041   -0.75110   3.16893    1.82800    2.15743    27.69956
G-C        0.00000    0.00000    0.00000    0.00000    0.00000    0.00000    0.02567    -0.25815   3.30560    0.76023    5.42471    37.20701
C-G        0.00000    0.00000    0.00000    0.00000    0.00000    0.00000    0.15114    -0.37650   3.30936    -0.11812   0.22907    33.91852
T-A        0.00000    0.00000    0.00000    0.00000    0.00000    0.00000    0.15215    -0.43650   3.41729    1.48980    0.29229    34.61019
T-A        0.00000    0.00000    0.00000    0.00000    0.00000    0.00000    -0.05069   -0.24817   3.20239    -1.46784   0.29155    33.97942
C-G        0.00000    0.00000    0.00000    0.00000    0.00000    0.00000    -0.19324   0.22957    3.31222    -2.13521   2.72466    35.57988
A-T        0.00000    0.00000    0.00000    0.00000    0.00000    0.00000    -0.39089   -0.03232   3.35517    -1.19724   7.89681    32.55581
T-A        0.00000    0.00000    0.00000    0.00000    0.00000    0.00000    0.00285    -0.48839   3.18614    -0.37960   4.80935    28.67592
G-C        0.00000    0.00000    0.00000    0.00000    0.00000    0.00000    0.03918    -0.32121   3.47990    -0.21131   9.80176    33.32919
T-A        0.00000    0.00000    0.00000    0.00000    0.00000    0.00000    0.03374    -0.71123   3.24605    1.22098    3.00894    30.16813
T-A        0.00000    0.00000    0.00000    0.00000    0.00000    0.00000    0.03063    -0.21490   3.15342    1.88519    2.57755    31.85383
A-T        0.00000    0.00000    0.00000    0.00000    0.00000    0.00000    0.06046    0.16394    3.35564    1.34658    1.86707    36.08537
T-A        0.00000    0.00000    0.00000    0.00000    0.00000    0.00000    -0.01059   -0.71266   3.17281    0.98658    -2.00930   29.63154
A-T        0.00000    0.00000    0.00000    0.00000    0.00000    0.00000    -0.02977   0.33665    3.40477    0.87013    -3.10184   39.33500
A-T        0.00000    0.00000    0.00000    0.00000    0.00000    0.00000    -0.01920   -0.19849   3.20674    -1.50421   -2.41337   34.19300
C-G        0.00000    0.00000    0.00000    0.00000    0.00000    0.00000    -0.08787   -0.71845   3.35461    -1.50156   -0.69247   32.77485
G-C        0.00000    0.00000    0.00000    0.00000    0.00000    0.00000    0.04749    0.27081    3.23115    -3.11890   8.59062    32.12793
G-C        0.00000    0.00000    0.00000    0.00000    0.00000    0.00000    0.12294    -0.24364   3.26238    -0.00567   7.15653    30.30258
A-T        0.00000    0.00000    0.00000    0.00000    0.00000    0.00000    -0.05048   -0.24520   3.27153    -0.46906   3.57298    34.64683
T-A        0.00000    0.00000    0.00000    0.00000    0.00000    0.00000    0.00990    -0.65295   3.22448    0.11124    2.70493    30.22674
C-G        0.00000    0.00000    0.00000    0.00000    0.00000    0.00000    0.07434    -0.25536   3.27909    0.74530    3.15372    34.82934
C-G        0.00000    0.00000    0.00000    0.00000    0.00000    0.00000    -0.03404   -0.27353   3.27192    0.44567    6.43946    30.43298
G-C        0.00000    0.00000    0.00000    0.00000    0.00000    0.00000    0.16382    0.23663    3.02992    2.20049    5.95287    29.71274
G-C        0.00000    0.00000    0.00000    0.00000    0.00000    0.00000    0.42954    -0.31757   3.34390    2.39022    2.93552    32.96228
C-G        0.00000    0.00000    0.00000    0.00000    0.00000    0.00000    0.12305    -0.58459   3.30398    0.30682    1.43452    32.90629
T-A        0.00000    0.00000    0.00000    0.00000    0.00000    0.00000    -0.03084   -0.19866   3.28995    0.08027    0.23771    31.49488
C-G        0.00000    0.00000    0.00000    0.00000    0.00000    0.00000    -0.02429   0.03303    3.33319    -1.00701   0.91841    35.55041
G-C        0.00000    0.00000    0.00000    0.00000    0.00000    0.00000    -0.09761   0.45933    3.28123    -2.92245   4.15645    34.83703
T-A        0.00000    0.00000    0.00000    0.00000    0.00000    0.00000    0.23474    -0.65769   3.21224    -1.20477   3.39301    31.41784
A-T        0.00000    0.00000    0.00000    0.00000    0.00000    0.00000    0.00614    -0.71167   3.38514    -0.23976   7.86079    32.81694
T-A        0.00000    0.00000    0.00000    0.00000    0.00000    0.00000    0.01114    -0.74160   3.13772    -0.02315   0.92656    29.04428
A-T        0.00000    0.00000    0.00000    0.00000    0.00000    0.00000    -0.00297   0.00180    3.27845    1.16980    7.56990    31.14485
A-T        0.00000    0.00000    0.00000    0.00000    0.00000    0.00000    0.00914    -0.34671   3.21347    0.90343    2.97361    33.34984
T-A        0.00000    0.00000    0.00000    0.00000    0.00000    0.00000    -0.00321   -0.70346   3.25979    0.96854    0.08219    30.61683
G-C        0.00000    0.00000    0.00000    0.00000    0.00000    0.00000    -0.00678   -0.30001   3.39079    0.40958    3.57735    35.20648
T-A        0.00000    0.00000    0.00000    0.00000    0.00000    0.00000    0.03686    -0.51356   3.23761    0.69294    -0.14840   29.52119
G-C        0.00000    0.00000    0.00000    0.00000    0.00000    0.00000    -0.04024   -0.08010   3.31659    0.63790    2.94691    34.89584
T-A        0.00000    0.00000    0.00000    0.00000    0.00000    0.00000    -0.12039   -0.54138   3.18242    -0.54780   1.66739    30.84313
C-G        0.00000    0.00000    0.00000    0.00000    0.00000    0.00000    0.03103    -0.06602   3.16530    0.08314    -0.17200   35.54638
G-C        0.00000    0.00000    0.00000    0.00000    0.00000    0.00000    -0.04737   0.45321    3.23849    -2.26064   9.66551    29.25052
A-T        0.00000    0.00000    0.00000    0.00000    0.00000    0.00000    -0.16304   -0.06475   3.13625    -1.81178   0.60328    34.87524
C-G        0.00000    0.00000    0.00000    0.00000    0.00000    0.00000    -0.07826   -0.79460   3.19424    -0.28284   3.23352    31.11989
C-G        0.00000    0.00000    0.00000    0.00000    0.00000    0.00000    0.22315    -0.66375   3.35545    0.62244    8.18364    29.72667
A-T        0.00000    0.00000    0.00000    0.00000    0.00000    0.00000    0.22178    0.31449    3.30878    0.21332    10.13342   30.95398
A-T        0.00000    0.00000    0.00000    0.00000    0.00000    0.00000    0.08985    -0.22190   3.26742    1.03654    1.13002    33.80838
A-T        0.00000    0.00000    0.00000    0.00000    0.00000    0.00000    0.00307    -0.40659   3.26158    0.39600    -2.73801   35.96907
T-A        0.00000    0.00000    0.00000    0.00000    0.00000    0.00000    -0.00207   -0.71909   3.26707    0.52400    -0.78211   30.83630
G-C        0.00000    0.00000    0.00000    0.00000    0.00000    0.00000    -0.26900   -1.09600   3.26800    0.63500    -9.99700   39.98800
T-A        0.00000    0.00000    0.00000    0.00000    0.00000    0.00000    -0.93000   -1.59400   3.28000    -2.04100   -8.63700   31.91900
G-C        0.00000    0.00000    0.00000    0.00000    0.00000    0.00000    -0.32200   -0.59300   3.18200    -1.64500   -0.35500   39.45000
A-T        0.00000    0.00000    0.00000    0.00000    0.00000    0.00000    0.12000    -0.98200   3.10400    2.85700    -6.37700   31.80500
G-C        0.00000    0.00000    0.00000    0.00000    0.00000    0.00000    0.96000    -0.48300   2.89600    -0.90300   -7.58100   33.59100
C-G        0.00000    0.00000    0.00000    0.00000    0.00000    0.00000    -0.71600   -0.08600   3.08700    11.70400   -4.92300   33.30600
G-C        0.00000    0.00000    0.00000    0.00000    0.00000    0.00000    -0.04900   1.55200    5.41000    -0.16600   60.13700   13.22600
C-G        0.00000    0.00000    0.00000    0.00000    0.00000    0.00000    0.67600    -0.12300   3.12600    -12.51300  -5.64000   33.19800
T-A        0.00000    0.00000    0.00000    0.00000    0.00000    0.00000    -0.92900   -0.52700   2.87900    1.16900    -8.55000   33.49600
C-G        0.00000    0.00000    0.00000    0.00000    0.00000    0.00000    -0.13500   -1.01800   3.05000    -2.62500   -6.07500   32.09900
A-T        0.00000    0.00000    0.00000    0.00000    0.00000    0.00000    0.37700    -0.59700   3.22500    2.13300    -0.62500   39.44400
C-G        0.00000    0.00000    0.00000    0.00000    0.00000    0.00000    0.90500    -1.56600   3.20700    2.32100    -8.20800   32.14100
A-T        0.00000    0.00000    0.00000    0.00000    0.00000    0.00000    0.52900    -0.91300   3.45700    1.68800    -11.71500  37.50000
