147 # base pairs
  0 # ***local base-pair & step parameters***
#          Shear      Stretch    Stagger    Buckle     Prop-Tw    Opening    Shift      Slide      Rise       Tilt       Roll       Twist
T-A        0.00000    0.00000    0.00000    0.00000    0.00000    0.00000    0.00000    0.00000    0.00000    0.00000    0.00000    0.00000
G-C        0.00000    0.00000    0.00000    0.00000    0.00000    0.00000    -0.52900   -0.91400   3.45700    -1.68900   -11.71200  37.48600
T-A        0.00000    0.00000    0.00000    0.00000    0.00000    0.00000    -0.90500   -1.56600   3.20600    -2.28600   -8.20700   32.14700
G-C        0.00000    0.00000    0.00000    0.00000    0.00000    0.00000    -0.37800   -0.59600   3.22500    -2.16700   -0.60300   39.43900
A-T        0.00000    0.00000    0.00000    0.00000    0.00000    0.00000    0.13400    -1.01800   3.05000    2.61000    -6.09300   32.09300
G-C        0.00000    0.00000    0.00000    0.00000    0.00000    0.00000    0.92900    -0.52800   2.87800    -1.17000   -8.57000   33.49400
C-G        0.00000    0.00000    0.00000    0.00000    0.00000    0.00000    -0.67600   -0.12200   3.12700    12.55900   -5.64700   33.21100
G-C        0.00000    0.00000    0.00000    0.00000    0.00000    0.00000    0.04900    1.55300    5.41000    0.14200    60.15100   13.21000
C-G        0.00000    0.00000    0.00000    0.00000    0.00000    0.00000    0.71500    -0.08700   3.08800    -11.72400  -4.90600   33.28700
T-A        0.00000    0.00000    0.00000    0.00000    0.00000    0.00000    -0.96000   -0.48500   2.89400    0.89600    -7.58500   33.58500
C-G        0.00000    0.00000    0.00000    0.00000    0.00000    0.00000    -0.12000   -0.98300   3.10600    -2.86200   -6.42300   31.82500
A-T        0.00000    0.00000    0.00000    0.00000    0.00000    0.00000    0.32200    -0.59300   3.18200    1.65600    -0.34900   39.43600
C-G        0.00000    0.00000    0.00000    0.00000    0.00000    0.00000    0.92900    -1.59300   3.28000    2.06100    -8.65300   31.94300
A-T        0.00000    0.00000    0.00000    0.00000    0.00000    0.00000    0.27000    -1.09600   3.26800    -0.64500   -9.98900   39.97000
A-T        0.00000    0.00000    0.00000    0.00000    0.00000    0.00000    0.01514    -0.30664   3.23391    -0.58463   -0.84281   34.26916
T-A        0.00000    0.00000    0.00000    0.00000    0.00000    0.00000    0.00571    -0.68983   3.21652    -0.49945   0.24900    29.91911
T-A        0.00000    0.00000    0.00000    0.00000    0.00000    0.00000    -0.02699   -0.28790   3.22597    -0.68128   0.97894    33.72129
T-A        0.00000    0.00000    0.00000    0.00000    0.00000    0.00000    -0.02242   -0.28210   3.22269    -0.46083   1.68299    33.48306
A-T        0.00000    0.00000    0.00000    0.00000    0.00000    0.00000    0.00578    -0.29840   3.31474    -0.02739   8.15762    32.45755
T-A        0.00000    0.00000    0.00000    0.00000    0.00000    0.00000    -0.00049   -0.68846   3.20402    0.23750    1.35203    29.56141
T-A        0.00000    0.00000    0.00000    0.00000    0.00000    0.00000    -0.01640   -0.29092   3.22525    0.52924    1.07892    33.63997
C-G        0.00000    0.00000    0.00000    0.00000    0.00000    0.00000    0.08313    -0.13302   3.26065    0.99349    2.26514    35.15385
G-C        0.00000    0.00000    0.00000    0.00000    0.00000    0.00000    0.08386    0.36741    3.31003    1.40865    5.85855    33.38455
C-G        0.00000    0.00000    0.00000    0.00000    0.00000    0.00000    0.02968    -0.42056   3.28528    0.48949    1.93054    32.82349
A-T        0.00000    0.00000    0.00000    0.00000    0.00000    0.00000    -0.05351   0.22952    3.30470    0.07220    4.21835    34.65929
A-T        0.00000    0.00000    0.00000    0.00000    0.00000    0.00000    0.02312    -0.31190   3.23741    -0.41129   -1.41560   34.58377
A-T        0.00000    0.00000    0.00000    0.00000    0.00000    0.00000    0.01816    -0.30492   3.23407    -0.69086   -0.68633   34.35623
G-C        0.00000    0.00000    0.00000    0.00000    0.00000    0.00000    -0.03214   -0.36573   3.28274    -1.51571   4.00101    31.07953
G-C        0.00000    0.00000    0.00000    0.00000    0.00000    0.00000    -0.07488   -0.40391   3.34836    -0.98716   6.00111    31.85591
C-G        0.00000    0.00000    0.00000    0.00000    0.00000    0.00000    -0.03053   -0.49608   3.25446    -0.39517   3.96791    32.02032
C-G        0.00000    0.00000    0.00000    0.00000    0.00000    0.00000    -0.00306   -0.42585   3.34531    0.12781    6.59637    31.58766
G-C        0.00000    0.00000    0.00000    0.00000    0.00000    0.00000    0.07408    0.25957    3.31914    1.29243    8.32922    32.53369
G-C        0.00000    0.00000    0.00000    0.00000    0.00000    0.00000    0.09344    -0.38388   3.34939    1.41824    5.53048    32.06353
C-G        0.00000    0.00000    0.00000    0.00000    0.00000    0.00000    0.07664    -0.43642   3.27919    1.16322    2.43955    32.74852
C-G        0.00000    0.00000    0.00000    0.00000    0.00000    0.00000    0.11076    -0.30003   3.35532    1.13365    3.76097    32.89471
C-G        0.00000    0.00000    0.00000    0.00000    0.00000    0.00000    0.06858    -0.29582   3.35870    0.45450    3.31737    33.05603
G-C        0.00000    0.00000    0.00000    0.00000    0.00000    0.00000    -0.03261   0.42907    3.31104    -0.68914   4.29692    34.20788
A-T        0.00000    0.00000    0.00000    0.00000    0.00000    0.00000    -0.09285   -0.12907   3.27454    -1.10323   1.02063    35.87088
C-G        0.00000    0.00000    0.00000    0.00000    0.00000    0.00000    -0.00842   -0.64108   3.24582    -0.82632   1.68228    31.14672
A-T        0.00000    0.00000    0.00000    0.00000    0.00000    0.00000    -0.14033   0.03802    3.32861    -1.22882   7.18368    33.50059
C-G        0.00000    0.00000    0.00000    0.00000    0.00000    0.00000    -0.02939   -0.65095   3.21501    -0.36173   3.21439    30.55139
G-C        0.00000    0.00000    0.00000    0.00000    0.00000    0.00000    -0.02145   0.21066    3.32339    -0.10319   9.51236    32.14760
A-T        0.00000    0.00000    0.00000    0.00000    0.00000    0.00000    0.01701    -0.13321   3.25257    0.66319    3.86732    34.75906
C-G        0.00000    0.00000    0.00000    0.00000    0.00000    0.00000    0.00675    -0.64613   3.22869    1.21564    2.61408    30.77029
T-A        0.00000    0.00000    0.00000    0.00000    0.00000    0.00000    0.05270    -0.34461   3.28319    2.01807    3.60800    31.31335
T-A        0.00000    0.00000    0.00000    0.00000    0.00000    0.00000    -0.00139   -0.30983   3.23821    0.92506    -1.65366   34.75477
A-T        0.00000    0.00000    0.00000    0.00000    0.00000    0.00000    0.03329    0.46002    3.33682    0.42848    -2.62748   38.96479
C-G        0.00000    0.00000    0.00000    0.00000    0.00000    0.00000    0.02580    -0.63271   3.27442    -0.22472   0.15737    31.51327
T-A        0.00000    0.00000    0.00000    0.00000    0.00000    0.00000    0.03894    -0.34879   3.29831    -1.03555   2.30049    31.53560
G-C        0.00000    0.00000    0.00000    0.00000    0.00000    0.00000    -0.01932   0.06527    3.31932    -1.95244   5.89825    33.59257
T-A        0.00000    0.00000    0.00000    0.00000    0.00000    0.00000    -0.02917   -0.66060   3.22663    -1.35335   2.71492    30.53938
A-T        0.00000    0.00000    0.00000    0.00000    0.00000    0.00000    -0.04900   -0.42380   3.30635    -0.93677   9.96481    31.20464
G-C        0.00000    0.00000    0.00000    0.00000    0.00000    0.00000    -0.04051   -0.38041   3.26260    -0.45176   6.18617    30.03753
G-C        0.00000    0.00000    0.00000    0.00000    0.00000    0.00000    0.08287    -0.43719   3.33620    1.16998    7.23886    31.16356
T-A        0.00000    0.00000    0.00000    0.00000    0.00000    0.00000    0.01657    -0.63322   3.21543    0.95921    2.84169    30.46669
C-G        0.00000    0.00000    0.00000    0.00000    0.00000    0.00000    0.15434    -0.12143   3.25587    1.87715    2.06311    35.14375
A-T        0.00000    0.00000    0.00000    0.00000    0.00000    0.00000    0.03402    0.21315    3.30154    1.70112    4.07713    34.45919
T-A        0.00000    0.00000    0.00000    0.00000    0.00000    0.00000    0.01114    -0.70188   3.24016    0.32274    -1.74965   30.59742
G-C        0.00000    0.00000    0.00000    0.00000    0.00000    0.00000    0.04512    0.26853    3.29268    -0.47334   2.75988    35.11466
T-A        0.00000    0.00000    0.00000    0.00000    0.00000    0.00000    -0.02591   -0.64694   3.27101    -1.20738   0.40032    31.30473
T-A        0.00000    0.00000    0.00000    0.00000    0.00000    0.00000    -0.05236   -0.31361   3.23178    -1.39903   -0.48776   34.19776
A-T        0.00000    0.00000    0.00000    0.00000    0.00000    0.00000    -0.07682   -0.23779   3.31314    -1.87057   7.17715    32.93513
T-A        0.00000    0.00000    0.00000    0.00000    0.00000    0.00000    -0.01097   -0.68202   3.19052    -0.63428   2.26743    29.17622
A-T        0.00000    0.00000    0.00000    0.00000    0.00000    0.00000    -0.02469   -0.57127   3.29833    -0.25591   12.57539   29.71523
A-T        0.00000    0.00000    0.00000    0.00000    0.00000    0.00000    0.02861    -0.25638   3.21065    0.76581    3.61104    32.72273
C-G        0.00000    0.00000    0.00000    0.00000    0.00000    0.00000    0.01951    -0.65133   3.21253    1.53159    3.23891    30.30678
G-C        0.00000    0.00000    0.00000    0.00000    0.00000    0.00000    0.25840    0.33362    3.30620    3.76941    6.81673    32.96439
G-C        0.00000    0.00000    0.00000    0.00000    0.00000    0.00000    0.18325    -0.33793   3.35572    2.34878    3.57367    32.70635
A-T        0.00000    0.00000    0.00000    0.00000    0.00000    0.00000    0.03130    -0.13283   3.29168    0.79661    -0.64544   36.50860
T-A        0.00000    0.00000    0.00000    0.00000    0.00000    0.00000    0.00371    -0.70645   3.24795    -0.21474   -2.31325   30.89452
A-T        0.00000    0.00000    0.00000    0.00000    0.00000    0.00000    -0.06046   0.45374    3.33940    -1.64189   -2.92795   39.24807
T-A        0.00000    0.00000    0.00000    0.00000    0.00000    0.00000    -0.00982   -0.69253   3.22259    -1.17953   -0.17380   30.30384
C-G        0.00000    0.00000    0.00000    0.00000    0.00000    0.00000    -0.13475   -0.13403   3.26347    -2.10968   3.40794    35.23101
T-A        0.00000    0.00000    0.00000    0.00000    0.00000    0.00000    -0.00759   -0.36488   3.26947    -1.03280   6.46297    30.50351
C-G        0.00000    0.00000    0.00000    0.00000    0.00000    0.00000    0.01181    -0.12519   3.23714    0.00890    5.42528    34.28816
G-C        0.00000    0.00000    0.00000    0.00000    0.00000    0.00000    0.15775    0.19282    3.32721    2.26909    10.52776   32.01314
A-T        0.00000    0.00000    0.00000    0.00000    0.00000    0.00000    0.13595    -0.13120   3.26367    2.12908    3.43228    35.26317
G-C        0.00000    0.00000    0.00000    0.00000    0.00000    0.00000    0.00550    -0.34071   3.29836    2.21028    3.07996    31.68690
C-G        0.00000    0.00000    0.00000    0.00000    0.00000    0.00000    0.13743    -0.40086   3.30623    1.83100    1.07099    33.51044
T-A        0.00000    0.00000    0.00000    0.00000    0.00000    0.00000    0.05595    -0.33041   3.31301    0.98923    0.50363    32.63276
C-G        0.00000    0.00000    0.00000    0.00000    0.00000    0.00000    -0.02310   -0.12868   3.30035    -0.70748   -1.02078   37.01111
G-C        0.00000    0.00000    0.00000    0.00000    0.00000    0.00000    -0.24153   0.43877    3.31230    -3.42116   3.97480    34.54633
G-C        0.00000    0.00000    0.00000    0.00000    0.00000    0.00000    -0.26278   -0.31973   3.34909    -3.00124   4.84691    32.65395
G-C        0.00000    0.00000    0.00000    0.00000    0.00000    0.00000    -0.20041   -0.37263   3.33906    -2.45315   6.60041    31.87766
A-T        0.00000    0.00000    0.00000    0.00000    0.00000    0.00000    -0.08607   -0.12447   3.23567    -1.06547   4.98241    34.27202
T-A        0.00000    0.00000    0.00000    0.00000    0.00000    0.00000    0.00651    -0.67335   3.18267    0.10406    2.96590    29.12233
C-G        0.00000    0.00000    0.00000    0.00000    0.00000    0.00000    0.12225    -0.12974   3.23758    1.42617    4.65227    34.36472
C-G        0.00000    0.00000    0.00000    0.00000    0.00000    0.00000    0.22523    -0.37596   3.34446    2.63461    6.07022    32.04686
G-C        0.00000    0.00000    0.00000    0.00000    0.00000    0.00000    0.26373    0.35578    3.31574    3.83522    5.72396    33.77704
C-G        0.00000    0.00000    0.00000    0.00000    0.00000    0.00000    0.11014    -0.40281   3.30644    1.56157    1.07145    33.48831
T-A        0.00000    0.00000    0.00000    0.00000    0.00000    0.00000    0.04225    -0.33179   3.31170    0.76770    0.70010    32.53910
T-A        0.00000    0.00000    0.00000    0.00000    0.00000    0.00000    -0.04657   -0.33071   3.24925    -0.53468   -3.58823   35.75881
T-A        0.00000    0.00000    0.00000    0.00000    0.00000    0.00000    -0.05969   -0.30393   3.24255    -1.30041   -2.02201   35.36804
A-T        0.00000    0.00000    0.00000    0.00000    0.00000    0.00000    -0.08621   0.14317    3.33420    -2.14496   3.15998    36.55213
A-T        0.00000    0.00000    0.00000    0.00000    0.00000    0.00000    -0.00461   -0.24428   3.22186    -1.13572   2.22476    33.97085
C-G        0.00000    0.00000    0.00000    0.00000    0.00000    0.00000    -0.01683   -0.64201   3.20288    -0.33641   4.01694    30.80779
A-T        0.00000    0.00000    0.00000    0.00000    0.00000    0.00000    -0.03732   -0.05487   3.35227    0.66757    9.61522    32.85135
C-G        0.00000    0.00000    0.00000    0.00000    0.00000    0.00000    0.02614    -0.65820   3.21856    1.26869    3.51950    30.98502
T-A        0.00000    0.00000    0.00000    0.00000    0.00000    0.00000    0.06170    -0.36123   3.28751    2.47760    4.53417    31.63808
T-A        0.00000    0.00000    0.00000    0.00000    0.00000    0.00000    0.00657    -0.29974   3.23867    1.37368    -1.11175   35.05404
T-A        0.00000    0.00000    0.00000    0.00000    0.00000    0.00000    -0.01232   -0.32157   3.24598    0.93206    -2.73054   35.51154
A-T        0.00000    0.00000    0.00000    0.00000    0.00000    0.00000    -0.01968   0.61078    3.35121    0.04077    -4.67858   40.84541
T-A        0.00000    0.00000    0.00000    0.00000    0.00000    0.00000    -0.01325   -0.69578   3.24195    -0.51478   -1.59939   30.96467
G-C        0.00000    0.00000    0.00000    0.00000    0.00000    0.00000    -0.04416   0.22556    3.31578    -1.86233   4.49237    34.97513
C-G        0.00000    0.00000    0.00000    0.00000    0.00000    0.00000    -0.12362   -0.45238   3.27443    -1.74700   3.02706    32.79685
T-A        0.00000    0.00000    0.00000    0.00000    0.00000    0.00000    0.02288    -0.34572   3.28313    -1.00965   5.17068    31.09457
T-A        0.00000    0.00000    0.00000    0.00000    0.00000    0.00000    -0.01629   -0.24900   3.21878    -0.46968   2.87711    33.52942
C-G        0.00000    0.00000    0.00000    0.00000    0.00000    0.00000    0.06242    -0.13010   3.25043    0.50980    4.25035    34.85113
C-G        0.00000    0.00000    0.00000    0.00000    0.00000    0.00000    0.12617    -0.39892   3.35026    1.45731    6.47551    32.12523
G-C        0.00000    0.00000    0.00000    0.00000    0.00000    0.00000    0.18321    0.29662    3.32995    2.71110    7.16432    33.49504
G-C        0.00000    0.00000    0.00000    0.00000    0.00000    0.00000    0.11982    -0.35593   3.36503    1.74996    4.25330    33.04028
C-G        0.00000    0.00000    0.00000    0.00000    0.00000    0.00000    0.04915    -0.41127   3.30675    0.87741    1.40166    33.60088
T-A        0.00000    0.00000    0.00000    0.00000    0.00000    0.00000    0.02731    -0.32404   3.31174    0.45876    1.56821    32.58573
C-G        0.00000    0.00000    0.00000    0.00000    0.00000    0.00000    -0.02525   -0.11186   3.29398    -0.63410   0.22014    36.78672
G-C        0.00000    0.00000    0.00000    0.00000    0.00000    0.00000    -0.14969   0.41835    3.32592    -2.20978   5.16807    34.42279
T-A        0.00000    0.00000    0.00000    0.00000    0.00000    0.00000    -0.00998   -0.64284   3.25015    -1.23314   1.88205    31.50905
A-T        0.00000    0.00000    0.00000    0.00000    0.00000    0.00000    -0.02271   -0.06908   3.33002    -1.08435   6.04031    34.77660
T-A        0.00000    0.00000    0.00000    0.00000    0.00000    0.00000    0.00844    -0.67998   3.20324    -0.28079   1.63572    29.88721
A-T        0.00000    0.00000    0.00000    0.00000    0.00000    0.00000    0.01610    -0.26212   3.32580    0.13893    8.44793    33.26973
A-T        0.00000    0.00000    0.00000    0.00000    0.00000    0.00000    0.03173    -0.26448   3.22542    0.63620    1.84385    34.01068
T-A        0.00000    0.00000    0.00000    0.00000    0.00000    0.00000    -0.00226   -0.68689   3.21404    0.59215    0.78198    30.15737
G-C        0.00000    0.00000    0.00000    0.00000    0.00000    0.00000    0.11495    0.17093    3.32324    1.28713    5.48183    34.80920
T-A        0.00000    0.00000    0.00000    0.00000    0.00000    0.00000    -0.00520   -0.63147   3.26660    0.53516    0.87396    31.79857
G-C        0.00000    0.00000    0.00000    0.00000    0.00000    0.00000    0.06512    0.29258    3.31010    0.45937    3.59308    35.67988
T-A        0.00000    0.00000    0.00000    0.00000    0.00000    0.00000    -0.01342   -0.63032   3.27737    -0.35581   0.40394    31.97612
C-G        0.00000    0.00000    0.00000    0.00000    0.00000    0.00000    -0.02174   -0.11569   3.28816    -0.73049   0.79086    36.48336
G-C        0.00000    0.00000    0.00000    0.00000    0.00000    0.00000    -0.12392   0.37174    3.32734    -2.00225   5.96174    34.02791
A-T        0.00000    0.00000    0.00000    0.00000    0.00000    0.00000    -0.09271   -0.12149   3.26624    -1.16722   2.56749    35.62403
C-G        0.00000    0.00000    0.00000    0.00000    0.00000    0.00000    -0.01153   -0.64761   3.22873    -0.37139   2.82037    31.10234
C-G        0.00000    0.00000    0.00000    0.00000    0.00000    0.00000    -0.03253   -0.41476   3.35234    -0.34436   6.64622    32.11065
A-T        0.00000    0.00000    0.00000    0.00000    0.00000    0.00000    -0.05721   0.00079    3.34350    0.63107    8.02816    33.42324
A-T        0.00000    0.00000    0.00000    0.00000    0.00000    0.00000    0.02652    -0.26726   3.22768    0.74993    1.34407    34.18003
A-T        0.00000    0.00000    0.00000    0.00000    0.00000    0.00000    0.03142    -0.27860   3.23271    0.89018    0.24803    34.52883
T-A        0.00000    0.00000    0.00000    0.00000    0.00000    0.00000    -0.00289   -0.68897   3.22730    0.55913    -0.39276   30.51274
G-C        0.00000    0.00000    0.00000    0.00000    0.00000    0.00000    -0.26900   -1.09600   3.26800    0.63500    -9.99700   39.98800
T-A        0.00000    0.00000    0.00000    0.00000    0.00000    0.00000    -0.93000   -1.59400   3.28000    -2.04100   -8.63700   31.91900
G-C        0.00000    0.00000    0.00000    0.00000    0.00000    0.00000    -0.32200   -0.59300   3.18200    -1.64500   -0.35500   39.45000
A-T        0.00000    0.00000    0.00000    0.00000    0.00000    0.00000    0.12000    -0.98200   3.10400    2.85700    -6.37700   31.80500
G-C        0.00000    0.00000    0.00000    0.00000    0.00000    0.00000    0.96000    -0.48300   2.89600    -0.90300   -7.58100   33.59100
C-G        0.00000    0.00000    0.00000    0.00000    0.00000    0.00000    -0.71600   -0.08600   3.08700    11.70400   -4.92300   33.30600
G-C        0.00000    0.00000    0.00000    0.00000    0.00000    0.00000    -0.04900   1.55200    5.41000    -0.16600   60.13700   13.22600
C-G        0.00000    0.00000    0.00000    0.00000    0.00000    0.00000    0.67600    -0.12300   3.12600    -12.51300  -5.64000   33.19800
T-A        0.00000    0.00000    0.00000    0.00000    0.00000    0.00000    -0.92900   -0.52700   2.87900    1.16900    -8.55000   33.49600
C-G        0.00000    0.00000    0.00000    0.00000    0.00000    0.00000    -0.13500   -1.01800   3.05000    -2.62500   -6.07500   32.09900
A-T        0.00000    0.00000    0.00000    0.00000    0.00000    0.00000    0.37700    -0.59700   3.22500    2.13300    -0.62500   39.44400
C-G        0.00000    0.00000    0.00000    0.00000    0.00000    0.00000    0.90500    -1.56600   3.20700    2.32100    -8.20800   32.14100
A-T        0.00000    0.00000    0.00000    0.00000    0.00000    0.00000    0.52900    -0.91300   3.45700    1.68800    -11.71500  37.50000
