147 # base pairs
  0 # ***local base-pair & step parameters***
#          Shear      Stretch    Stagger    Buckle     Prop-Tw    Opening    Shift      Slide      Rise       Tilt       Roll       Twist
T-A        0.00000    0.00000    0.00000    0.00000    0.00000    0.00000    0.00000    0.00000    0.00000    0.00000    0.00000    0.00000
G-C        0.00000    0.00000    0.00000    0.00000    0.00000    0.00000    -0.52900   -0.91400   3.45700    -1.68900   -11.71200  37.48600
T-A        0.00000    0.00000    0.00000    0.00000    0.00000    0.00000    -0.90500   -1.56600   3.20600    -2.28600   -8.20700   32.14700
G-C        0.00000    0.00000    0.00000    0.00000    0.00000    0.00000    -0.37800   -0.59600   3.22500    -2.16700   -0.60300   39.43900
A-T        0.00000    0.00000    0.00000    0.00000    0.00000    0.00000    0.13400    -1.01800   3.05000    2.61000    -6.09300   32.09300
G-C        0.00000    0.00000    0.00000    0.00000    0.00000    0.00000    0.92900    -0.52800   2.87800    -1.17000   -8.57000   33.49400
C-G        0.00000    0.00000    0.00000    0.00000    0.00000    0.00000    -0.67600   -0.12200   3.12700    12.55900   -5.64700   33.21100
G-C        0.00000    0.00000    0.00000    0.00000    0.00000    0.00000    0.04900    1.55300    5.41000    0.14200    60.15100   13.21000
C-G        0.00000    0.00000    0.00000    0.00000    0.00000    0.00000    0.71500    -0.08700   3.08800    -11.72400  -4.90600   33.28700
T-A        0.00000    0.00000    0.00000    0.00000    0.00000    0.00000    -0.96000   -0.48500   2.89400    0.89600    -7.58500   33.58500
C-G        0.00000    0.00000    0.00000    0.00000    0.00000    0.00000    -0.12000   -0.98300   3.10600    -2.86200   -6.42300   31.82500
A-T        0.00000    0.00000    0.00000    0.00000    0.00000    0.00000    0.32200    -0.59300   3.18200    1.65600    -0.34900   39.43600
C-G        0.00000    0.00000    0.00000    0.00000    0.00000    0.00000    0.92900    -1.59300   3.28000    2.06100    -8.65300   31.94300
A-T        0.00000    0.00000    0.00000    0.00000    0.00000    0.00000    0.27000    -1.09600   3.26800    -0.64500   -9.98900   39.97000
A-T        0.00000    0.00000    0.00000    0.00000    0.00000    0.00000    0.01553    -0.30676   3.23434    -0.58188   -0.92355   34.32960
T-A        0.00000    0.00000    0.00000    0.00000    0.00000    0.00000    0.00579    -0.68992   3.21721    -0.50792   0.19938    29.95996
T-A        0.00000    0.00000    0.00000    0.00000    0.00000    0.00000    -0.02755   -0.28766   3.22626    -0.70522   0.92966    33.77346
T-A        0.00000    0.00000    0.00000    0.00000    0.00000    0.00000    -0.02324   -0.28117   3.22279    -0.49098   1.67588    33.52298
A-T        0.00000    0.00000    0.00000    0.00000    0.00000    0.00000    0.00386    -0.29805   3.31510    -0.06305   8.20121    32.49100
T-A        0.00000    0.00000    0.00000    0.00000    0.00000    0.00000    -0.00077   -0.68784   3.20355    0.22792    1.39400    29.57209
T-A        0.00000    0.00000    0.00000    0.00000    0.00000    0.00000    -0.01626   -0.28876   3.22494    0.53113    1.14905    33.65276
C-G        0.00000    0.00000    0.00000    0.00000    0.00000    0.00000    0.08496    -0.13190   3.26050    1.02332    2.30218    35.17369
G-C        0.00000    0.00000    0.00000    0.00000    0.00000    0.00000    0.08961    0.36842    3.31059    1.48892    5.86122    33.42388
C-G        0.00000    0.00000    0.00000    0.00000    0.00000    0.00000    0.03334    -0.41961   3.28617    0.53356    1.90521    32.86634
A-T        0.00000    0.00000    0.00000    0.00000    0.00000    0.00000    -0.05115   0.23572    3.30449    0.09250    4.12892    34.74364
A-T        0.00000    0.00000    0.00000    0.00000    0.00000    0.00000    0.02312    -0.31203   3.23792    -0.41609   -1.50704   34.65424
A-T        0.00000    0.00000    0.00000    0.00000    0.00000    0.00000    0.01747    -0.30478   3.23450    -0.71283   -0.76115   34.42255
G-C        0.00000    0.00000    0.00000    0.00000    0.00000    0.00000    -0.03315   -0.36474   3.28333    -1.56261   3.97736    31.13773
G-C        0.00000    0.00000    0.00000    0.00000    0.00000    0.00000    -0.08008   -0.40165   3.34842    -1.04757   6.00755    31.89914
C-G        0.00000    0.00000    0.00000    0.00000    0.00000    0.00000    -0.03316   -0.49678   3.25441    -0.42882   3.99968    32.04202
C-G        0.00000    0.00000    0.00000    0.00000    0.00000    0.00000    -0.00452   -0.42536   3.34510    0.11506    6.65332    31.60842
G-C        0.00000    0.00000    0.00000    0.00000    0.00000    0.00000    0.07648    0.25772    3.31996    1.32094    8.40148    32.54997
G-C        0.00000    0.00000    0.00000    0.00000    0.00000    0.00000    0.09847    -0.38380   3.34944    1.46468    5.56514    32.09235
C-G        0.00000    0.00000    0.00000    0.00000    0.00000    0.00000    0.08030    -0.43659   3.27976    1.20792    2.44098    32.78378
C-G        0.00000    0.00000    0.00000    0.00000    0.00000    0.00000    0.11478    -0.29793   3.35577    1.18288    3.72805    32.95229
C-G        0.00000    0.00000    0.00000    0.00000    0.00000    0.00000    0.07022    -0.29323   3.35926    0.47922    3.26361    33.12206
G-C        0.00000    0.00000    0.00000    0.00000    0.00000    0.00000    -0.03420   0.43258    3.31160    -0.70263   4.21452    34.28623
A-T        0.00000    0.00000    0.00000    0.00000    0.00000    0.00000    -0.09511   -0.12798   3.27523    -1.12846   0.97797    35.93039
C-G        0.00000    0.00000    0.00000    0.00000    0.00000    0.00000    -0.01013   -0.64046   3.24622    -0.85155   1.67223    31.19403
A-T        0.00000    0.00000    0.00000    0.00000    0.00000    0.00000    -0.14186   0.04217    3.32892    -1.26595   7.18360    33.55849
C-G        0.00000    0.00000    0.00000    0.00000    0.00000    0.00000    -0.02977   -0.65046   3.21470    -0.37381   3.24066    30.58490
G-C        0.00000    0.00000    0.00000    0.00000    0.00000    0.00000    -0.02029   0.21040    3.32424    -0.09997   9.55369    32.18042
A-T        0.00000    0.00000    0.00000    0.00000    0.00000    0.00000    0.01939    -0.13248   3.25288    0.68234    3.89035    34.79423
C-G        0.00000    0.00000    0.00000    0.00000    0.00000    0.00000    0.00755    -0.64658   3.22897    1.23346    2.62231    30.80861
T-A        0.00000    0.00000    0.00000    0.00000    0.00000    0.00000    0.05289    -0.34450   3.28383    2.04218    3.59918    31.36593
T-A        0.00000    0.00000    0.00000    0.00000    0.00000    0.00000    -0.00146   -0.30948   3.23847    0.93562    -1.68866   34.80741
A-T        0.00000    0.00000    0.00000    0.00000    0.00000    0.00000    0.03158    0.47056    3.33774    0.43012    -2.75248   39.10276
C-G        0.00000    0.00000    0.00000    0.00000    0.00000    0.00000    0.02344    -0.63228   3.27503    -0.23072   0.13907    31.55939
T-A        0.00000    0.00000    0.00000    0.00000    0.00000    0.00000    0.03736    -0.34685   3.29881    -1.04541   2.28650    31.59076
G-C        0.00000    0.00000    0.00000    0.00000    0.00000    0.00000    -0.02038   0.07171    3.31943    -1.95598   5.87453    33.65681
T-A        0.00000    0.00000    0.00000    0.00000    0.00000    0.00000    -0.02772   -0.65973   3.22683    -1.35439   2.71514    30.58083
A-T        0.00000    0.00000    0.00000    0.00000    0.00000    0.00000    -0.04684   -0.41395   3.30706    -0.93448   9.90144    31.31535
G-C        0.00000    0.00000    0.00000    0.00000    0.00000    0.00000    -0.03789   -0.37965   3.26320    -0.45261   6.17947    30.09034
G-C        0.00000    0.00000    0.00000    0.00000    0.00000    0.00000    0.08508    -0.43687   3.33679    1.16840    7.22771    31.21021
T-A        0.00000    0.00000    0.00000    0.00000    0.00000    0.00000    0.01780    -0.63413   3.21609    0.95067    2.83623    30.50746
A-T        0.00000    0.00000    0.00000    0.00000    0.00000    0.00000    0.06354    0.07056    3.31996    1.76040    3.30727    35.32942
T-A        0.00000    0.00000    0.00000    0.00000    0.00000    0.00000    0.00773    -0.69582   3.22962    0.73775    -0.91583   30.31167
C-G        0.00000    0.00000    0.00000    0.00000    0.00000    0.00000    0.09111    -0.12951   3.27849    0.76648    -0.08164   36.01573
T-A        0.00000    0.00000    0.00000    0.00000    0.00000    0.00000    0.05589    -0.33960   3.29928    -0.12047   1.31269    31.69566
C-G        0.00000    0.00000    0.00000    0.00000    0.00000    0.00000    -0.04841   -0.14400   3.28057    -1.20080   0.47468    35.88043
G-C        0.00000    0.00000    0.00000    0.00000    0.00000    0.00000    -0.21473   0.32435    3.30435    -3.20542   6.29954    33.02474
A-T        0.00000    0.00000    0.00000    0.00000    0.00000    0.00000    -0.14853   -0.14132   3.24355    -1.78408   3.34159    34.49075
G-C        0.00000    0.00000    0.00000    0.00000    0.00000    0.00000    -0.04545   -0.38612   3.25953    -1.50723   6.08745    29.99927
C-G        0.00000    0.00000    0.00000    0.00000    0.00000    0.00000    -0.01503   -0.52167   3.22984    -0.07924   5.00125    31.37736
T-A        0.00000    0.00000    0.00000    0.00000    0.00000    0.00000    0.02551    -0.38043   3.25763    1.43229    6.20536    29.98131
C-G        0.00000    0.00000    0.00000    0.00000    0.00000    0.00000    0.14286    -0.12960   3.24125    1.79727    3.50981    34.45337
G-C        0.00000    0.00000    0.00000    0.00000    0.00000    0.00000    0.23655    0.34584    3.30270    3.46877    6.38568    33.02095
G-C        0.00000    0.00000    0.00000    0.00000    0.00000    0.00000    0.14938    -0.33568   3.35515    1.98772    3.43179    32.65903
G-C        0.00000    0.00000    0.00000    0.00000    0.00000    0.00000    0.04746    -0.30278   3.36063    0.78048    2.45082    33.11039
A-T        0.00000    0.00000    0.00000    0.00000    0.00000    0.00000    -0.07279   -0.13266   3.28572    -0.65501   -0.59832   36.35249
T-A        0.00000    0.00000    0.00000    0.00000    0.00000    0.00000    -0.00262   -0.70130   3.23602    -0.82868   -1.34861   30.55265
C-G        0.00000    0.00000    0.00000    0.00000    0.00000    0.00000    -0.12216   -0.14114   3.27500    -2.06711   1.77160    35.65028
T-A        0.00000    0.00000    0.00000    0.00000    0.00000    0.00000    -0.00715   -0.36234   3.27826    -1.77477   5.03352    30.70858
C-G        0.00000    0.00000    0.00000    0.00000    0.00000    0.00000    -0.06472   -0.13647   3.24382    -1.09475   4.77550    34.37703
A-T        0.00000    0.00000    0.00000    0.00000    0.00000    0.00000    -0.08203   -0.11383   3.34438    0.34368    10.23220   31.87110
T-A        0.00000    0.00000    0.00000    0.00000    0.00000    0.00000    0.00360    -0.67632   3.18755    0.61397    2.53074    29.21708
G-C        0.00000    0.00000    0.00000    0.00000    0.00000    0.00000    0.18838    0.04638    3.32606    2.07425    7.77349    33.29879
T-A        0.00000    0.00000    0.00000    0.00000    0.00000    0.00000    0.03907    -0.62930   3.24335    1.49700    1.55337    31.18567
T-A        0.00000    0.00000    0.00000    0.00000    0.00000    0.00000    0.00325    -0.32856   3.24108    1.29198    -2.49791   35.00349
A-T        0.00000    0.00000    0.00000    0.00000    0.00000    0.00000    0.01493    0.58557    3.34050    0.45728    -4.99417   40.23012
T-A        0.00000    0.00000    0.00000    0.00000    0.00000    0.00000    -0.00592   -0.70422   3.24390    -0.45436   -2.02977   30.75453
A-T        0.00000    0.00000    0.00000    0.00000    0.00000    0.00000    -0.07704   0.34977    3.33295    -1.86859   -1.07313   38.09989
A-T        0.00000    0.00000    0.00000    0.00000    0.00000    0.00000    -0.01459   -0.28608   3.22801    -1.57206   0.30022    34.15566
C-G        0.00000    0.00000    0.00000    0.00000    0.00000    0.00000    -0.03894   -0.63508   3.20895    -1.14119   3.33172    30.64503
G-C        0.00000    0.00000    0.00000    0.00000    0.00000    0.00000    -0.09107   0.18834    3.32460    -1.41796   10.60467   31.85535
G-C        0.00000    0.00000    0.00000    0.00000    0.00000    0.00000    0.08254    -0.44749   3.33532    0.71071    8.04557    31.22002
A-T        0.00000    0.00000    0.00000    0.00000    0.00000    0.00000    0.09105    -0.13778   3.25188    1.43834    4.28143    34.70864
C-G        0.00000    0.00000    0.00000    0.00000    0.00000    0.00000    0.03976    -0.65851   3.23492    1.76470    2.44763    30.88793
G-C        0.00000    0.00000    0.00000    0.00000    0.00000    0.00000    0.23809    0.36593    3.31379    3.50152    5.38134    33.84253
C-G        0.00000    0.00000    0.00000    0.00000    0.00000    0.00000    0.08709    -0.40113   3.30624    1.28916    1.02281    33.45343
T-A        0.00000    0.00000    0.00000    0.00000    0.00000    0.00000    0.03608    -0.33215   3.31000    0.50795    0.83722    32.41738
T-A        0.00000    0.00000    0.00000    0.00000    0.00000    0.00000    -0.04879   -0.32605   3.24706    -0.64594   -3.18324   35.56719
T-A        0.00000    0.00000    0.00000    0.00000    0.00000    0.00000    -0.05811   -0.29892   3.24006    -1.30503   -1.56056   35.15197
A-T        0.00000    0.00000    0.00000    0.00000    0.00000    0.00000    -0.07658   0.08088    3.33067    -1.99357   4.02744    35.91035
A-T        0.00000    0.00000    0.00000    0.00000    0.00000    0.00000    0.00095    -0.24641   3.22080    -0.97754   2.35543    33.82379
C-G        0.00000    0.00000    0.00000    0.00000    0.00000    0.00000    -0.00977   -0.64421   3.20364    -0.18375   3.95321    30.72589
A-T        0.00000    0.00000    0.00000    0.00000    0.00000    0.00000    -0.02981   -0.05415   3.34965    0.81559    9.37297    32.82411
C-G        0.00000    0.00000    0.00000    0.00000    0.00000    0.00000    0.02655    -0.65876   3.22224    1.28277    3.29665    30.97006
T-A        0.00000    0.00000    0.00000    0.00000    0.00000    0.00000    0.05849    -0.36222   3.28800    2.37512    4.28795    31.60489
T-A        0.00000    0.00000    0.00000    0.00000    0.00000    0.00000    0.00136    -0.30406   3.23901    1.25185    -1.26768   35.01944
T-A        0.00000    0.00000    0.00000    0.00000    0.00000    0.00000    -0.01684   -0.32206   3.24537    0.78424    -2.67102   35.42098
A-T        0.00000    0.00000    0.00000    0.00000    0.00000    0.00000    -0.02430   0.57209    3.34854    -0.10220   -4.06658   40.40282
T-A        0.00000    0.00000    0.00000    0.00000    0.00000    0.00000    -0.01167   -0.69444   3.23887    -0.53325   -1.37230   30.85116
G-C        0.00000    0.00000    0.00000    0.00000    0.00000    0.00000    -0.03513   0.20556    3.31725    -1.79597   4.82733    34.76228
C-G        0.00000    0.00000    0.00000    0.00000    0.00000    0.00000    -0.10990   -0.45673   3.27184    -1.59117   3.14155    32.70389
T-A        0.00000    0.00000    0.00000    0.00000    0.00000    0.00000    0.02650    -0.34925   3.28212    -0.82826   5.18784    31.02552
T-A        0.00000    0.00000    0.00000    0.00000    0.00000    0.00000    -0.01484   -0.25372   3.21928    -0.36737   2.72893    33.52011
C-G        0.00000    0.00000    0.00000    0.00000    0.00000    0.00000    0.06579    -0.13213   3.25130    0.56754    4.06864    34.86507
C-G        0.00000    0.00000    0.00000    0.00000    0.00000    0.00000    0.12099    -0.39672   3.35077    1.41875    6.28810    32.13768
G-C        0.00000    0.00000    0.00000    0.00000    0.00000    0.00000    0.16857    0.30466    3.32786    2.53286    6.97559    33.50308
G-C        0.00000    0.00000    0.00000    0.00000    0.00000    0.00000    0.10336    -0.35221   3.36397    1.57819    4.20698    32.99949
C-G        0.00000    0.00000    0.00000    0.00000    0.00000    0.00000    0.04049    -0.41156   3.30451    0.75339    1.45073    33.52332
T-A        0.00000    0.00000    0.00000    0.00000    0.00000    0.00000    0.02831    -0.32467   3.30954    0.37602    1.70506    32.46010
C-G        0.00000    0.00000    0.00000    0.00000    0.00000    0.00000    -0.02370   -0.11319   3.29136    -0.63719   0.39408    36.64894
G-C        0.00000    0.00000    0.00000    0.00000    0.00000    0.00000    -0.14033   0.40726    3.32467    -2.10808   5.37918    34.26461
T-A        0.00000    0.00000    0.00000    0.00000    0.00000    0.00000    -0.00712   -0.64392   3.24801    -1.16629   1.94772    31.42023
A-T        0.00000    0.00000    0.00000    0.00000    0.00000    0.00000    -0.01955   -0.08789   3.32862    -0.99081   6.14689    34.58865
T-A        0.00000    0.00000    0.00000    0.00000    0.00000    0.00000    0.00746    -0.68128   3.20356    -0.24475   1.58566    29.85477
A-T        0.00000    0.00000    0.00000    0.00000    0.00000    0.00000    0.01409    -0.25632   3.32494    0.16803    8.24389    33.27490
A-T        0.00000    0.00000    0.00000    0.00000    0.00000    0.00000    0.03030    -0.26775   3.22559    0.62262    1.72203    33.98761
T-A        0.00000    0.00000    0.00000    0.00000    0.00000    0.00000    -0.00351   -0.68723   3.21428    0.56732    0.72664    30.13174
G-C        0.00000    0.00000    0.00000    0.00000    0.00000    0.00000    0.11108    0.17212    3.32177    1.20968    5.46605    34.73834
T-A        0.00000    0.00000    0.00000    0.00000    0.00000    0.00000    -0.00518   -0.63090   3.26516    0.48983    0.90026    31.72685
G-C        0.00000    0.00000    0.00000    0.00000    0.00000    0.00000    0.06617    0.28450    3.30960    0.40925    3.69975    35.54852
T-A        0.00000    0.00000    0.00000    0.00000    0.00000    0.00000    -0.01097   -0.63096   3.27517    -0.36471   0.47332    31.88878
C-G        0.00000    0.00000    0.00000    0.00000    0.00000    0.00000    -0.01915   -0.11833   3.28636    -0.71213   0.87260    36.37906
G-C        0.00000    0.00000    0.00000    0.00000    0.00000    0.00000    -0.11994   0.36377    3.32575    -1.94733   6.05374    33.91272
A-T        0.00000    0.00000    0.00000    0.00000    0.00000    0.00000    -0.09157   -0.12440   3.26504    -1.13479   2.60034    35.54051
C-G        0.00000    0.00000    0.00000    0.00000    0.00000    0.00000    -0.01279   -0.64830   3.22787    -0.34690   2.82430    31.03514
C-G        0.00000    0.00000    0.00000    0.00000    0.00000    0.00000    -0.03301   -0.41632   3.35141    -0.32190   6.63511    32.04442
A-T        0.00000    0.00000    0.00000    0.00000    0.00000    0.00000    -0.05809   0.00107    3.34196    0.65266    8.00405    33.35742
A-T        0.00000    0.00000    0.00000    0.00000    0.00000    0.00000    0.02666    -0.26888   3.22739    0.75173    1.30447    34.13184
A-T        0.00000    0.00000    0.00000    0.00000    0.00000    0.00000    0.03212    -0.28026   3.23241    0.87984    0.21029    34.47910
T-A        0.00000    0.00000    0.00000    0.00000    0.00000    0.00000    -0.00171   -0.68929   3.22702    0.54511    -0.40746   30.47254
G-C        0.00000    0.00000    0.00000    0.00000    0.00000    0.00000    -0.26900   -1.09600   3.26800    0.63500    -9.99700   39.98800
T-A        0.00000    0.00000    0.00000    0.00000    0.00000    0.00000    -0.93000   -1.59400   3.28000    -2.04100   -8.63700   31.91900
G-C        0.00000    0.00000    0.00000    0.00000    0.00000    0.00000    -0.32200   -0.59300   3.18200    -1.64500   -0.35500   39.45000
A-T        0.00000    0.00000    0.00000    0.00000    0.00000    0.00000    0.12000    -0.98200   3.10400    2.85700    -6.37700   31.80500
G-C        0.00000    0.00000    0.00000    0.00000    0.00000    0.00000    0.96000    -0.48300   2.89600    -0.90300   -7.58100   33.59100
C-G        0.00000    0.00000    0.00000    0.00000    0.00000    0.00000    -0.71600   -0.08600   3.08700    11.70400   -4.92300   33.30600
G-C        0.00000    0.00000    0.00000    0.00000    0.00000    0.00000    -0.04900   1.55200    5.41000    -0.16600   60.13700   13.22600
C-G        0.00000    0.00000    0.00000    0.00000    0.00000    0.00000    0.67600    -0.12300   3.12600    -12.51300  -5.64000   33.19800
T-A        0.00000    0.00000    0.00000    0.00000    0.00000    0.00000    -0.92900   -0.52700   2.87900    1.16900    -8.55000   33.49600
C-G        0.00000    0.00000    0.00000    0.00000    0.00000    0.00000    -0.13500   -1.01800   3.05000    -2.62500   -6.07500   32.09900
A-T        0.00000    0.00000    0.00000    0.00000    0.00000    0.00000    0.37700    -0.59700   3.22500    2.13300    -0.62500   39.44400
C-G        0.00000    0.00000    0.00000    0.00000    0.00000    0.00000    0.90500    -1.56600   3.20700    2.32100    -8.20800   32.14100
A-T        0.00000    0.00000    0.00000    0.00000    0.00000    0.00000    0.52900    -0.91300   3.45700    1.68800    -11.71500  37.50000
