147 # base pairs
  0 # ***local base-pair & step parameters***
#          Shear      Stretch    Stagger    Buckle     Prop-Tw    Opening    Shift      Slide      Rise       Tilt       Roll       Twist
T-A        0.00000    0.00000    0.00000    0.00000    0.00000    0.00000    0.00000    0.00000    0.00000    0.00000    0.00000    0.00000
G-C        0.00000    0.00000    0.00000    0.00000    0.00000    0.00000    -0.52900   -0.91400   3.45700    -1.68900   -11.71200  37.48600
T-A        0.00000    0.00000    0.00000    0.00000    0.00000    0.00000    -0.90500   -1.56600   3.20600    -2.28600   -8.20700   32.14700
G-C        0.00000    0.00000    0.00000    0.00000    0.00000    0.00000    -0.37800   -0.59600   3.22500    -2.16700   -0.60300   39.43900
A-T        0.00000    0.00000    0.00000    0.00000    0.00000    0.00000    0.13400    -1.01800   3.05000    2.61000    -6.09300   32.09300
G-C        0.00000    0.00000    0.00000    0.00000    0.00000    0.00000    0.92900    -0.52800   2.87800    -1.17000   -8.57000   33.49400
C-G        0.00000    0.00000    0.00000    0.00000    0.00000    0.00000    -0.67600   -0.12200   3.12700    12.55900   -5.64700   33.21100
G-C        0.00000    0.00000    0.00000    0.00000    0.00000    0.00000    0.04900    1.55300    5.41000    0.14200    60.15100   13.21000
C-G        0.00000    0.00000    0.00000    0.00000    0.00000    0.00000    0.71500    -0.08700   3.08800    -11.72400  -4.90600   33.28700
T-A        0.00000    0.00000    0.00000    0.00000    0.00000    0.00000    -0.96000   -0.48500   2.89400    0.89600    -7.58500   33.58500
C-G        0.00000    0.00000    0.00000    0.00000    0.00000    0.00000    -0.12000   -0.98300   3.10600    -2.86200   -6.42300   31.82500
A-T        0.00000    0.00000    0.00000    0.00000    0.00000    0.00000    0.32200    -0.59300   3.18200    1.65600    -0.34900   39.43600
C-G        0.00000    0.00000    0.00000    0.00000    0.00000    0.00000    0.92900    -1.59300   3.28000    2.06100    -8.65300   31.94300
A-T        0.00000    0.00000    0.00000    0.00000    0.00000    0.00000    0.27000    -1.09600   3.26800    -0.64500   -9.98900   39.97000
A-T        0.00000    0.00000    0.00000    0.00000    0.00000    0.00000    0.00832    -0.29283   3.23573    -0.80165   -0.71114   34.60393
T-A        0.00000    0.00000    0.00000    0.00000    0.00000    0.00000    0.00493    -0.68526   3.21572    -0.58613   0.50359    30.10929
T-A        0.00000    0.00000    0.00000    0.00000    0.00000    0.00000    -0.02489   -0.26946   3.22631    -0.68527   1.44470    33.95883
T-A        0.00000    0.00000    0.00000    0.00000    0.00000    0.00000    -0.01735   -0.26545   3.22360    -0.32406   2.02000    33.75665
A-T        0.00000    0.00000    0.00000    0.00000    0.00000    0.00000    0.01730    -0.24847   3.32383    0.27999    7.93396    33.24814
T-A        0.00000    0.00000    0.00000    0.00000    0.00000    0.00000    0.00026    -0.68626   3.20851    0.39791    1.18763    29.90509
T-A        0.00000    0.00000    0.00000    0.00000    0.00000    0.00000    -0.01144   -0.28520   3.23045    0.71916    0.53605    34.21664
C-G        0.00000    0.00000    0.00000    0.00000    0.00000    0.00000    0.08847    -0.12427   3.27155    1.06513    1.69383    35.75776
G-C        0.00000    0.00000    0.00000    0.00000    0.00000    0.00000    0.06959    0.40460    3.31917    1.18609    5.08132    34.09807
C-G        0.00000    0.00000    0.00000    0.00000    0.00000    0.00000    0.00850    -0.41169   3.29701    0.18624    1.63206    33.25973
A-T        0.00000    0.00000    0.00000    0.00000    0.00000    0.00000    -0.07154   0.26094    3.30968    -0.37929   4.01978    35.21004
A-T        0.00000    0.00000    0.00000    0.00000    0.00000    0.00000    0.01677    -0.29808   3.23860    -0.62213   -1.16238   34.84866
A-T        0.00000    0.00000    0.00000    0.00000    0.00000    0.00000    0.01399    -0.28774   3.23421    -0.76103   -0.19356   34.55373
G-C        0.00000    0.00000    0.00000    0.00000    0.00000    0.00000    -0.02877   -0.36134   3.28717    -1.43865   4.41301    31.38267
G-C        0.00000    0.00000    0.00000    0.00000    0.00000    0.00000    -0.04966   -0.40015   3.35242    -0.69177   6.26915    32.15201
C-G        0.00000    0.00000    0.00000    0.00000    0.00000    0.00000    -0.00778   -0.49632   3.26137    -0.05752   3.98563    32.35637
C-G        0.00000    0.00000    0.00000    0.00000    0.00000    0.00000    0.03228    -0.39837   3.35125    0.57702    6.35432    32.12604
G-C        0.00000    0.00000    0.00000    0.00000    0.00000    0.00000    0.10045    0.29678    3.32975    1.67736    7.67260    33.25502
G-C        0.00000    0.00000    0.00000    0.00000    0.00000    0.00000    0.09436    -0.35065   3.35731    1.42688    4.97385    32.72257
C-G        0.00000    0.00000    0.00000    0.00000    0.00000    0.00000    0.06916    -0.42293   3.29369    1.01984    2.01857    33.27692
C-G        0.00000    0.00000    0.00000    0.00000    0.00000    0.00000    0.08837    -0.27995   3.36283    0.80310    3.42200    33.43853
C-G        0.00000    0.00000    0.00000    0.00000    0.00000    0.00000    0.03482    -0.28701   3.36518    0.02040    3.24350    33.47816
G-C        0.00000    0.00000    0.00000    0.00000    0.00000    0.00000    -0.07043   0.42106    3.32358    -1.25204   4.55732    34.52970
A-T        0.00000    0.00000    0.00000    0.00000    0.00000    0.00000    -0.10179   -0.12351   3.27666    -1.24852   1.40825    36.07177
C-G        0.00000    0.00000    0.00000    0.00000    0.00000    0.00000    -0.01811   -0.64379   3.24332    -0.77830   2.06577    31.36742
A-T        0.00000    0.00000    0.00000    0.00000    0.00000    0.00000    -0.13183   0.03289    3.33878    -0.97587   7.58320    33.73328
C-G        0.00000    0.00000    0.00000    0.00000    0.00000    0.00000    -0.03205   -0.65152   3.21857    -0.08249   3.31326    30.88697
G-C        0.00000    0.00000    0.00000    0.00000    0.00000    0.00000    0.02332    0.23651    3.33435    0.57919    9.20652    32.71931
A-T        0.00000    0.00000    0.00000    0.00000    0.00000    0.00000    0.04017    -0.12176   3.26438    0.97147    3.37209    35.38436
C-G        0.00000    0.00000    0.00000    0.00000    0.00000    0.00000    0.01340    -0.64234   3.24461    1.29555    2.08385    31.33316
T-A        0.00000    0.00000    0.00000    0.00000    0.00000    0.00000    0.05998    -0.32989   3.29598    1.89680    2.93686    31.99816
T-A        0.00000    0.00000    0.00000    0.00000    0.00000    0.00000    -0.00161   -0.30719   3.24426    0.71487    -2.32180   35.37696
A-T        0.00000    0.00000    0.00000    0.00000    0.00000    0.00000    0.02142    0.54574    3.34864    -0.00534   -3.57696   40.18693
C-G        0.00000    0.00000    0.00000    0.00000    0.00000    0.00000    0.01255    -0.63446   3.27736    -0.54068   0.28831    31.89077
T-A        0.00000    0.00000    0.00000    0.00000    0.00000    0.00000    0.02489    -0.34678   3.30436    -1.32192   2.74856    31.90366
G-C        0.00000    0.00000    0.00000    0.00000    0.00000    0.00000    -0.02916   0.04552    3.33239    -2.00465   6.59816    33.77942
T-A        0.00000    0.00000    0.00000    0.00000    0.00000    0.00000    -0.02728   -0.66009   3.22304    -1.20199   3.15244    30.80692
A-T        0.00000    0.00000    0.00000    0.00000    0.00000    0.00000    -0.04091   -0.39686   3.31473    -0.53700   10.36910   31.75768
G-C        0.00000    0.00000    0.00000    0.00000    0.00000    0.00000    -0.03403   -0.36224   3.27249    0.08280    6.13906    30.64487
G-C        0.00000    0.00000    0.00000    0.00000    0.00000    0.00000    0.13096    -0.40169   3.34367    1.72086    6.82020    31.86822
T-A        0.00000    0.00000    0.00000    0.00000    0.00000    0.00000    0.03084    -0.62647   3.23280    1.18799    2.24995    31.16854
A-T        0.00000    0.00000    0.00000    0.00000    0.00000    0.00000    0.07538    0.31742    3.33586    1.77323    0.18095    37.86919
T-A        0.00000    0.00000    0.00000    0.00000    0.00000    0.00000    0.01306    -0.69780   3.24066    0.56157    -1.61774   30.81658
C-G        0.00000    0.00000    0.00000    0.00000    0.00000    0.00000    0.05376    -0.12816   3.29095    0.17723    -0.56487   36.60771
T-A        0.00000    0.00000    0.00000    0.00000    0.00000    0.00000    0.04395    -0.33744   3.30819    -0.83579   1.36165    32.11507
C-G        0.00000    0.00000    0.00000    0.00000    0.00000    0.00000    -0.09356   -0.14255   3.28396    -1.74677   1.00899    36.07544
G-C        0.00000    0.00000    0.00000    0.00000    0.00000    0.00000    -0.24775   0.28196    3.31887    -3.55989   7.47457    33.01398
A-T        0.00000    0.00000    0.00000    0.00000    0.00000    0.00000    -0.13581   -0.13312   3.24219    -1.56825   4.17598    34.54786
G-C        0.00000    0.00000    0.00000    0.00000    0.00000    0.00000    -0.04074   -0.37502   3.26298    -0.91796   6.64355    30.27043
C-G        0.00000    0.00000    0.00000    0.00000    0.00000    0.00000    0.03813    -0.51831   3.23577    0.66649    5.02565    31.72329
T-A        0.00000    0.00000    0.00000    0.00000    0.00000    0.00000    0.04085    -0.36281   3.26674    2.19115    5.73873    30.65985
C-G        0.00000    0.00000    0.00000    0.00000    0.00000    0.00000    0.18073    -0.11613   3.25475    2.24591    2.50531    35.25399
G-C        0.00000    0.00000    0.00000    0.00000    0.00000    0.00000    0.24714    0.41870    3.30959    3.49457    4.67171    34.11983
G-C        0.00000    0.00000    0.00000    0.00000    0.00000    0.00000    0.09903    -0.29541   3.36561    1.33169    2.38410    33.47099
G-C        0.00000    0.00000    0.00000    0.00000    0.00000    0.00000    -0.03969   -0.27741   3.36840    -0.29546   1.91507    33.70225
A-T        0.00000    0.00000    0.00000    0.00000    0.00000    0.00000    -0.13385   -0.12819   3.28646    -1.51795   -0.39233   36.56340
T-A        0.00000    0.00000    0.00000    0.00000    0.00000    0.00000    -0.00937   -0.69537   3.22936    -1.14267   -0.63183   30.56156
C-G        0.00000    0.00000    0.00000    0.00000    0.00000    0.00000    -0.14632   -0.13383   3.27115    -2.25889   2.90588    35.58665
C-G        0.00000    0.00000    0.00000    0.00000    0.00000    0.00000    -0.20432   -0.43675   3.34161    -2.20243   7.56854    31.64555
G-C        0.00000    0.00000    0.00000    0.00000    0.00000    0.00000    -0.05391   0.17027    3.33121    -0.70242   11.20102   31.85257
C-G        0.00000    0.00000    0.00000    0.00000    0.00000    0.00000    0.07323    -0.52293   3.23652    0.99364    5.21185    31.86556
T-A        0.00000    0.00000    0.00000    0.00000    0.00000    0.00000    0.05712    -0.36066   3.27075    2.57251    5.72983    30.95676
T-A        0.00000    0.00000    0.00000    0.00000    0.00000    0.00000    0.02162    -0.28468   3.22993    1.73127    0.11900    34.40224
T-A        0.00000    0.00000    0.00000    0.00000    0.00000    0.00000    0.01122    -0.32169   3.24084    1.51648    -2.28611   35.07825
C-G        0.00000    0.00000    0.00000    0.00000    0.00000    0.00000    0.10277    -0.13012   3.28880    1.00162    -0.84917   36.58436
A-T        0.00000    0.00000    0.00000    0.00000    0.00000    0.00000    -0.08142   0.34270    3.28804    -0.63926   1.75165    35.97691
T-A        0.00000    0.00000    0.00000    0.00000    0.00000    0.00000    -0.00911   -0.70092   3.24005    -0.87270   -1.64055   30.74776
G-C        0.00000    0.00000    0.00000    0.00000    0.00000    0.00000    -0.07702   0.13372    3.31533    -2.68866   5.27782    34.10514
T-A        0.00000    0.00000    0.00000    0.00000    0.00000    0.00000    -0.03697   -0.65302   3.22400    -1.85200   2.86949    30.68301
T-A        0.00000    0.00000    0.00000    0.00000    0.00000    0.00000    -0.04159   -0.24783   3.21241    -1.13522   3.53871    33.03267
A-T        0.00000    0.00000    0.00000    0.00000    0.00000    0.00000    0.00065    -0.57902   3.30067    -0.18492   13.23879   29.75490
T-A        0.00000    0.00000    0.00000    0.00000    0.00000    0.00000    0.00990    -0.67528   3.18487    0.51105    2.77377    29.15950
A-T        0.00000    0.00000    0.00000    0.00000    0.00000    0.00000    0.08362    -0.31096   3.31296    1.91696    8.87701    32.36989
A-T        0.00000    0.00000    0.00000    0.00000    0.00000    0.00000    0.06141    -0.29508   3.22972    1.66684    0.19213    34.24233
C-G        0.00000    0.00000    0.00000    0.00000    0.00000    0.00000    0.04132    -0.65020   3.27212    1.59904    0.53586    31.50089
G-C        0.00000    0.00000    0.00000    0.00000    0.00000    0.00000    0.10107    0.46589    3.30367    1.59617    2.86664    34.68710
G-C        0.00000    0.00000    0.00000    0.00000    0.00000    0.00000    -0.08890   -0.27874   3.36458    -0.58207   2.09338    33.47619
A-T        0.00000    0.00000    0.00000    0.00000    0.00000    0.00000    -0.14821   -0.12171   3.27989    -1.59333   -0.04893   36.27779
T-A        0.00000    0.00000    0.00000    0.00000    0.00000    0.00000    -0.01047   -0.69010   3.22432    -1.07232   -0.35632   30.35772
A-T        0.00000    0.00000    0.00000    0.00000    0.00000    0.00000    -0.07568   -0.08052   3.31968    -2.02518   6.03227    34.23976
A-T        0.00000    0.00000    0.00000    0.00000    0.00000    0.00000    0.00414    -0.25002   3.21531    -0.85394   3.00362    33.26168
C-G        0.00000    0.00000    0.00000    0.00000    0.00000    0.00000    -0.00490   -0.64784   3.19421    0.02147    4.22179    30.30286
A-T        0.00000    0.00000    0.00000    0.00000    0.00000    0.00000    -0.01590   -0.08925   3.34530    1.21113    9.59193    32.29020
C-G        0.00000    0.00000    0.00000    0.00000    0.00000    0.00000    0.03313    -0.65995   3.22074    1.49937    3.18292    30.70872
T-A        0.00000    0.00000    0.00000    0.00000    0.00000    0.00000    0.06203    -0.36641   3.28380    2.55159    3.96739    31.34757
T-A        0.00000    0.00000    0.00000    0.00000    0.00000    0.00000    -0.00120   -0.31942   3.23913    1.26075    -1.75889   34.87930
T-A        0.00000    0.00000    0.00000    0.00000    0.00000    0.00000    -0.02206   -0.33542   3.24492    0.64522    -3.03073   35.24495
A-T        0.00000    0.00000    0.00000    0.00000    0.00000    0.00000    -0.03684   0.54413    3.34179    -0.43697   -3.95161   39.88302
T-A        0.00000    0.00000    0.00000    0.00000    0.00000    0.00000    -0.01210   -0.69473   3.23456    -0.70210   -1.16650   30.60308
G-C        0.00000    0.00000    0.00000    0.00000    0.00000    0.00000    -0.04186   0.15608    3.31675    -2.07330   5.48422    34.12819
C-G        0.00000    0.00000    0.00000    0.00000    0.00000    0.00000    -0.10952   -0.46958   3.25958    -1.60745   3.56749    32.29666
T-A        0.00000    0.00000    0.00000    0.00000    0.00000    0.00000    0.02934    -0.35902   3.27290    -0.65398   5.65600    30.54434
T-A        0.00000    0.00000    0.00000    0.00000    0.00000    0.00000    -0.01037   -0.25836   3.21546    -0.17381   3.09387    33.10979
C-G        0.00000    0.00000    0.00000    0.00000    0.00000    0.00000    0.09004    -0.13819   3.24515    0.89124    4.12567    34.54273
C-G        0.00000    0.00000    0.00000    0.00000    0.00000    0.00000    0.14911    -0.40039   3.34794    1.73597    6.09491    31.92565
G-C        0.00000    0.00000    0.00000    0.00000    0.00000    0.00000    0.18214    0.31578    3.31850    2.74395    6.50900    33.37819
G-C        0.00000    0.00000    0.00000    0.00000    0.00000    0.00000    0.09172    -0.35126   3.36229    1.50011    3.82834    32.86750
C-G        0.00000    0.00000    0.00000    0.00000    0.00000    0.00000    0.02239    -0.40502   3.30295    0.52650    1.24647    33.37740
T-A        0.00000    0.00000    0.00000    0.00000    0.00000    0.00000    0.02385    -0.32848   3.30549    0.03181    1.62538    32.17218
C-G        0.00000    0.00000    0.00000    0.00000    0.00000    0.00000    -0.04469   -0.11866   3.28613    -0.93391   0.60742    36.32140
G-C        0.00000    0.00000    0.00000    0.00000    0.00000    0.00000    -0.16287   0.38179    3.31792    -2.43779   5.97184    33.74334
T-A        0.00000    0.00000    0.00000    0.00000    0.00000    0.00000    -0.00611   -0.64497   3.23613    -1.18074   2.35075    31.02086
A-T        0.00000    0.00000    0.00000    0.00000    0.00000    0.00000    -0.01133   -0.21001   3.31881    -0.83259   7.67076    33.22842
T-A        0.00000    0.00000    0.00000    0.00000    0.00000    0.00000    0.00992    -0.68226   3.19911    -0.10990   1.79718    29.57203
A-T        0.00000    0.00000    0.00000    0.00000    0.00000    0.00000    0.02789    -0.30704   3.31800    0.46121    8.59957    32.58622
A-T        0.00000    0.00000    0.00000    0.00000    0.00000    0.00000    0.03604    -0.28058   3.22499    0.77746    1.47838    33.79017
T-A        0.00000    0.00000    0.00000    0.00000    0.00000    0.00000    -0.00321   -0.69159   3.21597    0.60828    0.45874    30.02129
G-C        0.00000    0.00000    0.00000    0.00000    0.00000    0.00000    0.10458    0.17122    3.31440    1.10078    5.11673    34.54086
T-A        0.00000    0.00000    0.00000    0.00000    0.00000    0.00000    -0.01582   -0.63208   3.26503    0.32614    0.74496    31.49896
G-C        0.00000    0.00000    0.00000    0.00000    0.00000    0.00000    0.04874    0.26105    3.30524    0.06466    3.80720    35.12088
T-A        0.00000    0.00000    0.00000    0.00000    0.00000    0.00000    -0.01945   -0.63227   3.26768    -0.55028   0.67263    31.53608
C-G        0.00000    0.00000    0.00000    0.00000    0.00000    0.00000    -0.02812   -0.12321   3.27833    -0.83027   1.28770    35.92915
G-C        0.00000    0.00000    0.00000    0.00000    0.00000    0.00000    -0.11380   0.33820    3.31846    -1.86880   6.67629    33.34613
A-T        0.00000    0.00000    0.00000    0.00000    0.00000    0.00000    -0.07685   -0.12995   3.25790    -0.94616   2.94402    35.11626
C-G        0.00000    0.00000    0.00000    0.00000    0.00000    0.00000    -0.00188   -0.64999   3.22241    -0.14391   2.92957    30.70599
C-G        0.00000    0.00000    0.00000    0.00000    0.00000    0.00000    -0.00065   -0.42390   3.34811    0.00145    6.55559    31.76138
A-T        0.00000    0.00000    0.00000    0.00000    0.00000    0.00000    -0.04653   -0.00621   3.33558    0.85862    7.73652    33.11560
A-T        0.00000    0.00000    0.00000    0.00000    0.00000    0.00000    0.02814    -0.28489   3.22780    0.74019    0.87084    33.98835
A-T        0.00000    0.00000    0.00000    0.00000    0.00000    0.00000    0.02932    -0.29486   3.23238    0.74060    -0.13627   34.30590
T-A        0.00000    0.00000    0.00000    0.00000    0.00000    0.00000    -0.00493   -0.69209   3.22631    0.39823    -0.46829   30.30076
G-C        0.00000    0.00000    0.00000    0.00000    0.00000    0.00000    -0.26900   -1.09600   3.26800    0.63500    -9.99700   39.98800
T-A        0.00000    0.00000    0.00000    0.00000    0.00000    0.00000    -0.93000   -1.59400   3.28000    -2.04100   -8.63700   31.91900
G-C        0.00000    0.00000    0.00000    0.00000    0.00000    0.00000    -0.32200   -0.59300   3.18200    -1.64500   -0.35500   39.45000
A-T        0.00000    0.00000    0.00000    0.00000    0.00000    0.00000    0.12000    -0.98200   3.10400    2.85700    -6.37700   31.80500
G-C        0.00000    0.00000    0.00000    0.00000    0.00000    0.00000    0.96000    -0.48300   2.89600    -0.90300   -7.58100   33.59100
C-G        0.00000    0.00000    0.00000    0.00000    0.00000    0.00000    -0.71600   -0.08600   3.08700    11.70400   -4.92300   33.30600
G-C        0.00000    0.00000    0.00000    0.00000    0.00000    0.00000    -0.04900   1.55200    5.41000    -0.16600   60.13700   13.22600
C-G        0.00000    0.00000    0.00000    0.00000    0.00000    0.00000    0.67600    -0.12300   3.12600    -12.51300  -5.64000   33.19800
T-A        0.00000    0.00000    0.00000    0.00000    0.00000    0.00000    -0.92900   -0.52700   2.87900    1.16900    -8.55000   33.49600
C-G        0.00000    0.00000    0.00000    0.00000    0.00000    0.00000    -0.13500   -1.01800   3.05000    -2.62500   -6.07500   32.09900
A-T        0.00000    0.00000    0.00000    0.00000    0.00000    0.00000    0.37700    -0.59700   3.22500    2.13300    -0.62500   39.44400
C-G        0.00000    0.00000    0.00000    0.00000    0.00000    0.00000    0.90500    -1.56600   3.20700    2.32100    -8.20800   32.14100
A-T        0.00000    0.00000    0.00000    0.00000    0.00000    0.00000    0.52900    -0.91300   3.45700    1.68800    -11.71500  37.50000
