147 # base pairs
  0 # ***local base-pair & step parameters***
#          Shear      Stretch    Stagger    Buckle     Prop-Tw    Opening    Shift      Slide      Rise       Tilt       Roll       Twist
T-A        0.00000    0.00000    0.00000    0.00000    0.00000    0.00000    0.00000    0.00000    0.00000    0.00000    0.00000    0.00000
G-C        0.00000    0.00000    0.00000    0.00000    0.00000    0.00000    -0.52900   -0.91400   3.45700    -1.68900   -11.71200  37.48600
T-A        0.00000    0.00000    0.00000    0.00000    0.00000    0.00000    -0.90500   -1.56600   3.20600    -2.28600   -8.20700   32.14700
G-C        0.00000    0.00000    0.00000    0.00000    0.00000    0.00000    -0.37800   -0.59600   3.22500    -2.16700   -0.60300   39.43900
A-T        0.00000    0.00000    0.00000    0.00000    0.00000    0.00000    0.13400    -1.01800   3.05000    2.61000    -6.09300   32.09300
G-C        0.00000    0.00000    0.00000    0.00000    0.00000    0.00000    0.92900    -0.52800   2.87800    -1.17000   -8.57000   33.49400
C-G        0.00000    0.00000    0.00000    0.00000    0.00000    0.00000    -0.67600   -0.12200   3.12700    12.55900   -5.64700   33.21100
G-C        0.00000    0.00000    0.00000    0.00000    0.00000    0.00000    0.04900    1.55300    5.41000    0.14200    60.15100   13.21000
C-G        0.00000    0.00000    0.00000    0.00000    0.00000    0.00000    0.71500    -0.08700   3.08800    -11.72400  -4.90600   33.28700
T-A        0.00000    0.00000    0.00000    0.00000    0.00000    0.00000    -0.96000   -0.48500   2.89400    0.89600    -7.58500   33.58500
C-G        0.00000    0.00000    0.00000    0.00000    0.00000    0.00000    -0.12000   -0.98300   3.10600    -2.86200   -6.42300   31.82500
A-T        0.00000    0.00000    0.00000    0.00000    0.00000    0.00000    0.32200    -0.59300   3.18200    1.65600    -0.34900   39.43600
C-G        0.00000    0.00000    0.00000    0.00000    0.00000    0.00000    0.92900    -1.59300   3.28000    2.06100    -8.65300   31.94300
A-T        0.00000    0.00000    0.00000    0.00000    0.00000    0.00000    0.27000    -1.09600   3.26800    -0.64500   -9.98900   39.97000
A-T        0.00000    0.00000    0.00000    0.00000    0.00000    0.00000    -0.09616   -0.12724   3.23489    -1.41685   0.73251    35.11252
T-A        0.00000    0.00000    0.00000    0.00000    0.00000    0.00000    -0.00743   -0.75823   3.30375    -0.48828   -2.22247   32.58641
T-A        0.00000    0.00000    0.00000    0.00000    0.00000    0.00000    -0.00362   -0.39444   3.26921    -0.31630   -1.75191   35.97904
T-A        0.00000    0.00000    0.00000    0.00000    0.00000    0.00000    -0.01886   -0.20196   3.22715    -0.29199   2.66493    33.73372
A-T        0.00000    0.00000    0.00000    0.00000    0.00000    0.00000    0.03793    0.06451    3.31543    -0.09840   5.92008    33.53137
T-A        0.00000    0.00000    0.00000    0.00000    0.00000    0.00000    -0.04157   -0.71862   3.23629    0.11618    0.03190    30.84566
T-A        0.00000    0.00000    0.00000    0.00000    0.00000    0.00000    -0.00870   -0.29002   3.25839    1.08915    0.10786    34.72035
C-G        0.00000    0.00000    0.00000    0.00000    0.00000    0.00000    0.02256    -0.04849   3.28272    0.67445    1.84298    35.65417
G-C        0.00000    0.00000    0.00000    0.00000    0.00000    0.00000    0.13358    0.58645    3.31500    0.86016    8.00996    33.59785
C-G        0.00000    0.00000    0.00000    0.00000    0.00000    0.00000    -0.10117   -0.41251   3.24848    -0.88659   2.97548    31.60457
A-T        0.00000    0.00000    0.00000    0.00000    0.00000    0.00000    -0.11092   0.51382    3.28198    -0.91392   2.59268    35.61423
A-T        0.00000    0.00000    0.00000    0.00000    0.00000    0.00000    0.06224    -0.20930   3.27898    -0.11508   -0.44852   34.77104
A-T        0.00000    0.00000    0.00000    0.00000    0.00000    0.00000    -0.04441   -0.37704   3.24058    -0.92147   -1.39670   35.40184
G-C        0.00000    0.00000    0.00000    0.00000    0.00000    0.00000    0.01349    -0.50297   3.34095    -0.01041   3.73261    32.11892
G-C        0.00000    0.00000    0.00000    0.00000    0.00000    0.00000    0.01156    -0.43621   3.43115    -0.92866   5.41240    34.02398
C-G        0.00000    0.00000    0.00000    0.00000    0.00000    0.00000    0.00524    -0.48863   3.24473    0.06354    4.17435    32.90558
C-G        0.00000    0.00000    0.00000    0.00000    0.00000    0.00000    -0.21714   -0.31739   3.32436    0.09302    5.32957    33.14389
G-C        0.00000    0.00000    0.00000    0.00000    0.00000    0.00000    0.08215    0.25604    3.06117    1.29123    7.05124    30.29776
G-C        0.00000    0.00000    0.00000    0.00000    0.00000    0.00000    0.37234    -0.27794   3.33409    2.01534    4.08010    33.23068
C-G        0.00000    0.00000    0.00000    0.00000    0.00000    0.00000    0.11069    -0.37393   3.25345    1.05464    2.41711    33.63246
C-G        0.00000    0.00000    0.00000    0.00000    0.00000    0.00000    0.28984    -0.30061   3.38242    1.54709    1.92729    34.36254
C-G        0.00000    0.00000    0.00000    0.00000    0.00000    0.00000    0.08745    -0.23574   3.35893    1.43074    2.36815    33.95300
G-C        0.00000    0.00000    0.00000    0.00000    0.00000    0.00000    -0.22857   0.99327    3.32392    -1.91466   2.87781    34.62702
A-T        0.00000    0.00000    0.00000    0.00000    0.00000    0.00000    -0.16417   -0.05782   3.15218    -1.85884   -0.09817   35.70187
C-G        0.00000    0.00000    0.00000    0.00000    0.00000    0.00000    0.13354    -0.50861   3.16850    -0.73215   2.96703    31.06095
A-T        0.00000    0.00000    0.00000    0.00000    0.00000    0.00000    -0.03886   -0.14939   3.33698    -1.15283   6.02345    34.26692
C-G        0.00000    0.00000    0.00000    0.00000    0.00000    0.00000    0.17601    -0.52269   3.22519    -0.33581   4.27562    30.42129
G-C        0.00000    0.00000    0.00000    0.00000    0.00000    0.00000    0.01170    0.47825    3.30399    1.00127    6.27893    34.95956
A-T        0.00000    0.00000    0.00000    0.00000    0.00000    0.00000    -0.04364   -0.06628   3.17193    -0.09060   0.55809    35.76546
C-G        0.00000    0.00000    0.00000    0.00000    0.00000    0.00000    -0.14974   -0.67256   3.23173    1.07335    3.34935    31.81053
T-A        0.00000    0.00000    0.00000    0.00000    0.00000    0.00000    0.08909    -0.73287   3.55026    0.92880    1.35786    34.38231
T-A        0.00000    0.00000    0.00000    0.00000    0.00000    0.00000    -0.10533   -0.39557   3.22952    0.09394    -1.80489   31.06727
A-T        0.00000    0.00000    0.00000    0.00000    0.00000    0.00000    0.02632    0.41178    3.36140    0.08786    -1.70835   40.12497
C-G        0.00000    0.00000    0.00000    0.00000    0.00000    0.00000    0.01816    -0.68671   3.28495    -0.25849   0.20214    32.26019
T-A        0.00000    0.00000    0.00000    0.00000    0.00000    0.00000    0.01517    -0.44964   3.35129    -0.81991   4.23860    32.41332
G-C        0.00000    0.00000    0.00000    0.00000    0.00000    0.00000    0.06985    -0.05089   3.37077    -2.50990   7.16767    33.95856
T-A        0.00000    0.00000    0.00000    0.00000    0.00000    0.00000    -0.05661   -0.58955   3.15323    -0.99536   4.11586    28.88969
A-T        0.00000    0.00000    0.00000    0.00000    0.00000    0.00000    0.11043    -0.71086   3.29747    -0.67816   13.13302   30.24214
G-C        0.00000    0.00000    0.00000    0.00000    0.00000    0.00000    -0.34540   -0.34386   3.19831    -0.07477   7.54989    29.05496
G-C        0.00000    0.00000    0.00000    0.00000    0.00000    0.00000    -0.00964   -0.85189   3.53373    1.03946    6.21230    32.30936
T-A        0.00000    0.00000    0.00000    0.00000    0.00000    0.00000    0.15154    -0.51524   3.21851    1.62199    1.66320    30.64279
A-T        0.00000    0.00000    0.00000    0.00000    0.00000    0.00000    0.06316    -0.51889   3.36484    2.07885    3.21267    34.97073
T-A        0.00000    0.00000    0.00000    0.00000    0.00000    0.00000    -0.07637   -0.75226   3.22463    0.56792    -1.79427   30.81917
C-G        0.00000    0.00000    0.00000    0.00000    0.00000    0.00000    0.09306    -0.32001   3.35518    -0.62312   -1.30798   38.06249
T-A        0.00000    0.00000    0.00000    0.00000    0.00000    0.00000    0.09640    -0.35265   3.33850    -0.65849   1.98864    32.01773
C-G        0.00000    0.00000    0.00000    0.00000    0.00000    0.00000    -0.08011   -0.05438   3.36652    -1.86994   0.82211    35.87619
G-C        0.00000    0.00000    0.00000    0.00000    0.00000    0.00000    -0.10606   0.44202    3.24920    -3.65259   9.54394    29.87839
A-T        0.00000    0.00000    0.00000    0.00000    0.00000    0.00000    -0.33508   0.15989    3.21755    -4.39940   4.77118    33.60632
G-C        0.00000    0.00000    0.00000    0.00000    0.00000    0.00000    0.11516    -0.40433   3.28423    -0.72867   5.81445    30.32258
C-G        0.00000    0.00000    0.00000    0.00000    0.00000    0.00000    0.01159    -0.58917   3.32525    0.29079    4.44107    33.93848
T-A        0.00000    0.00000    0.00000    0.00000    0.00000    0.00000    -0.13065   -0.36077   3.27648    1.56413    5.05090    30.67511
C-G        0.00000    0.00000    0.00000    0.00000    0.00000    0.00000    0.37406    0.28175    3.19534    5.07012    3.90795    34.28238
G-C        0.00000    0.00000    0.00000    0.00000    0.00000    0.00000    0.34909    0.95113    3.31269    3.40474    3.38054    34.06789
G-C        0.00000    0.00000    0.00000    0.00000    0.00000    0.00000    0.02407    -0.29659   3.36147    0.20296    1.87467    33.37182
G-C        0.00000    0.00000    0.00000    0.00000    0.00000    0.00000    -0.02336   -0.24127   3.33305    0.42892    4.37445    33.07302
A-T        0.00000    0.00000    0.00000    0.00000    0.00000    0.00000    -0.09102   -0.30342   3.34570    -0.52849   -1.26977   37.14226
T-A        0.00000    0.00000    0.00000    0.00000    0.00000    0.00000    -0.01426   -0.62960   3.24778    -0.82240   0.59476    31.21773
C-G        0.00000    0.00000    0.00000    0.00000    0.00000    0.00000    0.00642    -0.25910   3.29688    -1.64257   1.36473    35.92783
C-G        0.00000    0.00000    0.00000    0.00000    0.00000    0.00000    -0.57984   -0.17025   3.24647    -3.86005   8.97623    30.46814
G-C        0.00000    0.00000    0.00000    0.00000    0.00000    0.00000    -0.00600   0.37036    3.29255    -0.64724   11.50687   30.80071
C-G        0.00000    0.00000    0.00000    0.00000    0.00000    0.00000    0.05642    -0.56833   3.40375    0.63177    2.44866    34.26384
T-A        0.00000    0.00000    0.00000    0.00000    0.00000    0.00000    0.35279    -0.47250   3.42417    3.72997    2.85989    33.75417
T-A        0.00000    0.00000    0.00000    0.00000    0.00000    0.00000    0.05536    -0.37855   3.23768    1.57782    -1.24255   35.16301
T-A        0.00000    0.00000    0.00000    0.00000    0.00000    0.00000    -0.00886   -0.33934   3.23762    0.75116    -2.14578   34.46063
A-T        0.00000    0.00000    0.00000    0.00000    0.00000    0.00000    0.05306    0.79729    3.21153    0.65866    -7.88980   36.81502
A-T        0.00000    0.00000    0.00000    0.00000    0.00000    0.00000    -0.00874   -0.20329   3.20764    -1.27860   -2.74518   34.12612
C-G        0.00000    0.00000    0.00000    0.00000    0.00000    0.00000    0.01306    -0.63262   3.30558    -0.87145   -0.40573   32.01019
A-T        0.00000    0.00000    0.00000    0.00000    0.00000    0.00000    -0.10274   -0.13309   3.29083    -2.47166   4.27236    33.92044
C-G        0.00000    0.00000    0.00000    0.00000    0.00000    0.00000    0.08394    -0.70706   3.26713    -1.22118   2.21274    30.07531
T-A        0.00000    0.00000    0.00000    0.00000    0.00000    0.00000    0.09798    -0.67750   3.49887    -1.83458   5.51097    33.02511
T-A        0.00000    0.00000    0.00000    0.00000    0.00000    0.00000    0.04937    -0.42816   3.20564    -0.47135   2.24926    33.42591
T-A        0.00000    0.00000    0.00000    0.00000    0.00000    0.00000    -0.01324   -0.18295   3.20109    0.23729    4.20679    32.68539
A-T        0.00000    0.00000    0.00000    0.00000    0.00000    0.00000    0.05980    0.03747    3.28968    1.14194    6.77826    31.96817
T-A        0.00000    0.00000    0.00000    0.00000    0.00000    0.00000    -0.14455   -0.75321   3.16388    1.74612    2.44972    27.50786
G-C        0.00000    0.00000    0.00000    0.00000    0.00000    0.00000    0.02726    -0.26273   3.30828    0.78372    5.56798    37.11104
C-G        0.00000    0.00000    0.00000    0.00000    0.00000    0.00000    0.16039    -0.38317   3.30327    0.01054    0.49920    33.72034
T-A        0.00000    0.00000    0.00000    0.00000    0.00000    0.00000    0.18925    -0.44020   3.41661    1.85782    0.28248    34.45978
T-A        0.00000    0.00000    0.00000    0.00000    0.00000    0.00000    -0.04748   -0.25142   3.20239    -1.27817   0.21662    33.93236
C-G        0.00000    0.00000    0.00000    0.00000    0.00000    0.00000    -0.02630   -0.28284   3.31310    -1.62341   2.29648    35.04020
C-G        0.00000    0.00000    0.00000    0.00000    0.00000    0.00000    -0.53312   -0.17373   3.24874    -3.74089   8.22101    30.33630
G-C        0.00000    0.00000    0.00000    0.00000    0.00000    0.00000    -0.11087   0.18018    3.04372    -1.52726   8.96677    29.03733
G-C        0.00000    0.00000    0.00000    0.00000    0.00000    0.00000    0.02841    -0.66430   3.44551    -0.71484   10.11910   29.54582
T-A        0.00000    0.00000    0.00000    0.00000    0.00000    0.00000    0.08739    -0.78460   3.18811    0.58052    3.55272    31.00836
C-G        0.00000    0.00000    0.00000    0.00000    0.00000    0.00000    0.22944    -0.16326   3.17190    2.27643    4.40245    32.44314
A-T        0.00000    0.00000    0.00000    0.00000    0.00000    0.00000    -0.25731   -0.62471   3.38026    5.48029    7.74077    29.97435
T-A        0.00000    0.00000    0.00000    0.00000    0.00000    0.00000    -0.00221   -0.51557   3.21593    0.61258    1.30320    29.67391
G-C        0.00000    0.00000    0.00000    0.00000    0.00000    0.00000    -0.04282   -0.27859   3.36901    -0.14740   1.04002    36.25866
T-A        0.00000    0.00000    0.00000    0.00000    0.00000    0.00000    -0.06336   -0.62510   3.31808    -0.69599   -1.47491   32.72822
T-A        0.00000    0.00000    0.00000    0.00000    0.00000    0.00000    -0.01636   -0.21346   3.19440    -0.56940   -1.15239   34.22462
A-T        0.00000    0.00000    0.00000    0.00000    0.00000    0.00000    -0.01390   0.26169    3.34519    -2.17612   1.71985    35.92591
T-A        0.00000    0.00000    0.00000    0.00000    0.00000    0.00000    0.00907    -0.72564   3.15268    -1.14111   0.13227    29.53708
A-T        0.00000    0.00000    0.00000    0.00000    0.00000    0.00000    -0.03012   0.07196    3.28654    -0.48020   7.46163    32.06646
A-T        0.00000    0.00000    0.00000    0.00000    0.00000    0.00000    -0.00367   -0.22826   3.13017    -0.07595   4.80801    31.28707
C-G        0.00000    0.00000    0.00000    0.00000    0.00000    0.00000    0.08363    -0.79149   3.29439    0.23782    2.86391    31.80686
G-C        0.00000    0.00000    0.00000    0.00000    0.00000    0.00000    0.24986    0.32651    3.23742    2.49693    9.58593    31.62195
G-C        0.00000    0.00000    0.00000    0.00000    0.00000    0.00000    0.41575    -0.18703   3.26539    3.08979    7.07234    30.95876
A-T        0.00000    0.00000    0.00000    0.00000    0.00000    0.00000    0.13913    -0.21552   3.24246    1.25403    3.01312    35.41346
C-G        0.00000    0.00000    0.00000    0.00000    0.00000    0.00000    -0.05753   -0.65823   3.25903    0.67579    1.54355    32.02542
T-A        0.00000    0.00000    0.00000    0.00000    0.00000    0.00000    -0.16917   -0.53414   3.33365    -0.28207   3.57058    33.03453
C-G        0.00000    0.00000    0.00000    0.00000    0.00000    0.00000    -0.02205   0.07785    3.33723    -0.74418   0.49289    36.37066
G-C        0.00000    0.00000    0.00000    0.00000    0.00000    0.00000    -0.10330   0.47081    3.28551    -2.82025   3.65758    35.60965
T-A        0.00000    0.00000    0.00000    0.00000    0.00000    0.00000    0.23630    -0.68590   3.23386    -1.34902   3.14039    32.05254
A-T        0.00000    0.00000    0.00000    0.00000    0.00000    0.00000    -0.00631   -0.64640   3.39019    -0.49271   7.19498    33.77486
T-A        0.00000    0.00000    0.00000    0.00000    0.00000    0.00000    0.01404    -0.73658   3.14992    -0.16825   0.88079    29.57940
A-T        0.00000    0.00000    0.00000    0.00000    0.00000    0.00000    -0.00312   0.04353    3.29868    0.92114    6.81526    32.58305
A-T        0.00000    0.00000    0.00000    0.00000    0.00000    0.00000    -0.00233   -0.33080   3.21836    0.78759    3.26214    33.72385
T-A        0.00000    0.00000    0.00000    0.00000    0.00000    0.00000    0.00124    -0.68923   3.26182    0.95510    0.21784    30.93454
G-C        0.00000    0.00000    0.00000    0.00000    0.00000    0.00000    -0.00755   -0.26544   3.40275    0.54066    3.79660    35.86438
T-A        0.00000    0.00000    0.00000    0.00000    0.00000    0.00000    0.04196    -0.51782   3.24512    0.77338    -0.15151   30.08198
G-C        0.00000    0.00000    0.00000    0.00000    0.00000    0.00000    -0.04829   -0.06044   3.33117    0.80113    2.71232    35.64877
T-A        0.00000    0.00000    0.00000    0.00000    0.00000    0.00000    -0.12115   -0.53523   3.18570    -0.46847   1.59338    31.23778
C-G        0.00000    0.00000    0.00000    0.00000    0.00000    0.00000    0.03117    -0.06259   3.17271    0.09329    -0.27556   35.90916
G-C        0.00000    0.00000    0.00000    0.00000    0.00000    0.00000    -0.04782   0.50716    3.25254    -2.19362   8.90260    30.41876
A-T        0.00000    0.00000    0.00000    0.00000    0.00000    0.00000    -0.16056   -0.06103   3.14462    -1.76956   0.47983    35.26765
C-G        0.00000    0.00000    0.00000    0.00000    0.00000    0.00000    -0.07849   -0.79038   3.19813    -0.36366   3.12425    31.46939
C-G        0.00000    0.00000    0.00000    0.00000    0.00000    0.00000    0.20399    -0.63150   3.36058    0.52119    7.97196    30.31354
A-T        0.00000    0.00000    0.00000    0.00000    0.00000    0.00000    0.19357    0.37744    3.31647    0.09391    9.56884    31.90982
A-T        0.00000    0.00000    0.00000    0.00000    0.00000    0.00000    0.08440    -0.20507   3.26952    0.95969    1.21699    34.21438
A-T        0.00000    0.00000    0.00000    0.00000    0.00000    0.00000    0.00303    -0.39993   3.26334    0.42386    -2.60020   36.13236
T-A        0.00000    0.00000    0.00000    0.00000    0.00000    0.00000    0.00017    -0.70652   3.26905    0.60297    -0.66891   31.14621
G-C        0.00000    0.00000    0.00000    0.00000    0.00000    0.00000    -0.26900   -1.09600   3.26800    0.63500    -9.99700   39.98800
T-A        0.00000    0.00000    0.00000    0.00000    0.00000    0.00000    -0.93000   -1.59400   3.28000    -2.04100   -8.63700   31.91900
G-C        0.00000    0.00000    0.00000    0.00000    0.00000    0.00000    -0.32200   -0.59300   3.18200    -1.64500   -0.35500   39.45000
A-T        0.00000    0.00000    0.00000    0.00000    0.00000    0.00000    0.12000    -0.98200   3.10400    2.85700    -6.37700   31.80500
G-C        0.00000    0.00000    0.00000    0.00000    0.00000    0.00000    0.96000    -0.48300   2.89600    -0.90300   -7.58100   33.59100
C-G        0.00000    0.00000    0.00000    0.00000    0.00000    0.00000    -0.71600   -0.08600   3.08700    11.70400   -4.92300   33.30600
G-C        0.00000    0.00000    0.00000    0.00000    0.00000    0.00000    -0.04900   1.55200    5.41000    -0.16600   60.13700   13.22600
C-G        0.00000    0.00000    0.00000    0.00000    0.00000    0.00000    0.67600    -0.12300   3.12600    -12.51300  -5.64000   33.19800
T-A        0.00000    0.00000    0.00000    0.00000    0.00000    0.00000    -0.92900   -0.52700   2.87900    1.16900    -8.55000   33.49600
C-G        0.00000    0.00000    0.00000    0.00000    0.00000    0.00000    -0.13500   -1.01800   3.05000    -2.62500   -6.07500   32.09900
A-T        0.00000    0.00000    0.00000    0.00000    0.00000    0.00000    0.37700    -0.59700   3.22500    2.13300    -0.62500   39.44400
C-G        0.00000    0.00000    0.00000    0.00000    0.00000    0.00000    0.90500    -1.56600   3.20700    2.32100    -8.20800   32.14100
A-T        0.00000    0.00000    0.00000    0.00000    0.00000    0.00000    0.52900    -0.91300   3.45700    1.68800    -11.71500  37.50000
