147 # base pairs
  0 # ***local base-pair & step parameters***
#          Shear      Stretch    Stagger    Buckle     Prop-Tw    Opening    Shift      Slide      Rise       Tilt       Roll       Twist
T-A        0.00000    0.00000    0.00000    0.00000    0.00000    0.00000    0.00000    0.00000    0.00000    0.00000    0.00000    0.00000
G-C        0.00000    0.00000    0.00000    0.00000    0.00000    0.00000    -0.52900   -0.91400   3.45700    -1.68900   -11.71200  37.48600
T-A        0.00000    0.00000    0.00000    0.00000    0.00000    0.00000    -0.90500   -1.56600   3.20600    -2.28600   -8.20700   32.14700
G-C        0.00000    0.00000    0.00000    0.00000    0.00000    0.00000    -0.37800   -0.59600   3.22500    -2.16700   -0.60300   39.43900
A-T        0.00000    0.00000    0.00000    0.00000    0.00000    0.00000    0.13400    -1.01800   3.05000    2.61000    -6.09300   32.09300
G-C        0.00000    0.00000    0.00000    0.00000    0.00000    0.00000    0.92900    -0.52800   2.87800    -1.17000   -8.57000   33.49400
C-G        0.00000    0.00000    0.00000    0.00000    0.00000    0.00000    -0.67600   -0.12200   3.12700    12.55900   -5.64700   33.21100
G-C        0.00000    0.00000    0.00000    0.00000    0.00000    0.00000    0.04900    1.55300    5.41000    0.14200    60.15100   13.21000
C-G        0.00000    0.00000    0.00000    0.00000    0.00000    0.00000    0.71500    -0.08700   3.08800    -11.72400  -4.90600   33.28700
T-A        0.00000    0.00000    0.00000    0.00000    0.00000    0.00000    -0.96000   -0.48500   2.89400    0.89600    -7.58500   33.58500
C-G        0.00000    0.00000    0.00000    0.00000    0.00000    0.00000    -0.12000   -0.98300   3.10600    -2.86200   -6.42300   31.82500
A-T        0.00000    0.00000    0.00000    0.00000    0.00000    0.00000    0.32200    -0.59300   3.18200    1.65600    -0.34900   39.43600
C-G        0.00000    0.00000    0.00000    0.00000    0.00000    0.00000    0.92900    -1.59300   3.28000    2.06100    -8.65300   31.94300
A-T        0.00000    0.00000    0.00000    0.00000    0.00000    0.00000    0.27000    -1.09600   3.26800    -0.64500   -9.98900   39.97000
A-T        0.00000    0.00000    0.00000    0.00000    0.00000    0.00000    0.00673    -0.29629   3.23560    -0.87449   -0.82981   34.58296
T-A        0.00000    0.00000    0.00000    0.00000    0.00000    0.00000    0.00405    -0.68552   3.21516    -0.64920   0.50377    30.07143
T-A        0.00000    0.00000    0.00000    0.00000    0.00000    0.00000    -0.02711   -0.26918   3.22510    -0.76987   1.56858    33.86883
T-A        0.00000    0.00000    0.00000    0.00000    0.00000    0.00000    -0.01841   -0.26383   3.22195    -0.37606   2.23660    33.63636
A-T        0.00000    0.00000    0.00000    0.00000    0.00000    0.00000    0.01842    -0.28961   3.32093    0.28679    8.52914    32.82303
T-A        0.00000    0.00000    0.00000    0.00000    0.00000    0.00000    0.00133    -0.68568   3.20633    0.43353    1.32289    29.82600
T-A        0.00000    0.00000    0.00000    0.00000    0.00000    0.00000    -0.00910   -0.28561   3.22933    0.79649    0.64170    34.12964
C-G        0.00000    0.00000    0.00000    0.00000    0.00000    0.00000    0.09758    -0.12563   3.27010    1.18497    1.68473    35.70207
G-C        0.00000    0.00000    0.00000    0.00000    0.00000    0.00000    0.07951    0.40728    3.31672    1.33311    4.94791    34.08795
C-G        0.00000    0.00000    0.00000    0.00000    0.00000    0.00000    0.00944    -0.40847   3.29771    0.20821    1.52345    33.26054
A-T        0.00000    0.00000    0.00000    0.00000    0.00000    0.00000    -0.07478   0.26775    3.30714    -0.43337   3.84704    35.23624
A-T        0.00000    0.00000    0.00000    0.00000    0.00000    0.00000    0.01478    -0.30054   3.23848    -0.69553   -1.25705   34.83602
A-T        0.00000    0.00000    0.00000    0.00000    0.00000    0.00000    0.01176    -0.28821   3.23356    -0.84338   -0.17178   34.50888
G-C        0.00000    0.00000    0.00000    0.00000    0.00000    0.00000    -0.02988   -0.36189   3.28499    -1.53880   4.51887    31.30710
G-C        0.00000    0.00000    0.00000    0.00000    0.00000    0.00000    -0.05114   -0.40329   3.35042    -0.73143   6.41920    32.05760
C-G        0.00000    0.00000    0.00000    0.00000    0.00000    0.00000    -0.00436   -0.49973   3.25823    -0.03110   4.11054    32.27037
C-G        0.00000    0.00000    0.00000    0.00000    0.00000    0.00000    0.04148    -0.40211   3.34976    0.66981    6.46522    32.04412
G-C        0.00000    0.00000    0.00000    0.00000    0.00000    0.00000    0.11422    0.29191    3.32841    1.85845    7.73154    33.19097
G-C        0.00000    0.00000    0.00000    0.00000    0.00000    0.00000    0.10457    -0.35411   3.35718    1.54624    4.93764    32.69905
C-G        0.00000    0.00000    0.00000    0.00000    0.00000    0.00000    0.07211    -0.42137   3.29441    1.07043    1.94368    33.28377
C-G        0.00000    0.00000    0.00000    0.00000    0.00000    0.00000    0.08614    -0.27931   3.36292    0.79436    3.30778    33.45287
C-G        0.00000    0.00000    0.00000    0.00000    0.00000    0.00000    0.02657    -0.28615   3.36491    -0.05377   3.15922    33.48101
G-C        0.00000    0.00000    0.00000    0.00000    0.00000    0.00000    -0.08222   0.42368    3.32193    -1.39864   4.51786    34.51164
A-T        0.00000    0.00000    0.00000    0.00000    0.00000    0.00000    -0.10761   -0.12258   3.27513    -1.32496   1.45345    36.02194
C-G        0.00000    0.00000    0.00000    0.00000    0.00000    0.00000    -0.01837   -0.64272   3.24090    -0.81047   2.14060    31.31317
A-T        0.00000    0.00000    0.00000    0.00000    0.00000    0.00000    -0.13026   0.02653    3.33857    -0.96760   7.72293    33.63356
C-G        0.00000    0.00000    0.00000    0.00000    0.00000    0.00000    -0.02858   -0.65180   3.21656    -0.05363   3.38332    30.82998
G-C        0.00000    0.00000    0.00000    0.00000    0.00000    0.00000    0.03301    0.23173    3.33317    0.68719    9.26867    32.65633
A-T        0.00000    0.00000    0.00000    0.00000    0.00000    0.00000    0.04471    -0.12414   3.26406    1.02730    3.36299    35.35722
C-G        0.00000    0.00000    0.00000    0.00000    0.00000    0.00000    0.01393    -0.64365   3.24502    1.31805    2.04697    31.31624
T-A        0.00000    0.00000    0.00000    0.00000    0.00000    0.00000    0.05786    -0.33183   3.29572    1.89368    2.88155    31.97844
T-A        0.00000    0.00000    0.00000    0.00000    0.00000    0.00000    -0.00419   -0.30898   3.24415    0.69387    -2.36860   35.36388
A-T        0.00000    0.00000    0.00000    0.00000    0.00000    0.00000    0.01597    0.54485    3.34771    -0.05048   -3.55282   40.13658
C-G        0.00000    0.00000    0.00000    0.00000    0.00000    0.00000    0.00996    -0.63300   3.27591    -0.56349   0.32302    31.85849
T-A        0.00000    0.00000    0.00000    0.00000    0.00000    0.00000    0.02510    -0.34506   3.30308    -1.32441   2.80311    31.86215
G-C        0.00000    0.00000    0.00000    0.00000    0.00000    0.00000    -0.02506   0.04661    3.33183    -1.97529   6.64960    33.73665
T-A        0.00000    0.00000    0.00000    0.00000    0.00000    0.00000    -0.02266   -0.65939   3.22227    -1.17053   3.16079    30.78347
A-T        0.00000    0.00000    0.00000    0.00000    0.00000    0.00000    -0.03508   -0.39728   3.31436    -0.49923   10.31415   31.74796
G-C        0.00000    0.00000    0.00000    0.00000    0.00000    0.00000    -0.03105   -0.36447   3.27263    0.09648    6.08405    30.63384
G-C        0.00000    0.00000    0.00000    0.00000    0.00000    0.00000    0.12955    -0.40566   3.34426    1.69685    6.76911    31.85720
T-A        0.00000    0.00000    0.00000    0.00000    0.00000    0.00000    0.02785    -0.62829   3.23333    1.14928    2.22768    31.15269
A-T        0.00000    0.00000    0.00000    0.00000    0.00000    0.00000    0.06901    0.30374    3.33537    1.70995    0.29887    37.75959
T-A        0.00000    0.00000    0.00000    0.00000    0.00000    0.00000    0.01029    -0.69745   3.23976    0.54098    -1.55042   30.78378
C-G        0.00000    0.00000    0.00000    0.00000    0.00000    0.00000    0.05101    -0.12680   3.28985    0.17240    -0.46044   36.55919
T-A        0.00000    0.00000    0.00000    0.00000    0.00000    0.00000    0.04344    -0.33588   3.30700    -0.77869   1.44980    32.07829
C-G        0.00000    0.00000    0.00000    0.00000    0.00000    0.00000    -0.08648   -0.14038   3.28314    -1.65717   1.03736    36.05197
G-C        0.00000    0.00000    0.00000    0.00000    0.00000    0.00000    -0.23340   0.28739    3.31843    -3.39365   7.39653    33.03562
A-T        0.00000    0.00000    0.00000    0.00000    0.00000    0.00000    -0.12947   -0.13337   3.24357    -1.50885   4.05563    34.59350
G-C        0.00000    0.00000    0.00000    0.00000    0.00000    0.00000    -0.03830   -0.37594   3.26426    -0.92222   6.49540    30.31074
C-G        0.00000    0.00000    0.00000    0.00000    0.00000    0.00000    0.03424    -0.51695   3.23761    0.60002    4.93240    31.75342
T-A        0.00000    0.00000    0.00000    0.00000    0.00000    0.00000    0.03826    -0.36487   3.26765    2.06865    5.68045    30.66152
C-G        0.00000    0.00000    0.00000    0.00000    0.00000    0.00000    0.16989    -0.11792   3.25489    2.11896    2.55152    35.22962
G-C        0.00000    0.00000    0.00000    0.00000    0.00000    0.00000    0.23317    0.41082    3.31015    3.33700    4.87360    34.03223
G-C        0.00000    0.00000    0.00000    0.00000    0.00000    0.00000    0.09616    -0.29834   3.36437    1.32304    2.57151    33.38965
G-C        0.00000    0.00000    0.00000    0.00000    0.00000    0.00000    -0.03121   -0.27926   3.36717    -0.18937   2.07998    33.63049
A-T        0.00000    0.00000    0.00000    0.00000    0.00000    0.00000    -0.12249   -0.12689   3.28621    -1.37297   -0.32249   36.53521
T-A        0.00000    0.00000    0.00000    0.00000    0.00000    0.00000    -0.00694   -0.69542   3.22989    -1.06530   -0.67914   30.56600
C-G        0.00000    0.00000    0.00000    0.00000    0.00000    0.00000    -0.13538   -0.13422   3.27208    -2.14432   2.74163    35.62400
C-G        0.00000    0.00000    0.00000    0.00000    0.00000    0.00000    -0.19651   -0.43408   3.34309    -2.16081   7.34836    31.70258
G-C        0.00000    0.00000    0.00000    0.00000    0.00000    0.00000    -0.06208   0.17612    3.33046    -0.82928   10.92942   31.92528
C-G        0.00000    0.00000    0.00000    0.00000    0.00000    0.00000    0.06061    -0.52157   3.23789    0.84092    5.12543    31.87573
T-A        0.00000    0.00000    0.00000    0.00000    0.00000    0.00000    0.05139    -0.36229   3.27076    2.38501    5.73844    30.91384
T-A        0.00000    0.00000    0.00000    0.00000    0.00000    0.00000    0.01748    -0.28267   3.22897    1.62281    0.31864    34.31057
T-A        0.00000    0.00000    0.00000    0.00000    0.00000    0.00000    0.00935    -0.31708   3.23938    1.46867    -1.97184   34.96192
A-T        0.00000    0.00000    0.00000    0.00000    0.00000    0.00000    0.03302    0.58058    3.34238    0.87676    -4.77876   40.28439
A-T        0.00000    0.00000    0.00000    0.00000    0.00000    0.00000    0.01471    -0.34461   3.24735    -0.50891   -3.74594   35.43486
C-G        0.00000    0.00000    0.00000    0.00000    0.00000    0.00000    -0.02100   -0.62569   3.27103    -1.09009   0.19403    31.60489
A-T        0.00000    0.00000    0.00000    0.00000    0.00000    0.00000    -0.18805   0.18196    3.30898    -2.34082   5.35014    34.42909
C-G        0.00000    0.00000    0.00000    0.00000    0.00000    0.00000    -0.03659   -0.63342   3.21542    -1.28905   2.87340    30.60312
T-A        0.00000    0.00000    0.00000    0.00000    0.00000    0.00000    0.00893    -0.36784   3.26612    -0.95219   6.20922    30.23520
T-A        0.00000    0.00000    0.00000    0.00000    0.00000    0.00000    -0.01782   -0.24841   3.20927    -0.23281   4.02181    32.69720
T-A        0.00000    0.00000    0.00000    0.00000    0.00000    0.00000    -0.00049   -0.25651   3.21158    0.60855    3.50664    32.84713
A-T        0.00000    0.00000    0.00000    0.00000    0.00000    0.00000    0.07478    -0.27642   3.31241    1.84325    8.16922    32.58942
T-A        0.00000    0.00000    0.00000    0.00000    0.00000    0.00000    0.00690    -0.69210   3.21692    1.07838    0.22943    30.03662
G-C        0.00000    0.00000    0.00000    0.00000    0.00000    0.00000    0.15010    0.23852    3.30057    1.88851    3.83387    35.05910
C-G        0.00000    0.00000    0.00000    0.00000    0.00000    0.00000    0.05245    -0.39056   3.30624    0.80584    0.77139    33.38720
T-A        0.00000    0.00000    0.00000    0.00000    0.00000    0.00000    0.03421    -0.33186   3.30653    -0.06782   0.88675    32.16392
T-A        0.00000    0.00000    0.00000    0.00000    0.00000    0.00000    -0.05194   -0.32365   3.24288    -0.96869   -2.57683   35.18469
C-G        0.00000    0.00000    0.00000    0.00000    0.00000    0.00000    -0.11524   -0.12758   3.27869    -1.94482   1.54801    35.90956
C-G        0.00000    0.00000    0.00000    0.00000    0.00000    0.00000    -0.19818   -0.39891   3.34506    -2.46224   6.20043    31.93093
G-C        0.00000    0.00000    0.00000    0.00000    0.00000    0.00000    -0.12620   0.21623    3.32171    -1.97924   9.85805    32.07107
G-C        0.00000    0.00000    0.00000    0.00000    0.00000    0.00000    0.03324    -0.44148   3.33595    0.09949    7.81041    31.23525
C-G        0.00000    0.00000    0.00000    0.00000    0.00000    0.00000    0.08590    -0.51418   3.24205    1.02809    4.68784    31.80860
T-A        0.00000    0.00000    0.00000    0.00000    0.00000    0.00000    0.05604    -0.37603   3.27314    2.21115    5.10301    30.77060
C-G        0.00000    0.00000    0.00000    0.00000    0.00000    0.00000    0.15921    -0.13414   3.26146    1.94664    1.97171    35.38993
G-C        0.00000    0.00000    0.00000    0.00000    0.00000    0.00000    0.16241    0.40061    3.31002    2.51718    4.50989    34.08294
T-A        0.00000    0.00000    0.00000    0.00000    0.00000    0.00000    -0.02175   -0.63191   3.28204    0.27289    -0.13737   31.77774
T-A        0.00000    0.00000    0.00000    0.00000    0.00000    0.00000    -0.04120   -0.32866   3.24575    -0.25968   -3.06357   35.35837
C-G        0.00000    0.00000    0.00000    0.00000    0.00000    0.00000    -0.06990   -0.12307   3.28616    -1.29162   0.53557    36.27204
A-T        0.00000    0.00000    0.00000    0.00000    0.00000    0.00000    -0.15784   0.19099    3.31370    -1.85330   5.54605    34.48618
T-A        0.00000    0.00000    0.00000    0.00000    0.00000    0.00000    0.00239    -0.68152   3.20586    -0.78319   1.16011    29.80289
G-C        0.00000    0.00000    0.00000    0.00000    0.00000    0.00000    0.04060    -0.03121   3.33909    -1.20147   8.68337    32.67445
T-A        0.00000    0.00000    0.00000    0.00000    0.00000    0.00000    0.02713    -0.65188   3.20524    -0.23938   3.73613    30.42517
T-A        0.00000    0.00000    0.00000    0.00000    0.00000    0.00000    -0.00159   -0.26695   3.21820    0.48196    2.58999    33.31087
A-T        0.00000    0.00000    0.00000    0.00000    0.00000    0.00000    0.05377    -0.19672   3.32055    1.38166    6.81828    33.55349
T-A        0.00000    0.00000    0.00000    0.00000    0.00000    0.00000    -0.00021   -0.69308   3.21896    0.78924    0.19128    30.11743
A-T        0.00000    0.00000    0.00000    0.00000    0.00000    0.00000    0.02832    0.26017    3.33447    1.18839    0.04909    37.49621
A-T        0.00000    0.00000    0.00000    0.00000    0.00000    0.00000    0.02267    -0.32453   3.24208    0.27197    -2.33340   34.98930
C-G        0.00000    0.00000    0.00000    0.00000    0.00000    0.00000    -0.00460   -0.62884   3.27177    -0.09906   0.30171    31.53693
G-C        0.00000    0.00000    0.00000    0.00000    0.00000    0.00000    -0.12109   0.41837    3.30802    -1.74029   4.85593    33.87840
G-C        0.00000    0.00000    0.00000    0.00000    0.00000    0.00000    -0.13672   -0.32884   3.34876    -1.61415   4.66303    32.40263
A-T        0.00000    0.00000    0.00000    0.00000    0.00000    0.00000    -0.10007   -0.12601   3.25451    -1.25171   2.79479    34.98008
A-T        0.00000    0.00000    0.00000    0.00000    0.00000    0.00000    0.01871    -0.27598   3.22085    -0.48775   1.89943    33.40758
T-A        0.00000    0.00000    0.00000    0.00000    0.00000    0.00000    0.00706    -0.68458   3.19824    -0.10165   1.78027    29.43259
A-T        0.00000    0.00000    0.00000    0.00000    0.00000    0.00000    0.02132    -0.33549   3.31335    0.44742    8.76276    32.15775
A-T        0.00000    0.00000    0.00000    0.00000    0.00000    0.00000    0.03390    -0.28542   3.22355    0.76096    1.49986    33.58815
T-A        0.00000    0.00000    0.00000    0.00000    0.00000    0.00000    -0.00456   -0.69185   3.21419    0.59584    0.49495    29.87293
G-C        0.00000    0.00000    0.00000    0.00000    0.00000    0.00000    0.10591    0.16370    3.31104    1.07346    5.21739    34.27292
T-A        0.00000    0.00000    0.00000    0.00000    0.00000    0.00000    -0.01342   -0.63080   3.26140    0.33488    0.78491    31.30206
G-C        0.00000    0.00000    0.00000    0.00000    0.00000    0.00000    0.05598    0.24810    3.30216    0.07214    3.88651    34.85551
T-A        0.00000    0.00000    0.00000    0.00000    0.00000    0.00000    -0.01638   -0.63331   3.26512    -0.54289   0.67863    31.34897
C-G        0.00000    0.00000    0.00000    0.00000    0.00000    0.00000    -0.02600   -0.12991   3.27524    -0.83628   1.30299    35.72176
G-C        0.00000    0.00000    0.00000    0.00000    0.00000    0.00000    -0.11904   0.32608    3.31299    -1.93925   6.74525    33.08918
A-T        0.00000    0.00000    0.00000    0.00000    0.00000    0.00000    -0.08361   -0.13624   3.25386    -1.00293   3.02418    34.87424
C-G        0.00000    0.00000    0.00000    0.00000    0.00000    0.00000    -0.00577   -0.65081   3.21796    -0.16872   3.01666    30.48327
C-G        0.00000    0.00000    0.00000    0.00000    0.00000    0.00000    -0.00737   -0.43340   3.34448    -0.02552   6.69075    31.49873
A-T        0.00000    0.00000    0.00000    0.00000    0.00000    0.00000    -0.04757   -0.02210   3.33288    0.93431    7.92932    32.79203
A-T        0.00000    0.00000    0.00000    0.00000    0.00000    0.00000    0.03014    -0.28821   3.22594    0.80072    0.96532    33.76817
A-T        0.00000    0.00000    0.00000    0.00000    0.00000    0.00000    0.03260    -0.29969   3.23093    0.79538    -0.13092   34.11206
T-A        0.00000    0.00000    0.00000    0.00000    0.00000    0.00000    -0.00256   -0.69354   3.22551    0.42032    -0.51225   30.17523
G-C        0.00000    0.00000    0.00000    0.00000    0.00000    0.00000    -0.26900   -1.09600   3.26800    0.63500    -9.99700   39.98800
T-A        0.00000    0.00000    0.00000    0.00000    0.00000    0.00000    -0.93000   -1.59400   3.28000    -2.04100   -8.63700   31.91900
G-C        0.00000    0.00000    0.00000    0.00000    0.00000    0.00000    -0.32200   -0.59300   3.18200    -1.64500   -0.35500   39.45000
A-T        0.00000    0.00000    0.00000    0.00000    0.00000    0.00000    0.12000    -0.98200   3.10400    2.85700    -6.37700   31.80500
G-C        0.00000    0.00000    0.00000    0.00000    0.00000    0.00000    0.96000    -0.48300   2.89600    -0.90300   -7.58100   33.59100
C-G        0.00000    0.00000    0.00000    0.00000    0.00000    0.00000    -0.71600   -0.08600   3.08700    11.70400   -4.92300   33.30600
G-C        0.00000    0.00000    0.00000    0.00000    0.00000    0.00000    -0.04900   1.55200    5.41000    -0.16600   60.13700   13.22600
C-G        0.00000    0.00000    0.00000    0.00000    0.00000    0.00000    0.67600    -0.12300   3.12600    -12.51300  -5.64000   33.19800
T-A        0.00000    0.00000    0.00000    0.00000    0.00000    0.00000    -0.92900   -0.52700   2.87900    1.16900    -8.55000   33.49600
C-G        0.00000    0.00000    0.00000    0.00000    0.00000    0.00000    -0.13500   -1.01800   3.05000    -2.62500   -6.07500   32.09900
A-T        0.00000    0.00000    0.00000    0.00000    0.00000    0.00000    0.37700    -0.59700   3.22500    2.13300    -0.62500   39.44400
C-G        0.00000    0.00000    0.00000    0.00000    0.00000    0.00000    0.90500    -1.56600   3.20700    2.32100    -8.20800   32.14100
A-T        0.00000    0.00000    0.00000    0.00000    0.00000    0.00000    0.52900    -0.91300   3.45700    1.68800    -11.71500  37.50000
