147 # base pairs
  0 # ***local base-pair & step parameters***
#          Shear      Stretch    Stagger    Buckle     Prop-Tw    Opening    Shift      Slide      Rise       Tilt       Roll       Twist
T-A        0.00000    0.00000    0.00000    0.00000    0.00000    0.00000    0.00000    0.00000    0.00000    0.00000    0.00000    0.00000
G-C        0.00000    0.00000    0.00000    0.00000    0.00000    0.00000    -0.52900   -0.91400   3.45700    -1.68900   -11.71200  37.48600
T-A        0.00000    0.00000    0.00000    0.00000    0.00000    0.00000    -0.90500   -1.56600   3.20600    -2.28600   -8.20700   32.14700
G-C        0.00000    0.00000    0.00000    0.00000    0.00000    0.00000    -0.37800   -0.59600   3.22500    -2.16700   -0.60300   39.43900
A-T        0.00000    0.00000    0.00000    0.00000    0.00000    0.00000    0.13400    -1.01800   3.05000    2.61000    -6.09300   32.09300
G-C        0.00000    0.00000    0.00000    0.00000    0.00000    0.00000    0.92900    -0.52800   2.87800    -1.17000   -8.57000   33.49400
C-G        0.00000    0.00000    0.00000    0.00000    0.00000    0.00000    -0.67600   -0.12200   3.12700    12.55900   -5.64700   33.21100
G-C        0.00000    0.00000    0.00000    0.00000    0.00000    0.00000    0.04900    1.55300    5.41000    0.14200    60.15100   13.21000
C-G        0.00000    0.00000    0.00000    0.00000    0.00000    0.00000    0.71500    -0.08700   3.08800    -11.72400  -4.90600   33.28700
T-A        0.00000    0.00000    0.00000    0.00000    0.00000    0.00000    -0.96000   -0.48500   2.89400    0.89600    -7.58500   33.58500
C-G        0.00000    0.00000    0.00000    0.00000    0.00000    0.00000    -0.12000   -0.98300   3.10600    -2.86200   -6.42300   31.82500
A-T        0.00000    0.00000    0.00000    0.00000    0.00000    0.00000    0.32200    -0.59300   3.18200    1.65600    -0.34900   39.43600
C-G        0.00000    0.00000    0.00000    0.00000    0.00000    0.00000    0.92900    -1.59300   3.28000    2.06100    -8.65300   31.94300
A-T        0.00000    0.00000    0.00000    0.00000    0.00000    0.00000    0.27000    -1.09600   3.26800    -0.64500   -9.98900   39.97000
A-T        0.00000    0.00000    0.00000    0.00000    0.00000    0.00000    0.00598    -0.29348   3.23556    -0.88579   -0.74405   34.59613
T-A        0.00000    0.00000    0.00000    0.00000    0.00000    0.00000    0.00429    -0.68468   3.21475    -0.64041   0.56042    30.08079
T-A        0.00000    0.00000    0.00000    0.00000    0.00000    0.00000    -0.02567   -0.26704   3.22521    -0.73744   1.61964    33.89065
T-A        0.00000    0.00000    0.00000    0.00000    0.00000    0.00000    -0.01666   -0.26279   3.22235    -0.33176   2.22593    33.67627
A-T        0.00000    0.00000    0.00000    0.00000    0.00000    0.00000    0.02130    -0.27480   3.32243    0.33872    8.33492    32.99754
T-A        0.00000    0.00000    0.00000    0.00000    0.00000    0.00000    0.00157    -0.68605   3.20762    0.44647    1.24774    29.87860
T-A        0.00000    0.00000    0.00000    0.00000    0.00000    0.00000    -0.00930   -0.28635   3.23031    0.79407    0.51844    34.20749
C-G        0.00000    0.00000    0.00000    0.00000    0.00000    0.00000    0.09414    -0.12529   3.27169    1.14081    1.60969    35.77006
G-C        0.00000    0.00000    0.00000    0.00000    0.00000    0.00000    0.07114    0.40933    3.31798    1.22131    4.90900    34.14265
C-G        0.00000    0.00000    0.00000    0.00000    0.00000    0.00000    0.00426    -0.40898   3.29812    0.14632    1.54139    33.28204
A-T        0.00000    0.00000    0.00000    0.00000    0.00000    0.00000    -0.07725   0.26658    3.30839    -0.47164   3.92757    35.24166
A-T        0.00000    0.00000    0.00000    0.00000    0.00000    0.00000    0.01478    -0.29794   3.23830    -0.68837   -1.15359   34.83192
A-T        0.00000    0.00000    0.00000    0.00000    0.00000    0.00000    0.01269    -0.28615   3.23350    -0.80992   -0.09450   34.51134
G-C        0.00000    0.00000    0.00000    0.00000    0.00000    0.00000    -0.02792   -0.36144   3.28573    -1.47176   4.53129    31.33419
G-C        0.00000    0.00000    0.00000    0.00000    0.00000    0.00000    -0.04438   -0.40279   3.35136    -0.65622   6.38544    32.09832
C-G        0.00000    0.00000    0.00000    0.00000    0.00000    0.00000    -0.00142   -0.49825   3.26002    0.00784    4.04972    32.32183
C-G        0.00000    0.00000    0.00000    0.00000    0.00000    0.00000    0.04229    -0.39934   3.35098    0.67963    6.37285    32.11136
G-C        0.00000    0.00000    0.00000    0.00000    0.00000    0.00000    0.10961    0.29664    3.32936    1.80148    7.61807    33.26819
G-C        0.00000    0.00000    0.00000    0.00000    0.00000    0.00000    0.09711    -0.35092   3.35790    1.46987    4.89087    32.74808
C-G        0.00000    0.00000    0.00000    0.00000    0.00000    0.00000    0.06724    -0.42115   3.29495    1.00943    1.94430    33.30604
C-G        0.00000    0.00000    0.00000    0.00000    0.00000    0.00000    0.08149    -0.27916   3.36313    0.74031    3.35378    33.46129
C-G        0.00000    0.00000    0.00000    0.00000    0.00000    0.00000    0.02553    -0.28654   3.36502    -0.06961   3.22575    33.48109
G-C        0.00000    0.00000    0.00000    0.00000    0.00000    0.00000    -0.07889   0.42110    3.32321    -1.36198   4.60389    34.50710
A-T        0.00000    0.00000    0.00000    0.00000    0.00000    0.00000    -0.10364   -0.12245   3.27557    -1.27921   1.48548    36.03480
C-G        0.00000    0.00000    0.00000    0.00000    0.00000    0.00000    -0.01713   -0.64338   3.24164    -0.77197   2.13535    31.33624
A-T        0.00000    0.00000    0.00000    0.00000    0.00000    0.00000    -0.12792   0.02871    3.33905    -0.92610   7.66676    33.68289
C-G        0.00000    0.00000    0.00000    0.00000    0.00000    0.00000    -0.02900   -0.65204   3.21824    -0.04018   3.32970    30.87356
G-C        0.00000    0.00000    0.00000    0.00000    0.00000    0.00000    0.03092    0.23580    3.33407    0.67191    9.17389    32.72298
A-T        0.00000    0.00000    0.00000    0.00000    0.00000    0.00000    0.04194    -0.12312   3.26497    0.99771    3.31164    35.40274
C-G        0.00000    0.00000    0.00000    0.00000    0.00000    0.00000    0.01268    -0.64290   3.24573    1.28937    2.02821    31.34765
T-A        0.00000    0.00000    0.00000    0.00000    0.00000    0.00000    0.05772    -0.33039   3.29634    1.85749    2.88677    32.00783
T-A        0.00000    0.00000    0.00000    0.00000    0.00000    0.00000    -0.00370   -0.30735   3.24427    0.67873    -2.33287   35.37896
A-T        0.00000    0.00000    0.00000    0.00000    0.00000    0.00000    0.01797    0.54266    3.34831    -0.04778   -3.48428   40.14058
C-G        0.00000    0.00000    0.00000    0.00000    0.00000    0.00000    0.01146    -0.63366   3.27620    -0.55049   0.33835    31.87756
T-A        0.00000    0.00000    0.00000    0.00000    0.00000    0.00000    0.02580    -0.34577   3.30380    -1.30236   2.80786    31.88994
G-C        0.00000    0.00000    0.00000    0.00000    0.00000    0.00000    -0.02485   0.04605    3.33256    -1.95691   6.63486    33.77327
T-A        0.00000    0.00000    0.00000    0.00000    0.00000    0.00000    -0.02409   -0.65984   3.22314    -1.16529   3.14553    30.81439
A-T        0.00000    0.00000    0.00000    0.00000    0.00000    0.00000    -0.03747   -0.39006   3.31530    -0.49965   10.23835   31.84030
G-C        0.00000    0.00000    0.00000    0.00000    0.00000    0.00000    -0.03318   -0.36291   3.27335    0.09538    6.07210    30.67476
G-C        0.00000    0.00000    0.00000    0.00000    0.00000    0.00000    0.12789    -0.40189   3.34448    1.69224    6.75760    31.89729
T-A        0.00000    0.00000    0.00000    0.00000    0.00000    0.00000    0.02836    -0.62720   3.23377    1.15456    2.21910    31.18522
A-T        0.00000    0.00000    0.00000    0.00000    0.00000    0.00000    0.07113    0.31657    3.33612    1.72011    0.19584    37.87366
T-A        0.00000    0.00000    0.00000    0.00000    0.00000    0.00000    0.01182    -0.69730   3.24025    0.54278    -1.57723   30.81110
C-G        0.00000    0.00000    0.00000    0.00000    0.00000    0.00000    0.05225    -0.12688   3.29062    0.16848    -0.49745   36.59719
T-A        0.00000    0.00000    0.00000    0.00000    0.00000    0.00000    0.04449    -0.33641   3.30791    -0.80336   1.42242    32.11350
C-G        0.00000    0.00000    0.00000    0.00000    0.00000    0.00000    -0.08898   -0.14143   3.28381    -1.69187   1.03078    36.07826
G-C        0.00000    0.00000    0.00000    0.00000    0.00000    0.00000    -0.23910   0.28399    3.31938    -3.45702   7.43419    33.04638
A-T        0.00000    0.00000    0.00000    0.00000    0.00000    0.00000    -0.13237   -0.13335   3.24338    -1.53100   4.10530    34.59386
G-C        0.00000    0.00000    0.00000    0.00000    0.00000    0.00000    -0.04037   -0.37521   3.26419    -0.91654   6.55757    30.31757
C-G        0.00000    0.00000    0.00000    0.00000    0.00000    0.00000    0.03514    -0.51730   3.23725    0.63105    4.96908    31.76019
T-A        0.00000    0.00000    0.00000    0.00000    0.00000    0.00000    0.03868    -0.36295   3.26762    2.12885    5.70148    30.68871
C-G        0.00000    0.00000    0.00000    0.00000    0.00000    0.00000    0.17493    -0.11598   3.25520    2.18107    2.52056    35.26649
G-C        0.00000    0.00000    0.00000    0.00000    0.00000    0.00000    0.24074    0.41693    3.31039    3.41925    4.75840    34.10496
G-C        0.00000    0.00000    0.00000    0.00000    0.00000    0.00000    0.09882    -0.29527   3.36522    1.32993    2.46745    33.45599
G-C        0.00000    0.00000    0.00000    0.00000    0.00000    0.00000    -0.03419   -0.27742   3.36812    -0.24224   1.98548    33.69145
A-T        0.00000    0.00000    0.00000    0.00000    0.00000    0.00000    -0.12780   -0.12749   3.28679    -1.44872   -0.36961   36.57258
T-A        0.00000    0.00000    0.00000    0.00000    0.00000    0.00000    -0.00797   -0.69551   3.22986    -1.10886   -0.66140   30.57903
C-G        0.00000    0.00000    0.00000    0.00000    0.00000    0.00000    -0.14198   -0.13426   3.27202    -2.21392   2.82433    35.62459
C-G        0.00000    0.00000    0.00000    0.00000    0.00000    0.00000    -0.20278   -0.43598   3.34268    -2.19568   7.47023    31.68969
G-C        0.00000    0.00000    0.00000    0.00000    0.00000    0.00000    -0.05967   0.17258    3.33148    -0.77566   11.08886   31.90264
C-G        0.00000    0.00000    0.00000    0.00000    0.00000    0.00000    0.06633    -0.52246   3.23727    0.92091    5.18294    31.88268
T-A        0.00000    0.00000    0.00000    0.00000    0.00000    0.00000    0.05384    -0.36053   3.27088    2.49649    5.74896    30.95647
T-A        0.00000    0.00000    0.00000    0.00000    0.00000    0.00000    0.02007    -0.28263   3.22955    1.69372    0.21650    34.37889
T-A        0.00000    0.00000    0.00000    0.00000    0.00000    0.00000    0.01112    -0.31888   3.24033    1.51024    -2.15848   35.04940
A-T        0.00000    0.00000    0.00000    0.00000    0.00000    0.00000    0.03292    0.61098    3.34381    0.85015    -5.26301   40.59342
A-T        0.00000    0.00000    0.00000    0.00000    0.00000    0.00000    0.01283    -0.34627   3.24805    -0.58452   -3.88529   35.50170
C-G        0.00000    0.00000    0.00000    0.00000    0.00000    0.00000    -0.02499   -0.62534   3.27122    -1.18491   0.18651    31.63603
A-T        0.00000    0.00000    0.00000    0.00000    0.00000    0.00000    -0.19613   0.17914    3.30985    -2.46172   5.45692    34.42261
C-G        0.00000    0.00000    0.00000    0.00000    0.00000    0.00000    -0.03986   -0.63313   3.21279    -1.32799   3.00234    30.58243
T-A        0.00000    0.00000    0.00000    0.00000    0.00000    0.00000    0.00795    -0.36760   3.26491    -0.93219   6.38259    30.20562
T-A        0.00000    0.00000    0.00000    0.00000    0.00000    0.00000    -0.01588   -0.24504   3.20844    -0.17921   4.19080    32.66231
T-A        0.00000    0.00000    0.00000    0.00000    0.00000    0.00000    0.00244    -0.25486   3.21130    0.69582    3.56298    32.84872
A-T        0.00000    0.00000    0.00000    0.00000    0.00000    0.00000    0.08127    -0.26230   3.31319    1.96654    7.97343    32.73981
T-A        0.00000    0.00000    0.00000    0.00000    0.00000    0.00000    0.00787    -0.69290   3.21853    1.11931    0.10636    30.09342
G-C        0.00000    0.00000    0.00000    0.00000    0.00000    0.00000    0.14980    0.25014    3.29917    1.90777    3.58706    35.19038
C-G        0.00000    0.00000    0.00000    0.00000    0.00000    0.00000    0.04616    -0.38731   3.30853    0.73031    0.64990    33.44732
T-A        0.00000    0.00000    0.00000    0.00000    0.00000    0.00000    0.03104    -0.33125   3.30750    -0.20318   0.80739    32.20375
T-A        0.00000    0.00000    0.00000    0.00000    0.00000    0.00000    -0.05494   -0.32230   3.24271    -1.06554   -2.52845   35.18952
C-G        0.00000    0.00000    0.00000    0.00000    0.00000    0.00000    -0.12302   -0.12651   3.27808    -2.03731   1.67639    35.88889
A-T        0.00000    0.00000    0.00000    0.00000    0.00000    0.00000    -0.17359   0.07708    3.32677    -1.95914   7.58437    33.55425
T-A        0.00000    0.00000    0.00000    0.00000    0.00000    0.00000    0.00343    -0.67540   3.19050    -0.57241   2.36000    29.37285
G-C        0.00000    0.00000    0.00000    0.00000    0.00000    0.00000    0.09177    -0.09039   3.34522    -0.29319   9.86816    32.19692
T-A        0.00000    0.00000    0.00000    0.00000    0.00000    0.00000    0.04365    -0.64782   3.20062    0.55333    3.86123    30.42001
T-A        0.00000    0.00000    0.00000    0.00000    0.00000    0.00000    0.01077    -0.27673   3.22162    1.19543    1.74231    33.61477
A-T        0.00000    0.00000    0.00000    0.00000    0.00000    0.00000    0.06994    0.05143    3.32731    1.91706    3.03281    35.72884
T-A        0.00000    0.00000    0.00000    0.00000    0.00000    0.00000    -0.00210   -0.70017   3.23358    0.76411    -1.07493   30.50156
A-T        0.00000    0.00000    0.00000    0.00000    0.00000    0.00000    0.00169    0.49590    3.33934    0.51406    -3.53712   39.46604
A-T        0.00000    0.00000    0.00000    0.00000    0.00000    0.00000    0.00675    -0.33145   3.24386    -0.54266   -2.93267   35.13849
C-G        0.00000    0.00000    0.00000    0.00000    0.00000    0.00000    -0.02259   -0.62322   3.26164    -0.92350   0.66103    31.41687
G-C        0.00000    0.00000    0.00000    0.00000    0.00000    0.00000    -0.20576   0.35673    3.31049    -3.04125   6.49117    33.24404
G-C        0.00000    0.00000    0.00000    0.00000    0.00000    0.00000    -0.13181   -0.37206   3.33984    -1.74121   6.18499    31.78014
A-T        0.00000    0.00000    0.00000    0.00000    0.00000    0.00000    -0.06229   -0.13123   3.24207    -0.79430   4.19334    34.38097
T-A        0.00000    0.00000    0.00000    0.00000    0.00000    0.00000    0.01126    -0.68182   3.19201    0.04538    2.20508    29.22511
C-G        0.00000    0.00000    0.00000    0.00000    0.00000    0.00000    0.09385    -0.14275   3.24348    0.96857    3.99746    34.41260
C-G        0.00000    0.00000    0.00000    0.00000    0.00000    0.00000    0.14422    -0.40193   3.34634    1.71925    5.94133    31.80034
G-C        0.00000    0.00000    0.00000    0.00000    0.00000    0.00000    0.17068    0.32284    3.31258    2.62086    6.33896    33.24719
G-C        0.00000    0.00000    0.00000    0.00000    0.00000    0.00000    0.07856    -0.34962   3.35937    1.37029    3.76869    32.71119
C-G        0.00000    0.00000    0.00000    0.00000    0.00000    0.00000    0.01591    -0.40405   3.29880    0.41725    1.27212    33.20954
T-A        0.00000    0.00000    0.00000    0.00000    0.00000    0.00000    0.02703    -0.33096   3.30133    -0.06747   1.71847    31.92463
C-G        0.00000    0.00000    0.00000    0.00000    0.00000    0.00000    -0.04398   -0.12297   3.28182    -0.96867   0.76624    36.07474
G-C        0.00000    0.00000    0.00000    0.00000    0.00000    0.00000    -0.15922   0.36560    3.31310    -2.42716   6.21937    33.43596
T-A        0.00000    0.00000    0.00000    0.00000    0.00000    0.00000    -0.00504   -0.64704   3.23153    -1.15140   2.46423    30.80005
A-T        0.00000    0.00000    0.00000    0.00000    0.00000    0.00000    -0.00987   -0.26697   3.31381    -0.76761   8.16981    32.60357
T-A        0.00000    0.00000    0.00000    0.00000    0.00000    0.00000    0.00846    -0.68407   3.19754    -0.07411   1.83466    29.42090
A-T        0.00000    0.00000    0.00000    0.00000    0.00000    0.00000    0.02610    -0.33775   3.31346    0.51742    8.79180    32.15692
A-T        0.00000    0.00000    0.00000    0.00000    0.00000    0.00000    0.03553    -0.28640   3.22387    0.80238    1.44267    33.61932
T-A        0.00000    0.00000    0.00000    0.00000    0.00000    0.00000    -0.00443   -0.69259   3.21513    0.61105    0.42562    29.90366
G-C        0.00000    0.00000    0.00000    0.00000    0.00000    0.00000    0.10380    0.16758    3.31048    1.06509    5.10189    34.33288
T-A        0.00000    0.00000    0.00000    0.00000    0.00000    0.00000    -0.01646   -0.63113   3.26263    0.30061    0.73405    31.32703
G-C        0.00000    0.00000    0.00000    0.00000    0.00000    0.00000    0.05018    0.24953    3.30209    0.00142    3.86660    34.86937
T-A        0.00000    0.00000    0.00000    0.00000    0.00000    0.00000    -0.01862   -0.63303   3.26453    -0.58446   0.71015    31.34540
C-G        0.00000    0.00000    0.00000    0.00000    0.00000    0.00000    -0.02845   -0.12864   3.27467    -0.86268   1.37463    35.70539
G-C        0.00000    0.00000    0.00000    0.00000    0.00000    0.00000    -0.11646   0.32473    3.31325    -1.91228   6.84480    33.06330
A-T        0.00000    0.00000    0.00000    0.00000    0.00000    0.00000    -0.07878   -0.13550   3.25368    -0.95378   3.07051    34.86889
C-G        0.00000    0.00000    0.00000    0.00000    0.00000    0.00000    -0.00258   -0.65110   3.21814    -0.12471   3.01759    30.49018
C-G        0.00000    0.00000    0.00000    0.00000    0.00000    0.00000    0.00033    -0.43258   3.34494    0.04215    6.64479    31.52515
A-T        0.00000    0.00000    0.00000    0.00000    0.00000    0.00000    -0.04538   -0.01968   3.33259    0.95254    7.83292    32.84301
A-T        0.00000    0.00000    0.00000    0.00000    0.00000    0.00000    0.02959    -0.29000   3.22651    0.78443    0.86431    33.80966
A-T        0.00000    0.00000    0.00000    0.00000    0.00000    0.00000    0.03090    -0.30072   3.23131    0.75835    -0.19395   34.14215
T-A        0.00000    0.00000    0.00000    0.00000    0.00000    0.00000    -0.00408   -0.69350   3.22561    0.39042    -0.51259   30.18512
G-C        0.00000    0.00000    0.00000    0.00000    0.00000    0.00000    -0.26900   -1.09600   3.26800    0.63500    -9.99700   39.98800
T-A        0.00000    0.00000    0.00000    0.00000    0.00000    0.00000    -0.93000   -1.59400   3.28000    -2.04100   -8.63700   31.91900
G-C        0.00000    0.00000    0.00000    0.00000    0.00000    0.00000    -0.32200   -0.59300   3.18200    -1.64500   -0.35500   39.45000
A-T        0.00000    0.00000    0.00000    0.00000    0.00000    0.00000    0.12000    -0.98200   3.10400    2.85700    -6.37700   31.80500
G-C        0.00000    0.00000    0.00000    0.00000    0.00000    0.00000    0.96000    -0.48300   2.89600    -0.90300   -7.58100   33.59100
C-G        0.00000    0.00000    0.00000    0.00000    0.00000    0.00000    -0.71600   -0.08600   3.08700    11.70400   -4.92300   33.30600
G-C        0.00000    0.00000    0.00000    0.00000    0.00000    0.00000    -0.04900   1.55200    5.41000    -0.16600   60.13700   13.22600
C-G        0.00000    0.00000    0.00000    0.00000    0.00000    0.00000    0.67600    -0.12300   3.12600    -12.51300  -5.64000   33.19800
T-A        0.00000    0.00000    0.00000    0.00000    0.00000    0.00000    -0.92900   -0.52700   2.87900    1.16900    -8.55000   33.49600
C-G        0.00000    0.00000    0.00000    0.00000    0.00000    0.00000    -0.13500   -1.01800   3.05000    -2.62500   -6.07500   32.09900
A-T        0.00000    0.00000    0.00000    0.00000    0.00000    0.00000    0.37700    -0.59700   3.22500    2.13300    -0.62500   39.44400
C-G        0.00000    0.00000    0.00000    0.00000    0.00000    0.00000    0.90500    -1.56600   3.20700    2.32100    -8.20800   32.14100
A-T        0.00000    0.00000    0.00000    0.00000    0.00000    0.00000    0.52900    -0.91300   3.45700    1.68800    -11.71500  37.50000
