147 # base pairs
  0 # ***local base-pair & step parameters***
#          Shear      Stretch    Stagger    Buckle     Prop-Tw    Opening    Shift      Slide      Rise       Tilt       Roll       Twist
T-A        0.00000    0.00000    0.00000    0.00000    0.00000    0.00000    0.00000    0.00000    0.00000    0.00000    0.00000    0.00000
G-C        0.00000    0.00000    0.00000    0.00000    0.00000    0.00000    -0.52900   -0.91400   3.45700    -1.68900   -11.71200  37.48600
T-A        0.00000    0.00000    0.00000    0.00000    0.00000    0.00000    -0.90500   -1.56600   3.20600    -2.28600   -8.20700   32.14700
G-C        0.00000    0.00000    0.00000    0.00000    0.00000    0.00000    -0.37800   -0.59600   3.22500    -2.16700   -0.60300   39.43900
A-T        0.00000    0.00000    0.00000    0.00000    0.00000    0.00000    0.13400    -1.01800   3.05000    2.61000    -6.09300   32.09300
G-C        0.00000    0.00000    0.00000    0.00000    0.00000    0.00000    0.92900    -0.52800   2.87800    -1.17000   -8.57000   33.49400
C-G        0.00000    0.00000    0.00000    0.00000    0.00000    0.00000    -0.67600   -0.12200   3.12700    12.55900   -5.64700   33.21100
G-C        0.00000    0.00000    0.00000    0.00000    0.00000    0.00000    0.04900    1.55300    5.41000    0.14200    60.15100   13.21000
C-G        0.00000    0.00000    0.00000    0.00000    0.00000    0.00000    0.71500    -0.08700   3.08800    -11.72400  -4.90600   33.28700
T-A        0.00000    0.00000    0.00000    0.00000    0.00000    0.00000    -0.96000   -0.48500   2.89400    0.89600    -7.58500   33.58500
C-G        0.00000    0.00000    0.00000    0.00000    0.00000    0.00000    -0.12000   -0.98300   3.10600    -2.86200   -6.42300   31.82500
A-T        0.00000    0.00000    0.00000    0.00000    0.00000    0.00000    0.32200    -0.59300   3.18200    1.65600    -0.34900   39.43600
C-G        0.00000    0.00000    0.00000    0.00000    0.00000    0.00000    0.92900    -1.59300   3.28000    2.06100    -8.65300   31.94300
A-T        0.00000    0.00000    0.00000    0.00000    0.00000    0.00000    0.27000    -1.09600   3.26800    -0.64500   -9.98900   39.97000
A-T        0.00000    0.00000    0.00000    0.00000    0.00000    0.00000    0.00639    -0.29710   3.23615    -0.88191   -0.94525   34.65643
T-A        0.00000    0.00000    0.00000    0.00000    0.00000    0.00000    0.00329    -0.68563   3.21592    -0.66814   0.44570    30.11803
T-A        0.00000    0.00000    0.00000    0.00000    0.00000    0.00000    -0.02859   -0.26837   3.22530    -0.80884   1.53141    33.92323
T-A        0.00000    0.00000    0.00000    0.00000    0.00000    0.00000    -0.01965   -0.26189   3.22185    -0.41478   2.26015    33.67321
A-T        0.00000    0.00000    0.00000    0.00000    0.00000    0.00000    0.01696    -0.29047   3.32106    0.25422    8.63457    32.83356
T-A        0.00000    0.00000    0.00000    0.00000    0.00000    0.00000    0.00168    -0.68474   3.20562    0.43098    1.38065    29.83559
T-A        0.00000    0.00000    0.00000    0.00000    0.00000    0.00000    -0.00793   -0.28322   3.22897    0.81273    0.71452    34.14666
C-G        0.00000    0.00000    0.00000    0.00000    0.00000    0.00000    0.10144    -0.12474   3.27002    1.23351    1.70587    35.73045
G-C        0.00000    0.00000    0.00000    0.00000    0.00000    0.00000    0.08643    0.40845    3.31721    1.42468    4.91438    34.14372
C-G        0.00000    0.00000    0.00000    0.00000    0.00000    0.00000    0.01216    -0.40733   3.29902    0.24269    1.47881    33.31426
A-T        0.00000    0.00000    0.00000    0.00000    0.00000    0.00000    -0.07446   0.27406    3.30683    -0.43730   3.74040    35.33298
A-T        0.00000    0.00000    0.00000    0.00000    0.00000    0.00000    0.01371    -0.30045   3.23890    -0.71574   -1.33960   34.90796
A-T        0.00000    0.00000    0.00000    0.00000    0.00000    0.00000    0.01023    -0.28721   3.23381    -0.87368   -0.21481   34.57149
G-C        0.00000    0.00000    0.00000    0.00000    0.00000    0.00000    -0.03120   -0.36014   3.28531    -1.58419   4.52550    31.36380
G-C        0.00000    0.00000    0.00000    0.00000    0.00000    0.00000    -0.05406   -0.40009   3.35017    -0.77010   6.44773    32.10112
C-G        0.00000    0.00000    0.00000    0.00000    0.00000    0.00000    -0.00411   -0.50016   3.25813    -0.03736   4.14520    32.29707
C-G        0.00000    0.00000    0.00000    0.00000    0.00000    0.00000    0.04448    -0.40033   3.34962    0.69257    6.50342    32.08067
G-C        0.00000    0.00000    0.00000    0.00000    0.00000    0.00000    0.11938    0.29120    3.32929    1.91264    7.75602    33.23318
G-C        0.00000    0.00000    0.00000    0.00000    0.00000    0.00000    0.10950    -0.35408   3.35769    1.58623    4.93329    32.74924
C-G        0.00000    0.00000    0.00000    0.00000    0.00000    0.00000    0.07376    -0.42138   3.29557    1.09122    1.92326    33.33416
C-G        0.00000    0.00000    0.00000    0.00000    0.00000    0.00000    0.08524    -0.27834   3.36362    0.79870    3.27187    33.51638
C-G        0.00000    0.00000    0.00000    0.00000    0.00000    0.00000    0.02290    -0.28455   3.36544    -0.07219   3.13038    33.54296
G-C        0.00000    0.00000    0.00000    0.00000    0.00000    0.00000    -0.08672   0.42588    3.32269    -1.43912   4.49526    34.57405
A-T        0.00000    0.00000    0.00000    0.00000    0.00000    0.00000    -0.10925   -0.12067   3.27542    -1.33960   1.45779    36.06950
C-G        0.00000    0.00000    0.00000    0.00000    0.00000    0.00000    -0.01933   -0.64172   3.24080    -0.81133   2.15529    31.35633
A-T        0.00000    0.00000    0.00000    0.00000    0.00000    0.00000    -0.12813   0.03232    3.33886    -0.95785   7.71812    33.69824
C-G        0.00000    0.00000    0.00000    0.00000    0.00000    0.00000    -0.02659   -0.65128   3.21699    -0.03871   3.38035    30.87912
G-C        0.00000    0.00000    0.00000    0.00000    0.00000    0.00000    0.03759    0.23383    3.33405    0.72340    9.22880    32.72661
A-T        0.00000    0.00000    0.00000    0.00000    0.00000    0.00000    0.04654    -0.12401   3.26509    1.03577    3.32203    35.42264
C-G        0.00000    0.00000    0.00000    0.00000    0.00000    0.00000    0.01392    -0.64444   3.24616    1.30714    2.01836    31.37308
T-A        0.00000    0.00000    0.00000    0.00000    0.00000    0.00000    0.05608    -0.33221   3.29673    1.86248    2.86281    32.03990
T-A        0.00000    0.00000    0.00000    0.00000    0.00000    0.00000    -0.00583   -0.30787   3.24428    0.66957    -2.35790   35.40923
A-T        0.00000    0.00000    0.00000    0.00000    0.00000    0.00000    0.01204    0.54616    3.34843    -0.06693   -3.49539   40.18975
C-G        0.00000    0.00000    0.00000    0.00000    0.00000    0.00000    0.00689    -0.63224   3.27554    -0.55335   0.35988    31.89801
T-A        0.00000    0.00000    0.00000    0.00000    0.00000    0.00000    0.02452    -0.34222   3.30337    -1.28073   2.83086    31.92033
G-C        0.00000    0.00000    0.00000    0.00000    0.00000    0.00000    -0.02156   0.05697    3.33201    -1.90722   6.60915    33.83405
T-A        0.00000    0.00000    0.00000    0.00000    0.00000    0.00000    -0.01874   -0.65805   3.22352    -1.13176   3.11626    30.85627
A-T        0.00000    0.00000    0.00000    0.00000    0.00000    0.00000    -0.03040   -0.36978   3.31623    -0.47066   9.98188    32.04308
G-C        0.00000    0.00000    0.00000    0.00000    0.00000    0.00000    -0.02827   -0.36360   3.27448    0.08540    5.98275    30.73950
G-C        0.00000    0.00000    0.00000    0.00000    0.00000    0.00000    0.12589    -0.40396   3.34578    1.63229    6.68405    31.94933
T-A        0.00000    0.00000    0.00000    0.00000    0.00000    0.00000    0.02671    -0.62989   3.23496    1.08965    2.19939    31.21603
A-T        0.00000    0.00000    0.00000    0.00000    0.00000    0.00000    0.06368    0.29992    3.33667    1.62791    0.35988    37.81125
T-A        0.00000    0.00000    0.00000    0.00000    0.00000    0.00000    0.00817    -0.69671   3.23920    0.51579    -1.47343   30.80144
C-G        0.00000    0.00000    0.00000    0.00000    0.00000    0.00000    0.04806    -0.12476   3.28988    0.16724    -0.34756   36.58246
T-A        0.00000    0.00000    0.00000    0.00000    0.00000    0.00000    0.04170    -0.33379   3.30718    -0.70785   1.54943    32.12801
C-G        0.00000    0.00000    0.00000    0.00000    0.00000    0.00000    -0.07989   -0.13690   3.28352    -1.55634   1.06107    36.10699
G-C        0.00000    0.00000    0.00000    0.00000    0.00000    0.00000    -0.21846   0.29576    3.32012    -3.19735   7.29145    33.15708
A-T        0.00000    0.00000    0.00000    0.00000    0.00000    0.00000    -0.12222   -0.13126   3.24644    -1.43010   3.90344    34.73480
G-C        0.00000    0.00000    0.00000    0.00000    0.00000    0.00000    -0.03586   -0.37364   3.26720    -0.91038   6.30901    30.46258
C-G        0.00000    0.00000    0.00000    0.00000    0.00000    0.00000    0.03165    -0.51359   3.24148    0.54306    4.79572    31.87264
T-A        0.00000    0.00000    0.00000    0.00000    0.00000    0.00000    0.03710    -0.36404   3.27035    1.94276    5.57002    30.77757
C-G        0.00000    0.00000    0.00000    0.00000    0.00000    0.00000    0.15884    -0.11813   3.25673    1.97573    2.54372    35.30672
G-C        0.00000    0.00000    0.00000    0.00000    0.00000    0.00000    0.21708    0.40507    3.31284    3.13046    5.02520    34.05007
G-C        0.00000    0.00000    0.00000    0.00000    0.00000    0.00000    0.09009    -0.29989   3.36433    1.26401    2.75121    33.39015
G-C        0.00000    0.00000    0.00000    0.00000    0.00000    0.00000    -0.02668   -0.28055   3.36696    -0.13048   2.26738    33.62710
A-T        0.00000    0.00000    0.00000    0.00000    0.00000    0.00000    -0.11261   -0.12465   3.28663    -1.24164   -0.20858   36.56083
T-A        0.00000    0.00000    0.00000    0.00000    0.00000    0.00000    -0.00559   -0.69465   3.23029    -0.97985   -0.68236   30.60693
C-G        0.00000    0.00000    0.00000    0.00000    0.00000    0.00000    -0.12318   -0.13231   3.27371    -1.99242   2.60541    35.72297
C-G        0.00000    0.00000    0.00000    0.00000    0.00000    0.00000    -0.18320   -0.42575   3.34525    -2.04244   7.11377    31.85053
G-C        0.00000    0.00000    0.00000    0.00000    0.00000    0.00000    -0.06357   0.18881    3.33165    -0.86362   10.57264   32.12188
C-G        0.00000    0.00000    0.00000    0.00000    0.00000    0.00000    0.05155    -0.51747   3.24183    0.72208    4.96521    31.98667
T-A        0.00000    0.00000    0.00000    0.00000    0.00000    0.00000    0.04762    -0.36115   3.27303    2.19736    5.64370    31.00094
T-A        0.00000    0.00000    0.00000    0.00000    0.00000    0.00000    0.01389    -0.28010   3.22913    1.49372    0.39285    34.33980
T-A        0.00000    0.00000    0.00000    0.00000    0.00000    0.00000    0.00722    -0.31168   3.23882    1.37963    -1.73908   34.94968
A-T        0.00000    0.00000    0.00000    0.00000    0.00000    0.00000    0.03333    0.55092    3.34269    0.88406    -4.17577   40.06016
A-T        0.00000    0.00000    0.00000    0.00000    0.00000    0.00000    0.01714    -0.33915   3.24689    -0.40863   -3.52543   35.43387
C-G        0.00000    0.00000    0.00000    0.00000    0.00000    0.00000    -0.01646   -0.62674   3.27178    -0.94952   0.22367    31.65376
T-A        0.00000    0.00000    0.00000    0.00000    0.00000    0.00000    0.00638    -0.34042   3.29440    -1.82551   3.06654    31.48308
C-G        0.00000    0.00000    0.00000    0.00000    0.00000    0.00000    -0.10739   -0.13282   3.26264    -1.81720   3.14461    35.17773
A-T        0.00000    0.00000    0.00000    0.00000    0.00000    0.00000    -0.13858   -0.03123   3.33664    -1.07716   9.07076    32.63308
T-A        0.00000    0.00000    0.00000    0.00000    0.00000    0.00000    0.00387    -0.67601   3.18622    -0.07585   2.67921    29.18533
G-C        0.00000    0.00000    0.00000    0.00000    0.00000    0.00000    0.13654    -0.06253   3.33969    0.77805    9.36740    32.43613
T-A        0.00000    0.00000    0.00000    0.00000    0.00000    0.00000    0.03989    -0.64112   3.21547    1.07513    3.03656    30.66910
T-A        0.00000    0.00000    0.00000    0.00000    0.00000    0.00000    0.00768    -0.29830   3.22948    1.39391    0.00789    34.15688
A-T        0.00000    0.00000    0.00000    0.00000    0.00000    0.00000    0.05026    0.30519    3.33242    1.52155    -0.75432   37.77995
T-A        0.00000    0.00000    0.00000    0.00000    0.00000    0.00000    -0.00409   -0.70304   3.24052    0.32173    -1.73799   30.62994
A-T        0.00000    0.00000    0.00000    0.00000    0.00000    0.00000    -0.02979   0.50316    3.33681    -0.50957   -3.52121   39.35812
A-T        0.00000    0.00000    0.00000    0.00000    0.00000    0.00000    -0.00165   -0.31741   3.23851    -1.11196   -1.91477   34.78236
C-G        0.00000    0.00000    0.00000    0.00000    0.00000    0.00000    -0.02698   -0.62694   3.24042    -1.20057   1.69700    31.07828
G-C        0.00000    0.00000    0.00000    0.00000    0.00000    0.00000    -0.18306   0.27590    3.31575    -2.78231   8.35442    32.54874
G-C        0.00000    0.00000    0.00000    0.00000    0.00000    0.00000    -0.05641   -0.41677   3.33665    -0.92351   7.21329    31.37658
A-T        0.00000    0.00000    0.00000    0.00000    0.00000    0.00000    -0.00379   -0.13812   3.24186    0.06743    4.58397    34.29300
A-T        0.00000    0.00000    0.00000    0.00000    0.00000    0.00000    0.04165    -0.27229   3.21676    0.82024    2.63396    33.12165
C-G        0.00000    0.00000    0.00000    0.00000    0.00000    0.00000    0.02594    -0.65842   3.22788    1.35718    2.63413    30.58196
T-A        0.00000    0.00000    0.00000    0.00000    0.00000    0.00000    0.04981    -0.36773   3.28196    2.09284    3.52841    31.09853
T-A        0.00000    0.00000    0.00000    0.00000    0.00000    0.00000    -0.01408   -0.32561   3.23757    0.88771    -1.75622   34.58195
T-A        0.00000    0.00000    0.00000    0.00000    0.00000    0.00000    -0.02924   -0.33300   3.24099    0.30472    -2.49237   34.80833
A-T        0.00000    0.00000    0.00000    0.00000    0.00000    0.00000    -0.03498   0.39450    3.33151    -0.62078   -1.77923   38.22305
T-A        0.00000    0.00000    0.00000    0.00000    0.00000    0.00000    -0.00489   -0.69326   3.22616    -0.65104   -0.59520   30.22206
G-C        0.00000    0.00000    0.00000    0.00000    0.00000    0.00000    -0.00993   0.09926    3.31744    -1.76023   6.18339    33.49965
C-G        0.00000    0.00000    0.00000    0.00000    0.00000    0.00000    -0.07410   -0.47791   3.25359    -1.17732   3.70750    32.00797
T-A        0.00000    0.00000    0.00000    0.00000    0.00000    0.00000    0.03432    -0.37137   3.26967    -0.26390   5.50529    30.28132
T-A        0.00000    0.00000    0.00000    0.00000    0.00000    0.00000    -0.01247   -0.27572   3.21654    -0.00696   2.59423    33.00656
C-G        0.00000    0.00000    0.00000    0.00000    0.00000    0.00000    0.08485    -0.14448   3.24556    0.87668    3.70574    34.45214
C-G        0.00000    0.00000    0.00000    0.00000    0.00000    0.00000    0.11996    -0.39940   3.34608    1.47003    5.77909    31.76886
G-C        0.00000    0.00000    0.00000    0.00000    0.00000    0.00000    0.14244    0.32771    3.30984    2.23670    6.33856    33.14426
G-C        0.00000    0.00000    0.00000    0.00000    0.00000    0.00000    0.06360    -0.34940   3.35644    1.16933    3.92142    32.55476
C-G        0.00000    0.00000    0.00000    0.00000    0.00000    0.00000    0.01503    -0.40864   3.29332    0.35331    1.47061    33.03323
T-A        0.00000    0.00000    0.00000    0.00000    0.00000    0.00000    0.03318    -0.33433   3.29750    -0.02742   1.97433    31.70433
C-G        0.00000    0.00000    0.00000    0.00000    0.00000    0.00000    -0.03114   -0.12691   3.27815    -0.83683   0.94946    35.87407
G-C        0.00000    0.00000    0.00000    0.00000    0.00000    0.00000    -0.13816   0.35326    3.31070    -2.15461   6.31548    33.26358
T-A        0.00000    0.00000    0.00000    0.00000    0.00000    0.00000    -0.00516   -0.64897   3.23154    -1.05750   2.40983    30.70772
A-T        0.00000    0.00000    0.00000    0.00000    0.00000    0.00000    -0.01188   -0.26937   3.31262    -0.70561   7.92279    32.55124
T-A        0.00000    0.00000    0.00000    0.00000    0.00000    0.00000    0.00479    -0.68599   3.19859    -0.07562   1.71136    29.38947
A-T        0.00000    0.00000    0.00000    0.00000    0.00000    0.00000    0.01716    -0.32863   3.31174    0.45255    8.56063    32.12644
A-T        0.00000    0.00000    0.00000    0.00000    0.00000    0.00000    0.03232    -0.28844   3.22339    0.73494    1.39943    33.53451
T-A        0.00000    0.00000    0.00000    0.00000    0.00000    0.00000    -0.00513   -0.69190   3.21392    0.56646    0.46145    29.82256
G-C        0.00000    0.00000    0.00000    0.00000    0.00000    0.00000    0.10423    0.16273    3.30923    0.99784    5.23759    34.15651
T-A        0.00000    0.00000    0.00000    0.00000    0.00000    0.00000    -0.01141   -0.63041   3.25932    0.29719    0.82435    31.20207
G-C        0.00000    0.00000    0.00000    0.00000    0.00000    0.00000    0.05919    0.23588    3.30134    0.03160    4.00736    34.68398
T-A        0.00000    0.00000    0.00000    0.00000    0.00000    0.00000    -0.01378   -0.63469   3.26271    -0.54880   0.74468    31.23700
C-G        0.00000    0.00000    0.00000    0.00000    0.00000    0.00000    -0.02403   -0.13403   3.27307    -0.82285   1.38278    35.58984
G-C        0.00000    0.00000    0.00000    0.00000    0.00000    0.00000    -0.11769   0.31612    3.31058    -1.90450   6.84864    32.93742
A-T        0.00000    0.00000    0.00000    0.00000    0.00000    0.00000    -0.08430   -0.13969   3.25196    -0.98119   3.07407    34.75546
C-G        0.00000    0.00000    0.00000    0.00000    0.00000    0.00000    -0.00817   -0.65116   3.21625    -0.14440   3.03849    30.38461
C-G        0.00000    0.00000    0.00000    0.00000    0.00000    0.00000    -0.00750   -0.43466   3.34279    0.00666    6.69820    31.40015
A-T        0.00000    0.00000    0.00000    0.00000    0.00000    0.00000    -0.04699   -0.02175   3.33076    0.97929    7.91726    32.69202
A-T        0.00000    0.00000    0.00000    0.00000    0.00000    0.00000    0.03136    -0.29039   3.22549    0.81585    0.91478    33.70049
A-T        0.00000    0.00000    0.00000    0.00000    0.00000    0.00000    0.03435    -0.30252   3.23056    0.79047    -0.19913   34.04707
T-A        0.00000    0.00000    0.00000    0.00000    0.00000    0.00000    -0.00070   -0.69432   3.22534    0.40272    -0.54988   30.12412
G-C        0.00000    0.00000    0.00000    0.00000    0.00000    0.00000    -0.26900   -1.09600   3.26800    0.63500    -9.99700   39.98800
T-A        0.00000    0.00000    0.00000    0.00000    0.00000    0.00000    -0.93000   -1.59400   3.28000    -2.04100   -8.63700   31.91900
G-C        0.00000    0.00000    0.00000    0.00000    0.00000    0.00000    -0.32200   -0.59300   3.18200    -1.64500   -0.35500   39.45000
A-T        0.00000    0.00000    0.00000    0.00000    0.00000    0.00000    0.12000    -0.98200   3.10400    2.85700    -6.37700   31.80500
G-C        0.00000    0.00000    0.00000    0.00000    0.00000    0.00000    0.96000    -0.48300   2.89600    -0.90300   -7.58100   33.59100
C-G        0.00000    0.00000    0.00000    0.00000    0.00000    0.00000    -0.71600   -0.08600   3.08700    11.70400   -4.92300   33.30600
G-C        0.00000    0.00000    0.00000    0.00000    0.00000    0.00000    -0.04900   1.55200    5.41000    -0.16600   60.13700   13.22600
C-G        0.00000    0.00000    0.00000    0.00000    0.00000    0.00000    0.67600    -0.12300   3.12600    -12.51300  -5.64000   33.19800
T-A        0.00000    0.00000    0.00000    0.00000    0.00000    0.00000    -0.92900   -0.52700   2.87900    1.16900    -8.55000   33.49600
C-G        0.00000    0.00000    0.00000    0.00000    0.00000    0.00000    -0.13500   -1.01800   3.05000    -2.62500   -6.07500   32.09900
A-T        0.00000    0.00000    0.00000    0.00000    0.00000    0.00000    0.37700    -0.59700   3.22500    2.13300    -0.62500   39.44400
C-G        0.00000    0.00000    0.00000    0.00000    0.00000    0.00000    0.90500    -1.56600   3.20700    2.32100    -8.20800   32.14100
A-T        0.00000    0.00000    0.00000    0.00000    0.00000    0.00000    0.52900    -0.91300   3.45700    1.68800    -11.71500  37.50000
