147 # base pairs
  0 # ***local base-pair & step parameters***
#          Shear      Stretch    Stagger    Buckle     Prop-Tw    Opening    Shift      Slide      Rise       Tilt       Roll       Twist
T-A        0.00000    0.00000    0.00000    0.00000    0.00000    0.00000    0.00000    0.00000    0.00000    0.00000    0.00000    0.00000
G-C        0.00000    0.00000    0.00000    0.00000    0.00000    0.00000    -0.52900   -0.91400   3.45700    -1.68900   -11.71200  37.48600
T-A        0.00000    0.00000    0.00000    0.00000    0.00000    0.00000    -0.90500   -1.56600   3.20600    -2.28600   -8.20700   32.14700
G-C        0.00000    0.00000    0.00000    0.00000    0.00000    0.00000    -0.37800   -0.59600   3.22500    -2.16700   -0.60300   39.43900
A-T        0.00000    0.00000    0.00000    0.00000    0.00000    0.00000    0.13400    -1.01800   3.05000    2.61000    -6.09300   32.09300
G-C        0.00000    0.00000    0.00000    0.00000    0.00000    0.00000    0.92900    -0.52800   2.87800    -1.17000   -8.57000   33.49400
C-G        0.00000    0.00000    0.00000    0.00000    0.00000    0.00000    -0.67600   -0.12200   3.12700    12.55900   -5.64700   33.21100
G-C        0.00000    0.00000    0.00000    0.00000    0.00000    0.00000    0.04900    1.55300    5.41000    0.14200    60.15100   13.21000
C-G        0.00000    0.00000    0.00000    0.00000    0.00000    0.00000    0.71500    -0.08700   3.08800    -11.72400  -4.90600   33.28700
T-A        0.00000    0.00000    0.00000    0.00000    0.00000    0.00000    -0.96000   -0.48500   2.89400    0.89600    -7.58500   33.58500
C-G        0.00000    0.00000    0.00000    0.00000    0.00000    0.00000    -0.12000   -0.98300   3.10600    -2.86200   -6.42300   31.82500
A-T        0.00000    0.00000    0.00000    0.00000    0.00000    0.00000    0.32200    -0.59300   3.18200    1.65600    -0.34900   39.43600
C-G        0.00000    0.00000    0.00000    0.00000    0.00000    0.00000    0.92900    -1.59300   3.28000    2.06100    -8.65300   31.94300
A-T        0.00000    0.00000    0.00000    0.00000    0.00000    0.00000    0.27000    -1.09600   3.26800    -0.64500   -9.98900   39.97000
A-T        0.00000    0.00000    0.00000    0.00000    0.00000    0.00000    0.01495    -0.30189   3.23437    -0.60812   -0.76579   34.36001
T-A        0.00000    0.00000    0.00000    0.00000    0.00000    0.00000    0.00662    -0.68878   3.21658    -0.49663   0.30755    29.98133
T-A        0.00000    0.00000    0.00000    0.00000    0.00000    0.00000    -0.02534   -0.28410   3.22652    -0.65292   1.03882    33.81440
T-A        0.00000    0.00000    0.00000    0.00000    0.00000    0.00000    -0.02104   -0.27919   3.22352    -0.41418   1.68278    33.59405
A-T        0.00000    0.00000    0.00000    0.00000    0.00000    0.00000    0.00666    -0.27504   3.31800    0.03321    7.91611    32.78639
T-A        0.00000    0.00000    0.00000    0.00000    0.00000    0.00000    -0.00158   -0.68809   3.20570    0.25934    1.27862    29.67029
T-A        0.00000    0.00000    0.00000    0.00000    0.00000    0.00000    -0.01680   -0.28866   3.22674    0.54619    0.94094    33.80534
C-G        0.00000    0.00000    0.00000    0.00000    0.00000    0.00000    0.08118    -0.12958   3.26357    0.97817    2.15177    35.31745
G-C        0.00000    0.00000    0.00000    0.00000    0.00000    0.00000    0.07947    0.37704    3.31308    1.34135    5.72513    33.56561
C-G        0.00000    0.00000    0.00000    0.00000    0.00000    0.00000    0.02688    -0.41868   3.28800    0.43546    1.88596    32.93842
A-T        0.00000    0.00000    0.00000    0.00000    0.00000    0.00000    -0.05403   0.23841    3.30647    0.00114    4.18473    34.81247
A-T        0.00000    0.00000    0.00000    0.00000    0.00000    0.00000    0.02319    -0.30830   3.23801    -0.43690   -1.37791   34.67808
A-T        0.00000    0.00000    0.00000    0.00000    0.00000    0.00000    0.01824    -0.30145   3.23459    -0.69317   -0.62756   34.44354
G-C        0.00000    0.00000    0.00000    0.00000    0.00000    0.00000    -0.03111   -0.36520   3.28480    -1.49792   4.04523    31.19387
G-C        0.00000    0.00000    0.00000    0.00000    0.00000    0.00000    -0.07294   -0.40292   3.35016    -0.95300   6.02164    31.96380
C-G        0.00000    0.00000    0.00000    0.00000    0.00000    0.00000    -0.02989   -0.49624   3.25681    -0.35851   3.96069    32.12374
C-G        0.00000    0.00000    0.00000    0.00000    0.00000    0.00000    -0.00176   -0.41959   3.34693    0.17989    6.56066    31.72926
G-C        0.00000    0.00000    0.00000    0.00000    0.00000    0.00000    0.07592    0.26789    3.32234    1.34164    8.23683    32.70554
G-C        0.00000    0.00000    0.00000    0.00000    0.00000    0.00000    0.09375    -0.37442   3.35089    1.42718    5.45409    32.22331
C-G        0.00000    0.00000    0.00000    0.00000    0.00000    0.00000    0.07799    -0.43330   3.28229    1.16594    2.36996    32.87967
C-G        0.00000    0.00000    0.00000    0.00000    0.00000    0.00000    0.11314    -0.29211   3.35704    1.12717    3.68089    33.04997
C-G        0.00000    0.00000    0.00000    0.00000    0.00000    0.00000    0.06898    -0.29069   3.36060    0.42151    3.25629    33.19816
G-C        0.00000    0.00000    0.00000    0.00000    0.00000    0.00000    -0.03675   0.43036    3.31446    -0.77771   4.25565    34.34858
A-T        0.00000    0.00000    0.00000    0.00000    0.00000    0.00000    -0.09538   -0.12829   3.27618    -1.15008   1.03094    35.97319
C-G        0.00000    0.00000    0.00000    0.00000    0.00000    0.00000    -0.01184   -0.64226   3.24650    -0.85116   1.72816    31.23893
A-T        0.00000    0.00000    0.00000    0.00000    0.00000    0.00000    -0.14352   0.03672    3.33142    -1.24476   7.26504    33.59338
C-G        0.00000    0.00000    0.00000    0.00000    0.00000    0.00000    -0.03392   -0.65120   3.21523    -0.33956   3.27627    30.64046
G-C        0.00000    0.00000    0.00000    0.00000    0.00000    0.00000    -0.01688   0.21362    3.32675    -0.00211   9.55499    32.26525
A-T        0.00000    0.00000    0.00000    0.00000    0.00000    0.00000    0.02286    -0.12910   3.25471    0.74765    3.84629    34.89329
C-G        0.00000    0.00000    0.00000    0.00000    0.00000    0.00000    0.00848    -0.64472   3.23137    1.27677    2.54967    30.90519
T-A        0.00000    0.00000    0.00000    0.00000    0.00000    0.00000    0.05660    -0.33956   3.28609    2.07781    3.47117    31.49914
T-A        0.00000    0.00000    0.00000    0.00000    0.00000    0.00000    0.00097    -0.30906   3.23998    0.93503    -1.87932   34.94593
A-T        0.00000    0.00000    0.00000    0.00000    0.00000    0.00000    0.03438    0.50290    3.34054    0.36838    -3.19392   39.47377
C-G        0.00000    0.00000    0.00000    0.00000    0.00000    0.00000    0.02431    -0.63321   3.27723    -0.31415   0.08678    31.64613
T-A        0.00000    0.00000    0.00000    0.00000    0.00000    0.00000    0.03516    -0.34849   3.30072    -1.17788   2.31221    31.66265
G-C        0.00000    0.00000    0.00000    0.00000    0.00000    0.00000    -0.02808   0.05855    3.32244    -2.07312   6.03885    33.64371
T-A        0.00000    0.00000    0.00000    0.00000    0.00000    0.00000    -0.03167   -0.66143   3.22499    -1.38924   2.86565    30.59053
A-T        0.00000    0.00000    0.00000    0.00000    0.00000    0.00000    -0.05130   -0.44031   3.30728    -0.90416   10.41150   31.12813
G-C        0.00000    0.00000    0.00000    0.00000    0.00000    0.00000    -0.03960   -0.37662   3.26342    -0.33773   6.32382    30.12565
G-C        0.00000    0.00000    0.00000    0.00000    0.00000    0.00000    0.10002    -0.43139   3.33679    1.36558    7.27366    31.27623
T-A        0.00000    0.00000    0.00000    0.00000    0.00000    0.00000    0.02247    -0.63086   3.21771    1.08241    2.76846    30.60923
T-A        0.00000    0.00000    0.00000    0.00000    0.00000    0.00000    0.00604    -0.29740   3.23004    1.35408    -0.32607   34.15158
C-G        0.00000    0.00000    0.00000    0.00000    0.00000    0.00000    0.14339    -0.12335   3.27097    1.54764    0.49327    35.78739
A-T        0.00000    0.00000    0.00000    0.00000    0.00000    0.00000    -0.00752   0.28630    3.29101    0.57036    2.66654    35.18077
T-A        0.00000    0.00000    0.00000    0.00000    0.00000    0.00000    0.00839    -0.70513   3.24195    -0.32512   -1.87462   30.63501
G-C        0.00000    0.00000    0.00000    0.00000    0.00000    0.00000    -0.01998   0.17421    3.30313    -1.80994   3.95909    34.42671
T-A        0.00000    0.00000    0.00000    0.00000    0.00000    0.00000    -0.03931   -0.65761   3.24625    -1.71620   1.69693    30.83905
T-A        0.00000    0.00000    0.00000    0.00000    0.00000    0.00000    -0.05602   -0.28464   3.21985    -1.42614   1.87136    33.34522
A-T        0.00000    0.00000    0.00000    0.00000    0.00000    0.00000    -0.05654   -0.51859   3.30057    -1.11713   11.56546   30.25011
T-A        0.00000    0.00000    0.00000    0.00000    0.00000    0.00000    -0.00848   -0.67734   3.18211    -0.02395   2.86500    28.90599
A-T        0.00000    0.00000    0.00000    0.00000    0.00000    0.00000    0.02782    -0.50414   3.29882    1.03793    11.77886   30.19333
A-T        0.00000    0.00000    0.00000    0.00000    0.00000    0.00000    0.05024    -0.27168   3.21827    1.46656    2.10396    33.32108
C-G        0.00000    0.00000    0.00000    0.00000    0.00000    0.00000    0.04571    -0.64708   3.24302    1.83944    1.76861    30.83500
G-C        0.00000    0.00000    0.00000    0.00000    0.00000    0.00000    0.22432    0.42746    3.29930    3.18498    4.23805    33.93149
G-C        0.00000    0.00000    0.00000    0.00000    0.00000    0.00000    0.06237    -0.29983   3.36189    0.94926    2.24553    33.19676
A-T        0.00000    0.00000    0.00000    0.00000    0.00000    0.00000    -0.07226   -0.13366   3.28844    -0.63932   -0.88083   36.48023
A-T        0.00000    0.00000    0.00000    0.00000    0.00000    0.00000    -0.00241   -0.33357   3.24201    -1.35499   -2.69044   35.06147
T-A        0.00000    0.00000    0.00000    0.00000    0.00000    0.00000    -0.01050   -0.69266   3.22125    -1.21561   -0.09197   30.23934
C-G        0.00000    0.00000    0.00000    0.00000    0.00000    0.00000    -0.13794   -0.13551   3.26145    -2.14187   3.54712    35.12538
T-A        0.00000    0.00000    0.00000    0.00000    0.00000    0.00000    -0.00909   -0.36695   3.26718    -1.00863   6.60642    30.39323
C-G        0.00000    0.00000    0.00000    0.00000    0.00000    0.00000    0.01608    -0.12563   3.23493    0.07739    5.53652    34.18826
G-C        0.00000    0.00000    0.00000    0.00000    0.00000    0.00000    0.16967    0.19092    3.32556    2.44268    10.58363   31.93633
A-T        0.00000    0.00000    0.00000    0.00000    0.00000    0.00000    0.14277    -0.13203   3.26350    2.22402    3.39072    35.23911
G-C        0.00000    0.00000    0.00000    0.00000    0.00000    0.00000    0.00651    -0.34073   3.29828    2.27702    2.96441    31.66926
C-G        0.00000    0.00000    0.00000    0.00000    0.00000    0.00000    0.13825    -0.39771   3.30704    1.83394    0.96573    33.51117
T-A        0.00000    0.00000    0.00000    0.00000    0.00000    0.00000    0.05603    -0.33089   3.31305    0.92121    0.38192    32.61541
C-G        0.00000    0.00000    0.00000    0.00000    0.00000    0.00000    -0.03031   -0.13031   3.30028    -0.81096   -1.06522   36.98760
G-C        0.00000    0.00000    0.00000    0.00000    0.00000    0.00000    -0.25575   0.43483    3.31084    -3.61860   4.04837    34.46413
G-C        0.00000    0.00000    0.00000    0.00000    0.00000    0.00000    -0.27025   -0.32362   3.34745    -3.09024   4.97350    32.55302
G-C        0.00000    0.00000    0.00000    0.00000    0.00000    0.00000    -0.20060   -0.37796   3.33718    -2.46329   6.76478    31.75700
A-T        0.00000    0.00000    0.00000    0.00000    0.00000    0.00000    -0.08228   -0.12544   3.23339    -1.01853   5.13563    34.15597
T-A        0.00000    0.00000    0.00000    0.00000    0.00000    0.00000    0.00736    -0.67322   3.18122    0.15077    3.04718    29.05294
C-G        0.00000    0.00000    0.00000    0.00000    0.00000    0.00000    0.13092    -0.13085   3.23601    1.53716    4.66981    34.29269
C-G        0.00000    0.00000    0.00000    0.00000    0.00000    0.00000    0.23627    -0.37592   3.34399    2.75082    5.99948    32.01537
G-C        0.00000    0.00000    0.00000    0.00000    0.00000    0.00000    0.26883    0.35985    3.31359    3.90825    5.55251    33.77966
C-G        0.00000    0.00000    0.00000    0.00000    0.00000    0.00000    0.10764    -0.39995   3.30723    1.53521    0.96721    33.48452
T-A        0.00000    0.00000    0.00000    0.00000    0.00000    0.00000    0.04045    -0.33243   3.31153    0.67689    0.60108    32.50913
T-A        0.00000    0.00000    0.00000    0.00000    0.00000    0.00000    -0.04939   -0.33219   3.24895    -0.61513   -3.59948   35.71879
T-A        0.00000    0.00000    0.00000    0.00000    0.00000    0.00000    -0.06202   -0.30328   3.24172    -1.37731   -1.91265   35.29605
A-T        0.00000    0.00000    0.00000    0.00000    0.00000    0.00000    -0.08841   0.11294    3.33201    -2.19717   3.61341    36.22043
A-T        0.00000    0.00000    0.00000    0.00000    0.00000    0.00000    -0.00394   -0.24283   3.22047    -1.12329   2.42715    33.84987
C-G        0.00000    0.00000    0.00000    0.00000    0.00000    0.00000    -0.01425   -0.64239   3.20015    -0.28847   4.11727    30.71833
A-T        0.00000    0.00000    0.00000    0.00000    0.00000    0.00000    -0.03077   -0.06398   3.35198    0.78248    9.70825    32.73375
C-G        0.00000    0.00000    0.00000    0.00000    0.00000    0.00000    0.02991    -0.65912   3.21849    1.34070    3.50312    30.94162
T-A        0.00000    0.00000    0.00000    0.00000    0.00000    0.00000    0.06378    -0.36293   3.28720    2.54681    4.44973    31.60649
T-A        0.00000    0.00000    0.00000    0.00000    0.00000    0.00000    0.00613    -0.30399   3.23909    1.38748    -1.26585   35.05298
T-A        0.00000    0.00000    0.00000    0.00000    0.00000    0.00000    -0.01431   -0.32523   3.24629    0.90064    -2.85918   35.50335
A-T        0.00000    0.00000    0.00000    0.00000    0.00000    0.00000    -0.02539   0.61101    3.35042    -0.05267   -4.73736   40.80776
T-A        0.00000    0.00000    0.00000    0.00000    0.00000    0.00000    -0.01447   -0.69554   3.24118    -0.56237   -1.55585   30.92485
G-C        0.00000    0.00000    0.00000    0.00000    0.00000    0.00000    -0.04738   0.21759    3.31612    -1.93641   4.64841    34.85810
C-G        0.00000    0.00000    0.00000    0.00000    0.00000    0.00000    -0.12323   -0.45495   3.27186    -1.74858   3.13273    32.72139
T-A        0.00000    0.00000    0.00000    0.00000    0.00000    0.00000    0.02481    -0.34661   3.28144    -0.95549   5.28596    31.01149
T-A        0.00000    0.00000    0.00000    0.00000    0.00000    0.00000    -0.01397   -0.24926   3.21819    -0.41206   2.95019    33.46281
C-G        0.00000    0.00000    0.00000    0.00000    0.00000    0.00000    0.07008    -0.13131   3.24968    0.59977    4.23679    34.80893
C-G        0.00000    0.00000    0.00000    0.00000    0.00000    0.00000    0.13428    -0.39957   3.35046    1.53644    6.39745    32.11079
G-C        0.00000    0.00000    0.00000    0.00000    0.00000    0.00000    0.18455    0.29929    3.32873    2.73388    7.01858    33.50462
G-C        0.00000    0.00000    0.00000    0.00000    0.00000    0.00000    0.11319    -0.35575   3.36533    1.69591    4.15383    33.03545
C-G        0.00000    0.00000    0.00000    0.00000    0.00000    0.00000    0.04171    -0.41025   3.30677    0.79679    1.36277    33.58190
T-A        0.00000    0.00000    0.00000    0.00000    0.00000    0.00000    0.02453    -0.32450   3.31110    0.36596    1.58092    32.53409
C-G        0.00000    0.00000    0.00000    0.00000    0.00000    0.00000    -0.03051   -0.11200   3.29289    -0.69851   0.30387    36.71957
G-C        0.00000    0.00000    0.00000    0.00000    0.00000    0.00000    -0.15177   0.41341    3.32527    -2.24150   5.33151    34.31925
T-A        0.00000    0.00000    0.00000    0.00000    0.00000    0.00000    -0.00817   -0.64254   3.24777    -1.21040   1.97178    31.43989
A-T        0.00000    0.00000    0.00000    0.00000    0.00000    0.00000    -0.01839   -0.08689   3.32868    -1.01618   6.27430    34.57180
T-A        0.00000    0.00000    0.00000    0.00000    0.00000    0.00000    0.00971    -0.68039   3.20302    -0.24127   1.63938    29.85417
A-T        0.00000    0.00000    0.00000    0.00000    0.00000    0.00000    0.01981    -0.26109   3.32539    0.20312    8.33998    33.25737
A-T        0.00000    0.00000    0.00000    0.00000    0.00000    0.00000    0.03255    -0.26793   3.22586    0.65138    1.72364    34.00738
T-A        0.00000    0.00000    0.00000    0.00000    0.00000    0.00000    -0.00268   -0.68802   3.21493    0.58193    0.70046    30.15452
G-C        0.00000    0.00000    0.00000    0.00000    0.00000    0.00000    0.11023    0.17031    3.32233    1.21758    5.41434    34.78089
T-A        0.00000    0.00000    0.00000    0.00000    0.00000    0.00000    -0.00869   -0.63191   3.26640    0.47660    0.87040    31.75624
G-C        0.00000    0.00000    0.00000    0.00000    0.00000    0.00000    0.06050    0.28604    3.31009    0.37617    3.68407    35.57998
T-A        0.00000    0.00000    0.00000    0.00000    0.00000    0.00000    -0.01450   -0.63028   3.27524    -0.38098   0.48677    31.90453
C-G        0.00000    0.00000    0.00000    0.00000    0.00000    0.00000    -0.02056   -0.11581   3.28649    -0.71459   0.90256    36.39477
G-C        0.00000    0.00000    0.00000    0.00000    0.00000    0.00000    -0.11603   0.36784    3.32656    -1.90131   6.07161    33.93806
A-T        0.00000    0.00000    0.00000    0.00000    0.00000    0.00000    -0.08661   -0.12253   3.26580    -1.09197   2.58835    35.57606
C-G        0.00000    0.00000    0.00000    0.00000    0.00000    0.00000    -0.00832   -0.64818   3.22920    -0.32204   2.78511    31.07067
C-G        0.00000    0.00000    0.00000    0.00000    0.00000    0.00000    -0.02718   -0.41538   3.35259    -0.29625   6.56522    32.09315
A-T        0.00000    0.00000    0.00000    0.00000    0.00000    0.00000    -0.05765   0.00251    3.34231    0.62442    7.91457    33.42183
A-T        0.00000    0.00000    0.00000    0.00000    0.00000    0.00000    0.02537    -0.27021   3.22799    0.71204    1.24859    34.16644
A-T        0.00000    0.00000    0.00000    0.00000    0.00000    0.00000    0.02963    -0.28029   3.23270    0.83511    0.22107    34.49513
T-A        0.00000    0.00000    0.00000    0.00000    0.00000    0.00000    -0.00382   -0.68896   3.22672    0.52172    -0.35707   30.47423
G-C        0.00000    0.00000    0.00000    0.00000    0.00000    0.00000    -0.26900   -1.09600   3.26800    0.63500    -9.99700   39.98800
T-A        0.00000    0.00000    0.00000    0.00000    0.00000    0.00000    -0.93000   -1.59400   3.28000    -2.04100   -8.63700   31.91900
G-C        0.00000    0.00000    0.00000    0.00000    0.00000    0.00000    -0.32200   -0.59300   3.18200    -1.64500   -0.35500   39.45000
A-T        0.00000    0.00000    0.00000    0.00000    0.00000    0.00000    0.12000    -0.98200   3.10400    2.85700    -6.37700   31.80500
G-C        0.00000    0.00000    0.00000    0.00000    0.00000    0.00000    0.96000    -0.48300   2.89600    -0.90300   -7.58100   33.59100
C-G        0.00000    0.00000    0.00000    0.00000    0.00000    0.00000    -0.71600   -0.08600   3.08700    11.70400   -4.92300   33.30600
G-C        0.00000    0.00000    0.00000    0.00000    0.00000    0.00000    -0.04900   1.55200    5.41000    -0.16600   60.13700   13.22600
C-G        0.00000    0.00000    0.00000    0.00000    0.00000    0.00000    0.67600    -0.12300   3.12600    -12.51300  -5.64000   33.19800
T-A        0.00000    0.00000    0.00000    0.00000    0.00000    0.00000    -0.92900   -0.52700   2.87900    1.16900    -8.55000   33.49600
C-G        0.00000    0.00000    0.00000    0.00000    0.00000    0.00000    -0.13500   -1.01800   3.05000    -2.62500   -6.07500   32.09900
A-T        0.00000    0.00000    0.00000    0.00000    0.00000    0.00000    0.37700    -0.59700   3.22500    2.13300    -0.62500   39.44400
C-G        0.00000    0.00000    0.00000    0.00000    0.00000    0.00000    0.90500    -1.56600   3.20700    2.32100    -8.20800   32.14100
A-T        0.00000    0.00000    0.00000    0.00000    0.00000    0.00000    0.52900    -0.91300   3.45700    1.68800    -11.71500  37.50000
