147 # base pairs
  0 # ***local base-pair & step parameters***
#          Shear      Stretch    Stagger    Buckle     Prop-Tw    Opening    Shift      Slide      Rise       Tilt       Roll       Twist
T-A        0.00000    0.00000    0.00000    0.00000    0.00000    0.00000    0.00000    0.00000    0.00000    0.00000    0.00000    0.00000
G-C        0.00000    0.00000    0.00000    0.00000    0.00000    0.00000    -0.52900   -0.91400   3.45700    -1.68900   -11.71200  37.48600
T-A        0.00000    0.00000    0.00000    0.00000    0.00000    0.00000    -0.90500   -1.56600   3.20600    -2.28600   -8.20700   32.14700
G-C        0.00000    0.00000    0.00000    0.00000    0.00000    0.00000    -0.37800   -0.59600   3.22500    -2.16700   -0.60300   39.43900
A-T        0.00000    0.00000    0.00000    0.00000    0.00000    0.00000    0.13400    -1.01800   3.05000    2.61000    -6.09300   32.09300
G-C        0.00000    0.00000    0.00000    0.00000    0.00000    0.00000    0.92900    -0.52800   2.87800    -1.17000   -8.57000   33.49400
C-G        0.00000    0.00000    0.00000    0.00000    0.00000    0.00000    -0.67600   -0.12200   3.12700    12.55900   -5.64700   33.21100
G-C        0.00000    0.00000    0.00000    0.00000    0.00000    0.00000    0.04900    1.55300    5.41000    0.14200    60.15100   13.21000
C-G        0.00000    0.00000    0.00000    0.00000    0.00000    0.00000    0.71500    -0.08700   3.08800    -11.72400  -4.90600   33.28700
T-A        0.00000    0.00000    0.00000    0.00000    0.00000    0.00000    -0.96000   -0.48500   2.89400    0.89600    -7.58500   33.58500
C-G        0.00000    0.00000    0.00000    0.00000    0.00000    0.00000    -0.12000   -0.98300   3.10600    -2.86200   -6.42300   31.82500
A-T        0.00000    0.00000    0.00000    0.00000    0.00000    0.00000    0.32200    -0.59300   3.18200    1.65600    -0.34900   39.43600
C-G        0.00000    0.00000    0.00000    0.00000    0.00000    0.00000    0.92900    -1.59300   3.28000    2.06100    -8.65300   31.94300
A-T        0.00000    0.00000    0.00000    0.00000    0.00000    0.00000    0.27000    -1.09600   3.26800    -0.64500   -9.98900   39.97000
A-T        0.00000    0.00000    0.00000    0.00000    0.00000    0.00000    -0.09795   -0.13539   3.23472    -1.24922   0.80686    34.82945
T-A        0.00000    0.00000    0.00000    0.00000    0.00000    0.00000    -0.00573   -0.76096   3.30323    -0.41522   -2.27474   32.39319
T-A        0.00000    0.00000    0.00000    0.00000    0.00000    0.00000    -0.00363   -0.40057   3.26747    -0.25625   -1.89613   35.84082
T-A        0.00000    0.00000    0.00000    0.00000    0.00000    0.00000    -0.02214   -0.21993   3.22331    -0.30985   2.38881    33.49130
A-T        0.00000    0.00000    0.00000    0.00000    0.00000    0.00000    0.03587    0.04194    3.30198    -0.30210   6.30261    32.55679
T-A        0.00000    0.00000    0.00000    0.00000    0.00000    0.00000    -0.04196   -0.72305   3.23391    0.02064    0.09152    30.50219
T-A        0.00000    0.00000    0.00000    0.00000    0.00000    0.00000    -0.02110   -0.30468   3.25976    0.80855    0.51423    34.10634
C-G        0.00000    0.00000    0.00000    0.00000    0.00000    0.00000    0.01341    -0.06139   3.27820    0.55967    2.13074    35.19395
G-C        0.00000    0.00000    0.00000    0.00000    0.00000    0.00000    0.13668    0.57910    3.31727    0.93219    8.30668    33.44134
C-G        0.00000    0.00000    0.00000    0.00000    0.00000    0.00000    -0.09847   -0.41163   3.24423    -0.82809   3.04439    31.47071
A-T        0.00000    0.00000    0.00000    0.00000    0.00000    0.00000    -0.08445   0.47222    3.27782    -0.64439   2.94195    34.98838
A-T        0.00000    0.00000    0.00000    0.00000    0.00000    0.00000    0.07103    -0.22197   3.27753    0.01901    -0.50266   34.45229
A-T        0.00000    0.00000    0.00000    0.00000    0.00000    0.00000    -0.04211   -0.38917   3.23706    -0.82514   -1.59494   35.17435
G-C        0.00000    0.00000    0.00000    0.00000    0.00000    0.00000    0.01675    -0.50153   3.33672    0.02253    3.51753    31.89093
G-C        0.00000    0.00000    0.00000    0.00000    0.00000    0.00000    0.00341    -0.43313   3.42501    -1.04790   5.21600    33.70772
C-G        0.00000    0.00000    0.00000    0.00000    0.00000    0.00000    -0.02149   -0.49564   3.23902    -0.19871   4.11338    32.56147
C-G        0.00000    0.00000    0.00000    0.00000    0.00000    0.00000    -0.25460   -0.33845   3.31990    -0.31899   5.39333    32.75376
G-C        0.00000    0.00000    0.00000    0.00000    0.00000    0.00000    0.05873    0.22720    3.04895    1.01658    7.33579    29.76110
G-C        0.00000    0.00000    0.00000    0.00000    0.00000    0.00000    0.37208    -0.30188   3.32635    1.99069    4.41320    32.83680
C-G        0.00000    0.00000    0.00000    0.00000    0.00000    0.00000    0.11299    -0.39893   3.24556    1.10629    2.70637    33.15699
C-G        0.00000    0.00000    0.00000    0.00000    0.00000    0.00000    0.28500    -0.32789   3.37808    1.74601    2.33105    33.84568
C-G        0.00000    0.00000    0.00000    0.00000    0.00000    0.00000    0.10546    -0.22549   3.34480    1.77028    2.44417    33.40417
G-C        0.00000    0.00000    0.00000    0.00000    0.00000    0.00000    -0.19760   0.96366    3.31195    -1.52068   2.90100    34.15387
A-T        0.00000    0.00000    0.00000    0.00000    0.00000    0.00000    -0.15431   -0.05910   3.14814    -1.78134   -0.20319   35.48629
C-G        0.00000    0.00000    0.00000    0.00000    0.00000    0.00000    0.13998    -0.51866   3.17095    -0.74869   2.71633    30.80096
A-T        0.00000    0.00000    0.00000    0.00000    0.00000    0.00000    -0.04623   -0.16458   3.32366    -1.30798   5.79975    33.84073
C-G        0.00000    0.00000    0.00000    0.00000    0.00000    0.00000    0.17736    -0.52810   3.22191    -0.50747   4.13890    30.01343
G-C        0.00000    0.00000    0.00000    0.00000    0.00000    0.00000    -0.01333   0.47035    3.29686    0.43293    6.36677    34.34847
A-T        0.00000    0.00000    0.00000    0.00000    0.00000    0.00000    -0.06817   -0.06900   3.16121    -0.38968   0.71800    35.36768
C-G        0.00000    0.00000    0.00000    0.00000    0.00000    0.00000    -0.16700   -0.69304   3.22127    0.99814    3.73768    31.37402
T-A        0.00000    0.00000    0.00000    0.00000    0.00000    0.00000    0.10158    -0.73285   3.54407    0.92060    1.85586    33.88709
T-A        0.00000    0.00000    0.00000    0.00000    0.00000    0.00000    -0.11908   -0.41136   3.22597    0.48170    -1.11815   30.05796
A-T        0.00000    0.00000    0.00000    0.00000    0.00000    0.00000    0.03152    0.29750    3.34322    0.32567    -0.23633   38.41240
C-G        0.00000    0.00000    0.00000    0.00000    0.00000    0.00000    0.05002    -0.68752   3.28623    0.06319    0.09907    31.98201
T-A        0.00000    0.00000    0.00000    0.00000    0.00000    0.00000    0.00625    -0.47438   3.34143    -0.39008   4.09964    31.95218
G-C        0.00000    0.00000    0.00000    0.00000    0.00000    0.00000    0.07689    -0.03710   3.35680    -2.52379   6.33950    33.78609
T-A        0.00000    0.00000    0.00000    0.00000    0.00000    0.00000    -0.04651   -0.59362   3.15095    -1.09962   3.69360    28.62591
A-T        0.00000    0.00000    0.00000    0.00000    0.00000    0.00000    0.09950    -0.72637   3.28213    -1.08492   12.51821   29.81365
G-C        0.00000    0.00000    0.00000    0.00000    0.00000    0.00000    -0.35379   -0.37567   3.19051    -0.59068   7.36983    28.31195
G-C        0.00000    0.00000    0.00000    0.00000    0.00000    0.00000    -0.04457   -0.89844   3.53148    0.58539    6.30875    31.34463
T-A        0.00000    0.00000    0.00000    0.00000    0.00000    0.00000    0.14086    -0.51304   3.20672    1.35137    2.17523    30.09791
A-T        0.00000    0.00000    0.00000    0.00000    0.00000    0.00000    0.06107    -0.60228   3.36419    2.08083    4.65841    33.78944
T-A        0.00000    0.00000    0.00000    0.00000    0.00000    0.00000    -0.08035   -0.74784   3.21863    0.71477    -0.96913   30.01327
C-G        0.00000    0.00000    0.00000    0.00000    0.00000    0.00000    0.09496    -0.32913   3.35819    -0.28224   -0.81017   37.50177
T-A        0.00000    0.00000    0.00000    0.00000    0.00000    0.00000    0.09004    -0.35196   3.32284    -0.29362   2.10291    31.51339
C-G        0.00000    0.00000    0.00000    0.00000    0.00000    0.00000    -0.00421   -0.00147   3.33506    -1.05915   0.75669    35.45428
G-C        0.00000    0.00000    0.00000    0.00000    0.00000    0.00000    -0.08340   0.45028    3.22394    -3.21534   7.94395    29.59132
A-T        0.00000    0.00000    0.00000    0.00000    0.00000    0.00000    -0.34354   0.16935    3.20840    -4.37620   4.24661    33.44643
G-C        0.00000    0.00000    0.00000    0.00000    0.00000    0.00000    0.10584    -0.77366   3.28694    -1.88670   7.42628    30.58716
T-A        0.00000    0.00000    0.00000    0.00000    0.00000    0.00000    0.17259    -0.74717   3.18756    -0.42505   5.12183    30.44765
C-G        0.00000    0.00000    0.00000    0.00000    0.00000    0.00000    0.12251    -0.07794   3.15781    1.45036    5.45537    31.80874
A-T        0.00000    0.00000    0.00000    0.00000    0.00000    0.00000    -0.26864   -0.69062   3.38301    5.38964    8.90332    29.29890
T-A        0.00000    0.00000    0.00000    0.00000    0.00000    0.00000    0.00377    -0.50299   3.19943    0.73624    2.58796    29.03840
G-C        0.00000    0.00000    0.00000    0.00000    0.00000    0.00000    0.02180    -0.27096   3.36817    1.03996    2.88430    35.44002
T-A        0.00000    0.00000    0.00000    0.00000    0.00000    0.00000    -0.02016   -0.62119   3.31390    0.21848    -1.09433   32.40202
T-A        0.00000    0.00000    0.00000    0.00000    0.00000    0.00000    0.01753    -0.20992   3.20625    0.47162    -2.55694   34.29556
A-T        0.00000    0.00000    0.00000    0.00000    0.00000    0.00000    0.00280    0.26932    3.37857    -1.92797   -1.23790   37.62511
T-A        0.00000    0.00000    0.00000    0.00000    0.00000    0.00000    0.00568    -0.72354   3.15929    -1.42432   -0.92563   29.41425
A-T        0.00000    0.00000    0.00000    0.00000    0.00000    0.00000    -0.06517   0.05228    3.30394    -1.31900   5.96925    32.84231
A-T        0.00000    0.00000    0.00000    0.00000    0.00000    0.00000    -0.04332   -0.22536   3.12669    -1.10703   4.78070    30.74445
C-G        0.00000    0.00000    0.00000    0.00000    0.00000    0.00000    0.03190    -0.78486   3.26826    -0.49037   3.87976    31.20962
G-C        0.00000    0.00000    0.00000    0.00000    0.00000    0.00000    0.22488    0.35187    3.22305    1.39971    13.14861   29.07681
G-C        0.00000    0.00000    0.00000    0.00000    0.00000    0.00000    0.57266    -0.17205   3.24589    3.96585    8.64086    30.30103
A-T        0.00000    0.00000    0.00000    0.00000    0.00000    0.00000    0.21585    -0.22168   3.23908    2.15639    4.02005    34.89598
C-G        0.00000    0.00000    0.00000    0.00000    0.00000    0.00000    -0.05159   -0.66096   3.25742    1.29186    1.73993    31.82077
T-A        0.00000    0.00000    0.00000    0.00000    0.00000    0.00000    -0.14340   -0.58261   3.32876    0.98626    3.20860    33.00881
C-G        0.00000    0.00000    0.00000    0.00000    0.00000    0.00000    0.04301    0.14803    3.31595    -0.13455   -0.64145   36.89050
G-C        0.00000    0.00000    0.00000    0.00000    0.00000    0.00000    -0.00224   0.96521    3.30285    -1.35712   2.11856    34.19766
G-C        0.00000    0.00000    0.00000    0.00000    0.00000    0.00000    -0.28162   -0.14397   3.31720    -4.97574   3.17016    33.37495
G-C        0.00000    0.00000    0.00000    0.00000    0.00000    0.00000    -0.21654   -0.30641   3.32905    -1.88869   7.02837    31.77670
A-T        0.00000    0.00000    0.00000    0.00000    0.00000    0.00000    -0.06967   -0.24149   3.27571    -0.96852   3.98666    34.86091
T-A        0.00000    0.00000    0.00000    0.00000    0.00000    0.00000    0.00132    -0.65356   3.21939    -0.02237   3.20421    30.37292
C-G        0.00000    0.00000    0.00000    0.00000    0.00000    0.00000    0.06998    -0.24118   3.27448    0.90332    4.04379    34.82703
C-G        0.00000    0.00000    0.00000    0.00000    0.00000    0.00000    0.00192    -0.25927   3.27227    0.84897    6.82330    30.75687
G-C        0.00000    0.00000    0.00000    0.00000    0.00000    0.00000    0.06080    0.41057    3.27292    2.13269    7.16801    33.14951
C-G        0.00000    0.00000    0.00000    0.00000    0.00000    0.00000    0.18153    -0.51144   3.43121    1.72749    0.59073    35.21034
T-A        0.00000    0.00000    0.00000    0.00000    0.00000    0.00000    0.33914    -0.43674   3.43613    3.39807    -0.26960   34.95054
T-A        0.00000    0.00000    0.00000    0.00000    0.00000    0.00000    0.03694    -0.38312   3.24681    0.28175    -4.32262   36.18938
T-A        0.00000    0.00000    0.00000    0.00000    0.00000    0.00000    -0.06604   -0.33454   3.26363    -0.89932   -2.78181   35.39409
A-T        0.00000    0.00000    0.00000    0.00000    0.00000    0.00000    -0.15802   0.48288    3.30231    -1.87547   1.15396    36.46616
A-T        0.00000    0.00000    0.00000    0.00000    0.00000    0.00000    -0.01431   -0.20274   3.15706    -1.68295   3.01034    32.70048
C-G        0.00000    0.00000    0.00000    0.00000    0.00000    0.00000    -0.02566   -0.69129   3.26134    -1.07047   2.92334    31.02382
A-T        0.00000    0.00000    0.00000    0.00000    0.00000    0.00000    0.01178    -0.15802   3.34839    0.21168    8.34541    33.40334
C-G        0.00000    0.00000    0.00000    0.00000    0.00000    0.00000    0.20231    -0.62523   3.27495    1.29542    3.16174    31.20523
T-A        0.00000    0.00000    0.00000    0.00000    0.00000    0.00000    0.07106    -0.67824   3.53630    1.48816    3.73467    34.80143
T-A        0.00000    0.00000    0.00000    0.00000    0.00000    0.00000    0.05416    -0.35563   3.25258    1.77795    -2.51776   36.12747
T-A        0.00000    0.00000    0.00000    0.00000    0.00000    0.00000    -0.02133   -0.35893   3.25817    0.52507    -3.49128   35.43170
A-T        0.00000    0.00000    0.00000    0.00000    0.00000    0.00000    0.01248    0.39109    3.44157    -0.36705   -4.75263   41.80300
T-A        0.00000    0.00000    0.00000    0.00000    0.00000    0.00000    0.02020    -0.72983   3.19862    -0.85374   0.50832    28.59046
G-C        0.00000    0.00000    0.00000    0.00000    0.00000    0.00000    -0.00547   -0.24083   3.31138    -0.19509   5.61456    37.44360
C-G        0.00000    0.00000    0.00000    0.00000    0.00000    0.00000    0.22702    -0.44388   3.20597    -2.79006   3.40680    32.51029
T-A        0.00000    0.00000    0.00000    0.00000    0.00000    0.00000    -0.04703   -0.45566   3.40400    -0.39552   3.60929    33.97705
T-A        0.00000    0.00000    0.00000    0.00000    0.00000    0.00000    -0.04614   -0.22433   3.18173    0.12296    5.10327    32.94316
C-G        0.00000    0.00000    0.00000    0.00000    0.00000    0.00000    0.07554    -0.25103   3.26961    0.30256    5.77201    33.64168
C-G        0.00000    0.00000    0.00000    0.00000    0.00000    0.00000    -0.08506   -0.24744   3.27368    0.02068    7.21186    30.97764
G-C        0.00000    0.00000    0.00000    0.00000    0.00000    0.00000    0.19820    0.24495    3.05721    2.41601    6.89271    30.35911
G-C        0.00000    0.00000    0.00000    0.00000    0.00000    0.00000    0.43908    -0.28994   3.34500    2.71828    3.43758    33.30108
C-G        0.00000    0.00000    0.00000    0.00000    0.00000    0.00000    0.17483    -0.58183   3.30838    0.88453    1.60561    33.62254
T-A        0.00000    0.00000    0.00000    0.00000    0.00000    0.00000    -0.02546   -0.14429   3.29800    0.87068    -0.11086   32.51966
C-G        0.00000    0.00000    0.00000    0.00000    0.00000    0.00000    -0.00640   0.12292    3.33479    -0.40306   0.10125    36.96862
G-C        0.00000    0.00000    0.00000    0.00000    0.00000    0.00000    -0.10492   0.47698    3.28552    -2.70594   3.06847    36.16140
T-A        0.00000    0.00000    0.00000    0.00000    0.00000    0.00000    0.23622    -0.70087   3.25078    -1.48645   2.85504    32.49655
A-T        0.00000    0.00000    0.00000    0.00000    0.00000    0.00000    -0.01988   -0.59827   3.39285    -0.79609   6.58386    34.45796
T-A        0.00000    0.00000    0.00000    0.00000    0.00000    0.00000    0.01557    -0.73364   3.15704    -0.37505   0.85982    29.90298
A-T        0.00000    0.00000    0.00000    0.00000    0.00000    0.00000    -0.00670   0.05867    3.30736    0.63435    6.68136    33.23753
A-T        0.00000    0.00000    0.00000    0.00000    0.00000    0.00000    -0.01283   -0.31602   3.22135    0.66147    3.80969    33.89731
T-A        0.00000    0.00000    0.00000    0.00000    0.00000    0.00000    0.00266    -0.67456   3.26122    0.97209    0.49608    31.07841
G-C        0.00000    0.00000    0.00000    0.00000    0.00000    0.00000    -0.00147   -0.24312   3.41144    0.78538    4.24747    36.19524
T-A        0.00000    0.00000    0.00000    0.00000    0.00000    0.00000    0.06032    -0.52154   3.24687    1.00964    -0.11089   30.40113
G-C        0.00000    0.00000    0.00000    0.00000    0.00000    0.00000    -0.04467   -0.04491   3.33828    1.08677    2.43114    36.19219
T-A        0.00000    0.00000    0.00000    0.00000    0.00000    0.00000    -0.11950   -0.53294   3.19017    -0.33655   1.40290    31.52069
C-G        0.00000    0.00000    0.00000    0.00000    0.00000    0.00000    0.03183    -0.05984   3.17759    0.11495    -0.45060   36.17633
G-C        0.00000    0.00000    0.00000    0.00000    0.00000    0.00000    -0.05153   0.55409    3.25721    -2.30762   7.86017    31.34861
A-T        0.00000    0.00000    0.00000    0.00000    0.00000    0.00000    -0.16856   -0.05795   3.14819    -1.87459   0.34697    35.51159
C-G        0.00000    0.00000    0.00000    0.00000    0.00000    0.00000    -0.07250   -0.78399   3.20150    -0.54797   3.03869    31.69451
C-G        0.00000    0.00000    0.00000    0.00000    0.00000    0.00000    0.18965    -0.61867   3.36178    0.28973    7.97602    30.60551
A-T        0.00000    0.00000    0.00000    0.00000    0.00000    0.00000    0.19289    0.38102    3.32382    -0.08584   9.87159    32.08756
A-T        0.00000    0.00000    0.00000    0.00000    0.00000    0.00000    0.07614    -0.18977   3.26912    0.92769    1.58967    34.36331
A-T        0.00000    0.00000    0.00000    0.00000    0.00000    0.00000    0.00282    -0.39429   3.26579    0.51261    -2.37391   36.21580
T-A        0.00000    0.00000    0.00000    0.00000    0.00000    0.00000    0.00070    -0.69715   3.26908    0.77645    -0.50924   31.30601
G-C        0.00000    0.00000    0.00000    0.00000    0.00000    0.00000    -0.26900   -1.09600   3.26800    0.63500    -9.99700   39.98800
T-A        0.00000    0.00000    0.00000    0.00000    0.00000    0.00000    -0.93000   -1.59400   3.28000    -2.04100   -8.63700   31.91900
G-C        0.00000    0.00000    0.00000    0.00000    0.00000    0.00000    -0.32200   -0.59300   3.18200    -1.64500   -0.35500   39.45000
A-T        0.00000    0.00000    0.00000    0.00000    0.00000    0.00000    0.12000    -0.98200   3.10400    2.85700    -6.37700   31.80500
G-C        0.00000    0.00000    0.00000    0.00000    0.00000    0.00000    0.96000    -0.48300   2.89600    -0.90300   -7.58100   33.59100
C-G        0.00000    0.00000    0.00000    0.00000    0.00000    0.00000    -0.71600   -0.08600   3.08700    11.70400   -4.92300   33.30600
G-C        0.00000    0.00000    0.00000    0.00000    0.00000    0.00000    -0.04900   1.55200    5.41000    -0.16600   60.13700   13.22600
C-G        0.00000    0.00000    0.00000    0.00000    0.00000    0.00000    0.67600    -0.12300   3.12600    -12.51300  -5.64000   33.19800
T-A        0.00000    0.00000    0.00000    0.00000    0.00000    0.00000    -0.92900   -0.52700   2.87900    1.16900    -8.55000   33.49600
C-G        0.00000    0.00000    0.00000    0.00000    0.00000    0.00000    -0.13500   -1.01800   3.05000    -2.62500   -6.07500   32.09900
A-T        0.00000    0.00000    0.00000    0.00000    0.00000    0.00000    0.37700    -0.59700   3.22500    2.13300    -0.62500   39.44400
C-G        0.00000    0.00000    0.00000    0.00000    0.00000    0.00000    0.90500    -1.56600   3.20700    2.32100    -8.20800   32.14100
A-T        0.00000    0.00000    0.00000    0.00000    0.00000    0.00000    0.52900    -0.91300   3.45700    1.68800    -11.71500  37.50000
