147 # base pairs
  0 # ***local base-pair & step parameters***
#          Shear      Stretch    Stagger    Buckle     Prop-Tw    Opening    Shift      Slide      Rise       Tilt       Roll       Twist
T-A        0.00000    0.00000    0.00000    0.00000    0.00000    0.00000    0.00000    0.00000    0.00000    0.00000    0.00000    0.00000
G-C        0.00000    0.00000    0.00000    0.00000    0.00000    0.00000    -0.52900   -0.91400   3.45700    -1.68900   -11.71200  37.48600
T-A        0.00000    0.00000    0.00000    0.00000    0.00000    0.00000    -0.90500   -1.56600   3.20600    -2.28600   -8.20700   32.14700
G-C        0.00000    0.00000    0.00000    0.00000    0.00000    0.00000    -0.37800   -0.59600   3.22500    -2.16700   -0.60300   39.43900
A-T        0.00000    0.00000    0.00000    0.00000    0.00000    0.00000    0.13400    -1.01800   3.05000    2.61000    -6.09300   32.09300
G-C        0.00000    0.00000    0.00000    0.00000    0.00000    0.00000    0.92900    -0.52800   2.87800    -1.17000   -8.57000   33.49400
C-G        0.00000    0.00000    0.00000    0.00000    0.00000    0.00000    -0.67600   -0.12200   3.12700    12.55900   -5.64700   33.21100
G-C        0.00000    0.00000    0.00000    0.00000    0.00000    0.00000    0.04900    1.55300    5.41000    0.14200    60.15100   13.21000
C-G        0.00000    0.00000    0.00000    0.00000    0.00000    0.00000    0.71500    -0.08700   3.08800    -11.72400  -4.90600   33.28700
T-A        0.00000    0.00000    0.00000    0.00000    0.00000    0.00000    -0.96000   -0.48500   2.89400    0.89600    -7.58500   33.58500
C-G        0.00000    0.00000    0.00000    0.00000    0.00000    0.00000    -0.12000   -0.98300   3.10600    -2.86200   -6.42300   31.82500
A-T        0.00000    0.00000    0.00000    0.00000    0.00000    0.00000    0.32200    -0.59300   3.18200    1.65600    -0.34900   39.43600
C-G        0.00000    0.00000    0.00000    0.00000    0.00000    0.00000    0.92900    -1.59300   3.28000    2.06100    -8.65300   31.94300
A-T        0.00000    0.00000    0.00000    0.00000    0.00000    0.00000    0.27000    -1.09600   3.26800    -0.64500   -9.98900   39.97000
A-T        0.00000    0.00000    0.00000    0.00000    0.00000    0.00000    0.00939    -0.29507   3.23540    -0.77137   -0.74483   34.55105
T-A        0.00000    0.00000    0.00000    0.00000    0.00000    0.00000    0.00528    -0.68591   3.21581    -0.57648   0.45884    30.07754
T-A        0.00000    0.00000    0.00000    0.00000    0.00000    0.00000    -0.02502   -0.27243   3.22617    -0.69093   1.37129    33.91698
T-A        0.00000    0.00000    0.00000    0.00000    0.00000    0.00000    -0.01791   -0.26821   3.22333    -0.35191   1.97395    33.70615
A-T        0.00000    0.00000    0.00000    0.00000    0.00000    0.00000    0.01580    -0.26037   3.32214    0.22497    8.00958    33.08915
T-A        0.00000    0.00000    0.00000    0.00000    0.00000    0.00000    0.00025    -0.68670   3.20759    0.37025    1.22604    29.84268
T-A        0.00000    0.00000    0.00000    0.00000    0.00000    0.00000    -0.01239   -0.28626   3.22945    0.68761    0.64339    34.11258
C-G        0.00000    0.00000    0.00000    0.00000    0.00000    0.00000    0.08740    -0.12595   3.26954    1.05659    1.80165    35.65064
G-C        0.00000    0.00000    0.00000    0.00000    0.00000    0.00000    0.07217    0.39799    3.31751    1.23590    5.22242    33.97360
C-G        0.00000    0.00000    0.00000    0.00000    0.00000    0.00000    0.01226    -0.41297   3.29492    0.24705    1.68316    33.18595
A-T        0.00000    0.00000    0.00000    0.00000    0.00000    0.00000    -0.06801   0.25731    3.30861    -0.29220   4.04182    35.12329
A-T        0.00000    0.00000    0.00000    0.00000    0.00000    0.00000    0.01814    -0.30034   3.23843    -0.58160   -1.22338   34.81189
A-T        0.00000    0.00000    0.00000    0.00000    0.00000    0.00000    0.01510    -0.29075   3.23425    -0.74877   -0.30153   34.52995
G-C        0.00000    0.00000    0.00000    0.00000    0.00000    0.00000    -0.02870   -0.36194   3.28644    -1.45801   4.32488    31.33813
G-C        0.00000    0.00000    0.00000    0.00000    0.00000    0.00000    -0.05442   -0.40071   3.35174    -0.75662   6.21124    32.10631
C-G        0.00000    0.00000    0.00000    0.00000    0.00000    0.00000    -0.01255   -0.49652   3.26019    -0.13215   3.98236    32.29858
C-G        0.00000    0.00000    0.00000    0.00000    0.00000    0.00000    0.02410    -0.40455   3.35022    0.47625    6.40914    32.02611
G-C        0.00000    0.00000    0.00000    0.00000    0.00000    0.00000    0.09390    0.28813    3.32791    1.58767    7.82136    33.11547
G-C        0.00000    0.00000    0.00000    0.00000    0.00000    0.00000    0.09326    -0.35754   3.35573    1.42157    5.10186    32.59555
C-G        0.00000    0.00000    0.00000    0.00000    0.00000    0.00000    0.07034    -0.42593   3.29070    1.05317    2.11585    33.17557
C-G        0.00000    0.00000    0.00000    0.00000    0.00000    0.00000    0.09348    -0.28297   3.36122    0.88509    3.49920    33.33982
C-G        0.00000    0.00000    0.00000    0.00000    0.00000    0.00000    0.04337    -0.28711   3.36380    0.13035    3.25521    33.40945
G-C        0.00000    0.00000    0.00000    0.00000    0.00000    0.00000    -0.06047   0.42469    3.32118    -1.10944   4.48027    34.48927
A-T        0.00000    0.00000    0.00000    0.00000    0.00000    0.00000    -0.09877   -0.12413   3.27665    -1.20862   1.30240    36.05707
C-G        0.00000    0.00000    0.00000    0.00000    0.00000    0.00000    -0.01531   -0.64315   3.24446    -0.78969   1.96292    31.34471
A-T        0.00000    0.00000    0.00000    0.00000    0.00000    0.00000    -0.13353   0.03597    3.33666    -1.04421   7.46481    33.72050
C-G        0.00000    0.00000    0.00000    0.00000    0.00000    0.00000    -0.03178   -0.65158   3.21817    -0.15614   3.28377    30.83515
G-C        0.00000    0.00000    0.00000    0.00000    0.00000    0.00000    0.01092    0.23014    3.33246    0.39542    9.27895    32.61303
A-T        0.00000    0.00000    0.00000    0.00000    0.00000    0.00000    0.03375    -0.12410   3.26182    0.88902    3.49883    35.25808
C-G        0.00000    0.00000    0.00000    0.00000    0.00000    0.00000    0.01063    -0.64322   3.24080    1.27536    2.22453    31.22087
T-A        0.00000    0.00000    0.00000    0.00000    0.00000    0.00000    0.05756    -0.33265   3.29320    1.93509    3.11341    31.86308
T-A        0.00000    0.00000    0.00000    0.00000    0.00000    0.00000    -0.00132   -0.30660   3.24289    0.77678    -2.15521   35.25400
A-T        0.00000    0.00000    0.00000    0.00000    0.00000    0.00000    0.02530    0.53298    3.34635    0.11896    -3.41479   39.97559
C-G        0.00000    0.00000    0.00000    0.00000    0.00000    0.00000    0.01653    -0.63379   3.27734    -0.45430   0.23424    31.82970
T-A        0.00000    0.00000    0.00000    0.00000    0.00000    0.00000    0.02914    -0.34642   3.30353    -1.24971   2.60498    31.85436
G-C        0.00000    0.00000    0.00000    0.00000    0.00000    0.00000    -0.02700   0.05340    3.32931    -1.99921   6.38012    33.78358
T-A        0.00000    0.00000    0.00000    0.00000    0.00000    0.00000    -0.02764   -0.66049   3.22458    -1.25446   3.03014    30.77107
A-T        0.00000    0.00000    0.00000    0.00000    0.00000    0.00000    -0.04397   -0.40128   3.31323    -0.66052   10.24835   31.67221
G-C        0.00000    0.00000    0.00000    0.00000    0.00000    0.00000    -0.03615   -0.36671   3.27027    -0.07426   6.17109    30.51596
G-C        0.00000    0.00000    0.00000    0.00000    0.00000    0.00000    0.11729    -0.41048   3.34191    1.56764    6.95569    31.70734
T-A        0.00000    0.00000    0.00000    0.00000    0.00000    0.00000    0.02715    -0.62813   3.22809    1.13351    2.42867    31.00701
A-T        0.00000    0.00000    0.00000    0.00000    0.00000    0.00000    0.07305    0.25558    3.33197    1.79544    1.02076    37.23080
T-A        0.00000    0.00000    0.00000    0.00000    0.00000    0.00000    0.01210    -0.69693   3.23793    0.62467    -1.44100   30.70074
C-G        0.00000    0.00000    0.00000    0.00000    0.00000    0.00000    0.06635    -0.12773   3.28813    0.36149    -0.47522   36.48306
T-A        0.00000    0.00000    0.00000    0.00000    0.00000    0.00000    0.04876    -0.33727   3.30656    -0.63794   1.29357    32.04243
C-G        0.00000    0.00000    0.00000    0.00000    0.00000    0.00000    -0.08189   -0.14311   3.28388    -1.61636   0.81239    36.06283
G-C        0.00000    0.00000    0.00000    0.00000    0.00000    0.00000    -0.24302   0.29372    3.31546    -3.52791   7.11962    33.05135
A-T        0.00000    0.00000    0.00000    0.00000    0.00000    0.00000    -0.14253   -0.13550   3.24266    -1.66882   3.95564    34.54497
G-C        0.00000    0.00000    0.00000    0.00000    0.00000    0.00000    -0.04330   -0.37833   3.26204    -1.11458   6.53363    30.20420
C-G        0.00000    0.00000    0.00000    0.00000    0.00000    0.00000    0.02145    -0.52060   3.23370    0.44795    5.06473    31.62692
T-A        0.00000    0.00000    0.00000    0.00000    0.00000    0.00000    0.03544    -0.36726   3.26400    2.00069    5.92978    30.47808
C-G        0.00000    0.00000    0.00000    0.00000    0.00000    0.00000    0.17258    -0.11858   3.25080    2.16163    2.82099    35.03921
G-C        0.00000    0.00000    0.00000    0.00000    0.00000    0.00000    0.25129    0.40068    3.30818    3.58574    5.13800    33.84637
G-C        0.00000    0.00000    0.00000    0.00000    0.00000    0.00000    0.11891    -0.30410   3.36313    1.57458    2.62763    33.29016
G-C        0.00000    0.00000    0.00000    0.00000    0.00000    0.00000    -0.01232   -0.28162   3.36693    0.03039    1.98393    33.59515
A-T        0.00000    0.00000    0.00000    0.00000    0.00000    0.00000    -0.11736   -0.12919   3.28741    -1.29096   -0.53718   36.56492
T-A        0.00000    0.00000    0.00000    0.00000    0.00000    0.00000    -0.00746   -0.69733   3.23205    -1.07905   -0.88441   30.59798
C-G        0.00000    0.00000    0.00000    0.00000    0.00000    0.00000    -0.14439   -0.13594   3.27310    -2.26912   2.57119    35.64649
C-G        0.00000    0.00000    0.00000    0.00000    0.00000    0.00000    -0.21685   -0.43638   3.34237    -2.39223   7.31524    31.65218
G-C        0.00000    0.00000    0.00000    0.00000    0.00000    0.00000    -0.08279   0.17107    3.32844    -1.12270   11.06870   31.79988
C-G        0.00000    0.00000    0.00000    0.00000    0.00000    0.00000    0.05321    -0.52598   3.23356    0.73556    5.29065    31.74741
T-A        0.00000    0.00000    0.00000    0.00000    0.00000    0.00000    0.05153    -0.36488   3.26727    2.37124    5.99254    30.74442
T-A        0.00000    0.00000    0.00000    0.00000    0.00000    0.00000    0.01966    -0.28111   3.22692    1.67050    0.61551    34.13961
T-A        0.00000    0.00000    0.00000    0.00000    0.00000    0.00000    0.01225    -0.31748   3.23791    1.56949    -1.79790   34.82957
A-T        0.00000    0.00000    0.00000    0.00000    0.00000    0.00000    0.03919    0.56413    3.34033    1.03933    -4.68305   40.08808
A-T        0.00000    0.00000    0.00000    0.00000    0.00000    0.00000    0.01625    -0.35003   3.24738    -0.43130   -3.89817   35.39224
C-G        0.00000    0.00000    0.00000    0.00000    0.00000    0.00000    -0.02053   -0.62535   3.27254    -1.06688   0.05011    31.55988
A-T        0.00000    0.00000    0.00000    0.00000    0.00000    0.00000    -0.19192   0.19022    3.30542    -2.39455   5.14341    34.41508
C-G        0.00000    0.00000    0.00000    0.00000    0.00000    0.00000    -0.03774   -0.63177   3.21533    -1.37016   2.79086    30.53881
T-A        0.00000    0.00000    0.00000    0.00000    0.00000    0.00000    0.00820    -0.36808   3.26431    -1.09513   6.19221    30.12272
T-A        0.00000    0.00000    0.00000    0.00000    0.00000    0.00000    -0.01903   -0.24951   3.20793    -0.32097   4.14086    32.55934
T-A        0.00000    0.00000    0.00000    0.00000    0.00000    0.00000    -0.00053   -0.25684   3.20980    0.54804    3.72092    32.67582
C-G        0.00000    0.00000    0.00000    0.00000    0.00000    0.00000    0.15923    -0.13596   3.23978    1.92879    3.82210    34.41363
A-T        0.00000    0.00000    0.00000    0.00000    0.00000    0.00000    0.05678    0.05559    3.31875    2.55847    6.15952    33.40526
T-A        0.00000    0.00000    0.00000    0.00000    0.00000    0.00000    0.00236    -0.70095   3.23231    0.90390    -1.07412   30.39656
G-C        0.00000    0.00000    0.00000    0.00000    0.00000    0.00000    0.08807    0.29472    3.28967    0.90491    2.52688    35.40391
T-A        0.00000    0.00000    0.00000    0.00000    0.00000    0.00000    -0.03835   -0.63321   3.28555    -0.43359   -0.43686   31.64266
T-A        0.00000    0.00000    0.00000    0.00000    0.00000    0.00000    -0.05386   -0.32801   3.24141    -0.97196   -2.52829   34.98713
A-T        0.00000    0.00000    0.00000    0.00000    0.00000    0.00000    -0.08126   0.17530    3.32579    -2.03203   1.86313    36.40933
T-A        0.00000    0.00000    0.00000    0.00000    0.00000    0.00000    -0.00335   -0.68170   3.20450    -0.98776   1.18425    29.73843
A-T        0.00000    0.00000    0.00000    0.00000    0.00000    0.00000    -0.03443   -0.38376   3.30682    -1.23017   10.30932   31.42544
A-T        0.00000    0.00000    0.00000    0.00000    0.00000    0.00000    0.02589    -0.25147   3.21096    -0.01040   3.72072    32.80506
C-G        0.00000    0.00000    0.00000    0.00000    0.00000    0.00000    0.01899    -0.65717   3.20055    0.86819    3.92451    30.19362
G-C        0.00000    0.00000    0.00000    0.00000    0.00000    0.00000    0.20655    0.23006    3.31783    2.91874    8.79904    32.33949
G-C        0.00000    0.00000    0.00000    0.00000    0.00000    0.00000    0.19916    -0.40627   3.35425    2.50045    5.17081    32.19095
A-T        0.00000    0.00000    0.00000    0.00000    0.00000    0.00000    0.06876    -0.14196   3.28516    1.45739    0.65498    36.13635
T-A        0.00000    0.00000    0.00000    0.00000    0.00000    0.00000    -0.00847   -0.70289   3.24230    0.35763    -1.76338   30.77245
A-T        0.00000    0.00000    0.00000    0.00000    0.00000    0.00000    -0.03711   0.54353    3.34206    -0.45028   -3.88712   39.88616
T-A        0.00000    0.00000    0.00000    0.00000    0.00000    0.00000    -0.01166   -0.69429   3.23433    -0.69872   -1.13898   30.60998
G-C        0.00000    0.00000    0.00000    0.00000    0.00000    0.00000    -0.03979   0.15644    3.31728    -2.04769   5.50458    34.14807
C-G        0.00000    0.00000    0.00000    0.00000    0.00000    0.00000    -0.10686   -0.46971   3.26008    -1.57978   3.56563    32.31803
T-A        0.00000    0.00000    0.00000    0.00000    0.00000    0.00000    0.02997    -0.35890   3.27352    -0.63106   5.63618    30.57900
T-A        0.00000    0.00000    0.00000    0.00000    0.00000    0.00000    -0.01022   -0.25851   3.21584    -0.16553   3.04880    33.14819
C-G        0.00000    0.00000    0.00000    0.00000    0.00000    0.00000    0.08923    -0.13803   3.24590    0.88512    4.08924    34.58121
C-G        0.00000    0.00000    0.00000    0.00000    0.00000    0.00000    0.14642    -0.39928   3.34840    1.71465    6.07040    31.95953
G-C        0.00000    0.00000    0.00000    0.00000    0.00000    0.00000    0.17860    0.31713    3.31907    2.70297    6.49616    33.40871
G-C        0.00000    0.00000    0.00000    0.00000    0.00000    0.00000    0.08918    -0.34960   3.36235    1.47435    3.83748    32.88837
C-G        0.00000    0.00000    0.00000    0.00000    0.00000    0.00000    0.02189    -0.40514   3.30296    0.51923    1.26246    33.38902
T-A        0.00000    0.00000    0.00000    0.00000    0.00000    0.00000    0.02436    -0.32769   3.30561    0.03940    1.64864    32.18934
C-G        0.00000    0.00000    0.00000    0.00000    0.00000    0.00000    -0.04299   -0.11804   3.28625    -0.91599   0.61715    36.33684
G-C        0.00000    0.00000    0.00000    0.00000    0.00000    0.00000    -0.15951   0.38229    3.31847    -2.40017   5.96024    33.77056
T-A        0.00000    0.00000    0.00000    0.00000    0.00000    0.00000    -0.00514   -0.64513   3.23676    -1.17015   2.33256    31.04757
A-T        0.00000    0.00000    0.00000    0.00000    0.00000    0.00000    -0.01114   -0.20340   3.31956    -0.83056   7.57041    33.32022
T-A        0.00000    0.00000    0.00000    0.00000    0.00000    0.00000    0.00960    -0.68239   3.19953    -0.11476   1.77516    29.59565
A-T        0.00000    0.00000    0.00000    0.00000    0.00000    0.00000    0.02626    -0.30229   3.31861    0.44306    8.54185    32.65528
A-T        0.00000    0.00000    0.00000    0.00000    0.00000    0.00000    0.03508    -0.27984   3.22508    0.76415    1.48166    33.81120
T-A        0.00000    0.00000    0.00000    0.00000    0.00000    0.00000    -0.00377   -0.69120   3.21589    0.60268    0.47301    30.03285
G-C        0.00000    0.00000    0.00000    0.00000    0.00000    0.00000    0.10419    0.17280    3.31481    1.10292    5.13812    34.56077
T-A        0.00000    0.00000    0.00000    0.00000    0.00000    0.00000    -0.01500   -0.63161   3.26491    0.33629    0.75876    31.51673
G-C        0.00000    0.00000    0.00000    0.00000    0.00000    0.00000    0.05058    0.26390    3.30547    0.09181    3.80031    35.15531
T-A        0.00000    0.00000    0.00000    0.00000    0.00000    0.00000    -0.01785   -0.63203   3.26817    -0.53445   0.65839    31.56381
C-G        0.00000    0.00000    0.00000    0.00000    0.00000    0.00000    -0.02669   -0.12298   3.27891    -0.81852   1.25345    35.96443
G-C        0.00000    0.00000    0.00000    0.00000    0.00000    0.00000    -0.11386   0.33950    3.31897    -1.87581   6.62470    33.39047
A-T        0.00000    0.00000    0.00000    0.00000    0.00000    0.00000    -0.07831   -0.13000   3.25844    -0.96537   2.91592    35.14856
C-G        0.00000    0.00000    0.00000    0.00000    0.00000    0.00000    -0.00333   -0.65015   3.22275    -0.16468   2.92469    30.73045
C-G        0.00000    0.00000    0.00000    0.00000    0.00000    0.00000    -0.00493   -0.42413   3.34831    -0.03408   6.57239    31.77860
A-T        0.00000    0.00000    0.00000    0.00000    0.00000    0.00000    -0.04843   -0.00663   3.33613    0.84052    7.77666    33.12533
A-T        0.00000    0.00000    0.00000    0.00000    0.00000    0.00000    0.02775    -0.28320   3.22762    0.74560    0.92447    33.99391
A-T        0.00000    0.00000    0.00000    0.00000    0.00000    0.00000    0.02958    -0.29328   3.23227    0.76056    -0.09716   34.31668
T-A        0.00000    0.00000    0.00000    0.00000    0.00000    0.00000    -0.00452   -0.69171   3.22632    0.41734    -0.46490   30.31456
G-C        0.00000    0.00000    0.00000    0.00000    0.00000    0.00000    -0.26900   -1.09600   3.26800    0.63500    -9.99700   39.98800
T-A        0.00000    0.00000    0.00000    0.00000    0.00000    0.00000    -0.93000   -1.59400   3.28000    -2.04100   -8.63700   31.91900
G-C        0.00000    0.00000    0.00000    0.00000    0.00000    0.00000    -0.32200   -0.59300   3.18200    -1.64500   -0.35500   39.45000
A-T        0.00000    0.00000    0.00000    0.00000    0.00000    0.00000    0.12000    -0.98200   3.10400    2.85700    -6.37700   31.80500
G-C        0.00000    0.00000    0.00000    0.00000    0.00000    0.00000    0.96000    -0.48300   2.89600    -0.90300   -7.58100   33.59100
C-G        0.00000    0.00000    0.00000    0.00000    0.00000    0.00000    -0.71600   -0.08600   3.08700    11.70400   -4.92300   33.30600
G-C        0.00000    0.00000    0.00000    0.00000    0.00000    0.00000    -0.04900   1.55200    5.41000    -0.16600   60.13700   13.22600
C-G        0.00000    0.00000    0.00000    0.00000    0.00000    0.00000    0.67600    -0.12300   3.12600    -12.51300  -5.64000   33.19800
T-A        0.00000    0.00000    0.00000    0.00000    0.00000    0.00000    -0.92900   -0.52700   2.87900    1.16900    -8.55000   33.49600
C-G        0.00000    0.00000    0.00000    0.00000    0.00000    0.00000    -0.13500   -1.01800   3.05000    -2.62500   -6.07500   32.09900
A-T        0.00000    0.00000    0.00000    0.00000    0.00000    0.00000    0.37700    -0.59700   3.22500    2.13300    -0.62500   39.44400
C-G        0.00000    0.00000    0.00000    0.00000    0.00000    0.00000    0.90500    -1.56600   3.20700    2.32100    -8.20800   32.14100
A-T        0.00000    0.00000    0.00000    0.00000    0.00000    0.00000    0.52900    -0.91300   3.45700    1.68800    -11.71500  37.50000
