147 # base pairs
  0 # ***local base-pair & step parameters***
#          Shear      Stretch    Stagger    Buckle     Prop-Tw    Opening    Shift      Slide      Rise       Tilt       Roll       Twist
T-A        0.00000    0.00000    0.00000    0.00000    0.00000    0.00000    0.00000    0.00000    0.00000    0.00000    0.00000    0.00000
G-C        0.00000    0.00000    0.00000    0.00000    0.00000    0.00000    -0.52900   -0.91400   3.45700    -1.68900   -11.71200  37.48600
T-A        0.00000    0.00000    0.00000    0.00000    0.00000    0.00000    -0.90500   -1.56600   3.20600    -2.28600   -8.20700   32.14700
G-C        0.00000    0.00000    0.00000    0.00000    0.00000    0.00000    -0.37800   -0.59600   3.22500    -2.16700   -0.60300   39.43900
A-T        0.00000    0.00000    0.00000    0.00000    0.00000    0.00000    0.13400    -1.01800   3.05000    2.61000    -6.09300   32.09300
G-C        0.00000    0.00000    0.00000    0.00000    0.00000    0.00000    0.92900    -0.52800   2.87800    -1.17000   -8.57000   33.49400
C-G        0.00000    0.00000    0.00000    0.00000    0.00000    0.00000    -0.67600   -0.12200   3.12700    12.55900   -5.64700   33.21100
G-C        0.00000    0.00000    0.00000    0.00000    0.00000    0.00000    0.04900    1.55300    5.41000    0.14200    60.15100   13.21000
C-G        0.00000    0.00000    0.00000    0.00000    0.00000    0.00000    0.71500    -0.08700   3.08800    -11.72400  -4.90600   33.28700
T-A        0.00000    0.00000    0.00000    0.00000    0.00000    0.00000    -0.96000   -0.48500   2.89400    0.89600    -7.58500   33.58500
C-G        0.00000    0.00000    0.00000    0.00000    0.00000    0.00000    -0.12000   -0.98300   3.10600    -2.86200   -6.42300   31.82500
A-T        0.00000    0.00000    0.00000    0.00000    0.00000    0.00000    0.32200    -0.59300   3.18200    1.65600    -0.34900   39.43600
C-G        0.00000    0.00000    0.00000    0.00000    0.00000    0.00000    0.92900    -1.59300   3.28000    2.06100    -8.65300   31.94300
A-T        0.00000    0.00000    0.00000    0.00000    0.00000    0.00000    0.27000    -1.09600   3.26800    -0.64500   -9.98900   39.97000
A-T        0.00000    0.00000    0.00000    0.00000    0.00000    0.00000    -0.10693   -0.12954   3.23283    -1.64349   0.58746    35.10143
T-A        0.00000    0.00000    0.00000    0.00000    0.00000    0.00000    -0.01009   -0.75806   3.30280    -0.59057   -2.20179   32.57689
T-A        0.00000    0.00000    0.00000    0.00000    0.00000    0.00000    -0.00392   -0.39222   3.27044    -0.41770   -1.61667   35.97482
T-A        0.00000    0.00000    0.00000    0.00000    0.00000    0.00000    -0.01932   -0.18772   3.22392    -0.33106   3.17867    33.61628
A-T        0.00000    0.00000    0.00000    0.00000    0.00000    0.00000    0.04005    0.05001    3.30605    -0.02854   6.64758    33.02904
T-A        0.00000    0.00000    0.00000    0.00000    0.00000    0.00000    -0.03835   -0.72006   3.23303    0.21946    0.25313    30.79880
T-A        0.00000    0.00000    0.00000    0.00000    0.00000    0.00000    -0.00262   -0.28762   3.25821    1.27561    0.10376    34.78126
C-G        0.00000    0.00000    0.00000    0.00000    0.00000    0.00000    0.03366    -0.05014   3.28240    0.80246    1.72711    35.72253
G-C        0.00000    0.00000    0.00000    0.00000    0.00000    0.00000    0.15879    0.58876    3.30910    1.06661    7.73983    33.61873
C-G        0.00000    0.00000    0.00000    0.00000    0.00000    0.00000    -0.09866   -0.41172   3.24929    -0.88468   2.91252    31.63614
A-T        0.00000    0.00000    0.00000    0.00000    0.00000    0.00000    -0.13000   0.53224    3.27984    -1.08947   2.23483    35.80940
A-T        0.00000    0.00000    0.00000    0.00000    0.00000    0.00000    0.05452    -0.20915   3.27878    -0.24747   -0.54764   34.81777
A-T        0.00000    0.00000    0.00000    0.00000    0.00000    0.00000    -0.04664   -0.37355   3.24090    -1.04991   -1.32725   35.43085
G-C        0.00000    0.00000    0.00000    0.00000    0.00000    0.00000    0.01169    -0.50462   3.33982    -0.06639   3.92942    32.10325
G-C        0.00000    0.00000    0.00000    0.00000    0.00000    0.00000    0.01680    -0.44698   3.43151    -0.94429   5.73206    33.94369
C-G        0.00000    0.00000    0.00000    0.00000    0.00000    0.00000    0.02382    -0.49608   3.24372    0.21574    4.36746    32.87720
C-G        0.00000    0.00000    0.00000    0.00000    0.00000    0.00000    -0.18963   -0.31522   3.32206    0.38155    5.46736    33.19105
G-C        0.00000    0.00000    0.00000    0.00000    0.00000    0.00000    0.11372    0.25640    3.06103    1.61639    7.00649    30.35732
G-C        0.00000    0.00000    0.00000    0.00000    0.00000    0.00000    0.39160    -0.27628   3.33667    2.22863    3.89405    33.27940
C-G        0.00000    0.00000    0.00000    0.00000    0.00000    0.00000    0.11755    -0.36446   3.25548    1.11648    2.21123    33.75512
C-G        0.00000    0.00000    0.00000    0.00000    0.00000    0.00000    0.28579    -0.28902   3.38286    1.47153    1.58157    34.54482
C-G        0.00000    0.00000    0.00000    0.00000    0.00000    0.00000    0.06797    -0.24439   3.36317    1.15334    2.26044    34.06074
G-C        0.00000    0.00000    0.00000    0.00000    0.00000    0.00000    -0.25288   1.00303    3.32720    -2.21477   2.88584    34.73796
A-T        0.00000    0.00000    0.00000    0.00000    0.00000    0.00000    -0.17692   -0.05614   3.14996    -1.99257   -0.01695   35.69431
C-G        0.00000    0.00000    0.00000    0.00000    0.00000    0.00000    0.13422    -0.50206   3.16454    -0.75997   3.17153    31.07216
A-T        0.00000    0.00000    0.00000    0.00000    0.00000    0.00000    -0.03473   -0.14703   3.33837    -1.04352   6.30696    34.22169
C-G        0.00000    0.00000    0.00000    0.00000    0.00000    0.00000    0.18174    -0.52149   3.22365    -0.23371   4.39922    30.47861
G-C        0.00000    0.00000    0.00000    0.00000    0.00000    0.00000    0.03129    0.47627    3.30504    1.36590    6.26373    35.08483
A-T        0.00000    0.00000    0.00000    0.00000    0.00000    0.00000    -0.02987   -0.06692   3.17527    0.05982    0.47548    35.87073
C-G        0.00000    0.00000    0.00000    0.00000    0.00000    0.00000    -0.14060   -0.66864   3.23585    1.09388    3.14737    31.90983
T-A        0.00000    0.00000    0.00000    0.00000    0.00000    0.00000    0.08569    -0.73923   3.55204    0.88206    1.07409    34.45696
T-A        0.00000    0.00000    0.00000    0.00000    0.00000    0.00000    -0.10636   -0.39711   3.23016    -0.08027   -2.05015   31.30782
A-T        0.00000    0.00000    0.00000    0.00000    0.00000    0.00000    0.01334    0.42609    3.36328    -0.05418   -1.81212   40.31452
C-G        0.00000    0.00000    0.00000    0.00000    0.00000    0.00000    -0.00088   -0.68450   3.28001    -0.36961   0.38135    32.27753
T-A        0.00000    0.00000    0.00000    0.00000    0.00000    0.00000    0.01441    -0.44263   3.35146    -0.85243   4.35971    32.46914
G-C        0.00000    0.00000    0.00000    0.00000    0.00000    0.00000    0.07448    -0.05039   3.37484    -2.35143   7.49002    33.96928
T-A        0.00000    0.00000    0.00000    0.00000    0.00000    0.00000    -0.04827   -0.58492   3.15330    -0.87213   4.15727    28.99911
A-T        0.00000    0.00000    0.00000    0.00000    0.00000    0.00000    0.12094    -0.66694   3.30061    -0.44160   12.76378   30.64177
G-C        0.00000    0.00000    0.00000    0.00000    0.00000    0.00000    -0.32039   -0.34161   3.20149    0.09566    7.34105    29.27366
G-C        0.00000    0.00000    0.00000    0.00000    0.00000    0.00000    -0.00192   -0.85092   3.53574    1.08290    5.99704    32.53405
T-A        0.00000    0.00000    0.00000    0.00000    0.00000    0.00000    0.14772    -0.51509   3.22299    1.55152    1.45350    30.80114
A-T        0.00000    0.00000    0.00000    0.00000    0.00000    0.00000    0.05149    -0.50430   3.36604    1.88788    2.96937    35.23655
T-A        0.00000    0.00000    0.00000    0.00000    0.00000    0.00000    -0.07755   -0.75011   3.22386    0.47203    -1.78493   30.95720
C-G        0.00000    0.00000    0.00000    0.00000    0.00000    0.00000    0.09000    -0.31573   3.35843    -0.65402   -1.13873   38.20083
T-A        0.00000    0.00000    0.00000    0.00000    0.00000    0.00000    0.09440    -0.34410   3.33747    -0.63853   2.18691    32.10961
C-G        0.00000    0.00000    0.00000    0.00000    0.00000    0.00000    -0.06633   -0.03295   3.36208    -1.58748   1.00307    35.94775
G-C        0.00000    0.00000    0.00000    0.00000    0.00000    0.00000    -0.09035   0.45936    3.25582    -3.26003   9.65538    30.15258
A-T        0.00000    0.00000    0.00000    0.00000    0.00000    0.00000    -0.29786   0.15264    3.23085    -3.99068   4.51671    33.94034
G-C        0.00000    0.00000    0.00000    0.00000    0.00000    0.00000    0.11617    -0.38647   3.28828    -0.64246   5.51346    30.57927
C-G        0.00000    0.00000    0.00000    0.00000    0.00000    0.00000    0.01474    -0.57845   3.33433    0.30729    4.16025    34.20029
T-A        0.00000    0.00000    0.00000    0.00000    0.00000    0.00000    -0.12072   -0.34328   3.28126    1.48839    4.70549    30.93174
C-G        0.00000    0.00000    0.00000    0.00000    0.00000    0.00000    0.33597    0.26055    3.21166    4.58739    3.61475    34.61848
G-C        0.00000    0.00000    0.00000    0.00000    0.00000    0.00000    0.32594    0.95079    3.31372    3.08809    3.38010    34.18510
G-C        0.00000    0.00000    0.00000    0.00000    0.00000    0.00000    0.00424    -0.28596   3.36173    -0.08060   2.06199    33.55318
G-C        0.00000    0.00000    0.00000    0.00000    0.00000    0.00000    -0.02785   -0.24258   3.33500    0.40070    4.58493    33.12977
A-T        0.00000    0.00000    0.00000    0.00000    0.00000    0.00000    -0.08648   -0.29790   3.34432    -0.44974   -0.99529   37.15000
T-A        0.00000    0.00000    0.00000    0.00000    0.00000    0.00000    -0.01038   -0.62882   3.24742    -0.70644   0.67293    31.29092
C-G        0.00000    0.00000    0.00000    0.00000    0.00000    0.00000    0.01650    -0.26085   3.30251    -1.42188   1.25459    36.10739
C-G        0.00000    0.00000    0.00000    0.00000    0.00000    0.00000    -0.51539   -0.17362   3.25270    -3.45593   8.55944    30.70555
G-C        0.00000    0.00000    0.00000    0.00000    0.00000    0.00000    -0.00253   0.37778    3.29344    -0.60841   10.83615   31.30523
C-G        0.00000    0.00000    0.00000    0.00000    0.00000    0.00000    0.04530    -0.56255   3.40712    0.47775    2.27812    34.40670
T-A        0.00000    0.00000    0.00000    0.00000    0.00000    0.00000    0.31581    -0.46862   3.42589    3.38729    2.78921    33.93471
T-A        0.00000    0.00000    0.00000    0.00000    0.00000    0.00000    0.05299    -0.37629   3.23840    1.39456    -1.16358   35.23789
T-A        0.00000    0.00000    0.00000    0.00000    0.00000    0.00000    -0.01170   -0.32179   3.23941    0.64083    -1.73173   34.53644
A-T        0.00000    0.00000    0.00000    0.00000    0.00000    0.00000    0.05172    0.76461    3.22722    0.64587    -6.57875   36.90105
A-T        0.00000    0.00000    0.00000    0.00000    0.00000    0.00000    -0.00170   -0.20334   3.20658    -1.03673   -2.38839   34.28819
C-G        0.00000    0.00000    0.00000    0.00000    0.00000    0.00000    0.01913    -0.63024   3.31001    -0.66885   -0.49082   32.25101
A-T        0.00000    0.00000    0.00000    0.00000    0.00000    0.00000    -0.03022   -0.28296   3.38718    -1.27819   4.34013    35.17043
T-A        0.00000    0.00000    0.00000    0.00000    0.00000    0.00000    -0.02271   -0.64801   3.17688    -0.60056   0.88155    29.62657
C-G        0.00000    0.00000    0.00000    0.00000    0.00000    0.00000    -0.19910   -0.13185   3.23013    -2.25859   4.38323    36.48244
A-T        0.00000    0.00000    0.00000    0.00000    0.00000    0.00000    -0.30625   -0.50957   3.38007    2.60033    9.37826    30.26818
T-A        0.00000    0.00000    0.00000    0.00000    0.00000    0.00000    0.00315    -0.49341   3.18697    0.31166    4.44649    28.61343
G-C        0.00000    0.00000    0.00000    0.00000    0.00000    0.00000    0.05194    -0.31028   3.42686    1.20629    7.32772    34.15526
T-A        0.00000    0.00000    0.00000    0.00000    0.00000    0.00000    0.00467    -0.66266   3.28582    1.31098    1.07669    31.38334
T-A        0.00000    0.00000    0.00000    0.00000    0.00000    0.00000    0.00531    -0.20254   3.19208    1.88930    -0.99897   33.47073
A-T        0.00000    0.00000    0.00000    0.00000    0.00000    0.00000    0.03073    0.31181    3.39446    0.01701    -2.10548   38.69057
T-A        0.00000    0.00000    0.00000    0.00000    0.00000    0.00000    -0.00284   -0.70740   3.17391    -0.29876   -2.31254   29.59742
A-T        0.00000    0.00000    0.00000    0.00000    0.00000    0.00000    -0.05074   0.28046    3.37773    -0.67549   -0.54985   37.69182
A-T        0.00000    0.00000    0.00000    0.00000    0.00000    0.00000    -0.01392   -0.20254   3.17539    -1.94085   0.55135    32.76585
C-G        0.00000    0.00000    0.00000    0.00000    0.00000    0.00000    -0.04291   -0.74355   3.30647    -1.42378   1.79679    31.98875
G-C        0.00000    0.00000    0.00000    0.00000    0.00000    0.00000    0.11362    0.31229    3.22346    -1.82008   12.08744   29.84598
G-C        0.00000    0.00000    0.00000    0.00000    0.00000    0.00000    0.36596    -0.22487   3.25128    1.95526    8.51149    30.08799
A-T        0.00000    0.00000    0.00000    0.00000    0.00000    0.00000    0.17660    -0.20725   3.22832    1.46094    5.21493    34.41175
C-G        0.00000    0.00000    0.00000    0.00000    0.00000    0.00000    -0.15722   -0.71384   3.21630    1.11512    3.94606    31.01659
T-A        0.00000    0.00000    0.00000    0.00000    0.00000    0.00000    0.11806    -0.75523   3.54384    1.12769    1.70064    33.42825
T-A        0.00000    0.00000    0.00000    0.00000    0.00000    0.00000    0.04162    -0.39348   3.24054    1.11243    -2.81502   35.39619
T-A        0.00000    0.00000    0.00000    0.00000    0.00000    0.00000    -0.04379   -0.35947   3.24586    0.05151    -2.83764   34.62574
A-T        0.00000    0.00000    0.00000    0.00000    0.00000    0.00000    0.00381    0.30431    3.37305    -1.16836   -0.81460   37.44062
T-A        0.00000    0.00000    0.00000    0.00000    0.00000    0.00000    0.04995    -0.73797   3.17908    -0.94360   1.62126    27.76219
G-C        0.00000    0.00000    0.00000    0.00000    0.00000    0.00000    0.00529    -0.25939   3.31949    -0.02549   6.07493    37.05284
C-G        0.00000    0.00000    0.00000    0.00000    0.00000    0.00000    0.26985    -0.46492   3.19012    -2.21190   4.07519    31.81591
T-A        0.00000    0.00000    0.00000    0.00000    0.00000    0.00000    0.08739    -0.47406   3.39896    0.86461    3.35027    33.33855
T-A        0.00000    0.00000    0.00000    0.00000    0.00000    0.00000    -0.04340   -0.24141   3.18181    0.52670    4.58672    32.69120
C-G        0.00000    0.00000    0.00000    0.00000    0.00000    0.00000    0.09739    -0.26325   3.27006    0.69994    4.52495    33.23320
C-G        0.00000    0.00000    0.00000    0.00000    0.00000    0.00000    -0.07773   -0.26052   3.27124    0.07316    6.42857    30.48178
G-C        0.00000    0.00000    0.00000    0.00000    0.00000    0.00000    0.12000    0.24135    3.03247    1.70317    6.04564    29.71471
G-C        0.00000    0.00000    0.00000    0.00000    0.00000    0.00000    0.40151    -0.31490   3.33991    2.06852    3.23490    32.94123
C-G        0.00000    0.00000    0.00000    0.00000    0.00000    0.00000    0.12916    -0.58867   3.30178    0.25585    1.64029    32.84937
T-A        0.00000    0.00000    0.00000    0.00000    0.00000    0.00000    -0.03105   -0.21549   3.28961    0.15527    0.71945    31.36141
C-G        0.00000    0.00000    0.00000    0.00000    0.00000    0.00000    0.01603    0.04534    3.32128    -0.48382   1.25178    35.33445
G-C        0.00000    0.00000    0.00000    0.00000    0.00000    0.00000    -0.07331   0.45881    3.27968    -2.38346   4.10338    34.77615
T-A        0.00000    0.00000    0.00000    0.00000    0.00000    0.00000    0.23279    -0.64739   3.21458    -1.01623   3.21185    31.39397
A-T        0.00000    0.00000    0.00000    0.00000    0.00000    0.00000    0.00333    -0.69561   3.38304    -0.16970   7.26278    33.00344
T-A        0.00000    0.00000    0.00000    0.00000    0.00000    0.00000    0.00540    -0.73984   3.14126    -0.07283   0.66655    29.08577
A-T        0.00000    0.00000    0.00000    0.00000    0.00000    0.00000    -0.01342   0.02148    3.28545    0.99589    7.02205    31.57933
A-T        0.00000    0.00000    0.00000    0.00000    0.00000    0.00000    0.00448    -0.34681   3.21426    0.71867    2.90586    33.35679
T-A        0.00000    0.00000    0.00000    0.00000    0.00000    0.00000    -0.00481   -0.69674   3.25903    0.84788    0.18522    30.58614
G-C        0.00000    0.00000    0.00000    0.00000    0.00000    0.00000    -0.00287   -0.29272   3.39702    0.32627    3.96558    35.08719
T-A        0.00000    0.00000    0.00000    0.00000    0.00000    0.00000    0.05425    -0.51053   3.23272    0.73145    0.06240    29.42552
G-C        0.00000    0.00000    0.00000    0.00000    0.00000    0.00000    -0.02279   -0.08480   3.31534    0.74067    3.14845    34.77571
T-A        0.00000    0.00000    0.00000    0.00000    0.00000    0.00000    -0.11356   -0.54168   3.18299    -0.43442   1.69289    30.82160
C-G        0.00000    0.00000    0.00000    0.00000    0.00000    0.00000    0.04094    -0.06707   3.16418    0.20198    -0.20624   35.52784
G-C        0.00000    0.00000    0.00000    0.00000    0.00000    0.00000    -0.04684   0.44951    3.23678    -2.14809   9.28657    29.34569
A-T        0.00000    0.00000    0.00000    0.00000    0.00000    0.00000    -0.16762   -0.06549   3.13641    -1.84535   0.53382    34.89109
C-G        0.00000    0.00000    0.00000    0.00000    0.00000    0.00000    -0.08434   -0.79319   3.19521    -0.34590   3.18048    31.13633
C-G        0.00000    0.00000    0.00000    0.00000    0.00000    0.00000    0.21369    -0.65969   3.35454    0.51531    8.17623    29.73661
A-T        0.00000    0.00000    0.00000    0.00000    0.00000    0.00000    0.21692    0.31695    3.30895    0.10858    10.30085   30.84151
A-T        0.00000    0.00000    0.00000    0.00000    0.00000    0.00000    0.08721    -0.21570   3.26669    1.03059    1.28006    33.75892
A-T        0.00000    0.00000    0.00000    0.00000    0.00000    0.00000    0.00437    -0.40480   3.26220    0.42543    -2.67482   35.95786
T-A        0.00000    0.00000    0.00000    0.00000    0.00000    0.00000    0.00296    -0.71873   3.26657    0.57919    -0.75669   30.81568
G-C        0.00000    0.00000    0.00000    0.00000    0.00000    0.00000    -0.26900   -1.09600   3.26800    0.63500    -9.99700   39.98800
T-A        0.00000    0.00000    0.00000    0.00000    0.00000    0.00000    -0.93000   -1.59400   3.28000    -2.04100   -8.63700   31.91900
G-C        0.00000    0.00000    0.00000    0.00000    0.00000    0.00000    -0.32200   -0.59300   3.18200    -1.64500   -0.35500   39.45000
A-T        0.00000    0.00000    0.00000    0.00000    0.00000    0.00000    0.12000    -0.98200   3.10400    2.85700    -6.37700   31.80500
G-C        0.00000    0.00000    0.00000    0.00000    0.00000    0.00000    0.96000    -0.48300   2.89600    -0.90300   -7.58100   33.59100
C-G        0.00000    0.00000    0.00000    0.00000    0.00000    0.00000    -0.71600   -0.08600   3.08700    11.70400   -4.92300   33.30600
G-C        0.00000    0.00000    0.00000    0.00000    0.00000    0.00000    -0.04900   1.55200    5.41000    -0.16600   60.13700   13.22600
C-G        0.00000    0.00000    0.00000    0.00000    0.00000    0.00000    0.67600    -0.12300   3.12600    -12.51300  -5.64000   33.19800
T-A        0.00000    0.00000    0.00000    0.00000    0.00000    0.00000    -0.92900   -0.52700   2.87900    1.16900    -8.55000   33.49600
C-G        0.00000    0.00000    0.00000    0.00000    0.00000    0.00000    -0.13500   -1.01800   3.05000    -2.62500   -6.07500   32.09900
A-T        0.00000    0.00000    0.00000    0.00000    0.00000    0.00000    0.37700    -0.59700   3.22500    2.13300    -0.62500   39.44400
C-G        0.00000    0.00000    0.00000    0.00000    0.00000    0.00000    0.90500    -1.56600   3.20700    2.32100    -8.20800   32.14100
A-T        0.00000    0.00000    0.00000    0.00000    0.00000    0.00000    0.52900    -0.91300   3.45700    1.68800    -11.71500  37.50000
