147 # base pairs
  0 # ***local base-pair & step parameters***
#          Shear      Stretch    Stagger    Buckle     Prop-Tw    Opening    Shift      Slide      Rise       Tilt       Roll       Twist
T-A        0.00000    0.00000    0.00000    0.00000    0.00000    0.00000    0.00000    0.00000    0.00000    0.00000    0.00000    0.00000
G-C        0.00000    0.00000    0.00000    0.00000    0.00000    0.00000    -0.52900   -0.91400   3.45700    -1.68900   -11.71200  37.48600
T-A        0.00000    0.00000    0.00000    0.00000    0.00000    0.00000    -0.90500   -1.56600   3.20600    -2.28600   -8.20700   32.14700
G-C        0.00000    0.00000    0.00000    0.00000    0.00000    0.00000    -0.37800   -0.59600   3.22500    -2.16700   -0.60300   39.43900
A-T        0.00000    0.00000    0.00000    0.00000    0.00000    0.00000    0.13400    -1.01800   3.05000    2.61000    -6.09300   32.09300
G-C        0.00000    0.00000    0.00000    0.00000    0.00000    0.00000    0.92900    -0.52800   2.87800    -1.17000   -8.57000   33.49400
C-G        0.00000    0.00000    0.00000    0.00000    0.00000    0.00000    -0.67600   -0.12200   3.12700    12.55900   -5.64700   33.21100
G-C        0.00000    0.00000    0.00000    0.00000    0.00000    0.00000    0.04900    1.55300    5.41000    0.14200    60.15100   13.21000
C-G        0.00000    0.00000    0.00000    0.00000    0.00000    0.00000    0.71500    -0.08700   3.08800    -11.72400  -4.90600   33.28700
T-A        0.00000    0.00000    0.00000    0.00000    0.00000    0.00000    -0.96000   -0.48500   2.89400    0.89600    -7.58500   33.58500
C-G        0.00000    0.00000    0.00000    0.00000    0.00000    0.00000    -0.12000   -0.98300   3.10600    -2.86200   -6.42300   31.82500
A-T        0.00000    0.00000    0.00000    0.00000    0.00000    0.00000    0.32200    -0.59300   3.18200    1.65600    -0.34900   39.43600
C-G        0.00000    0.00000    0.00000    0.00000    0.00000    0.00000    0.92900    -1.59300   3.28000    2.06100    -8.65300   31.94300
A-T        0.00000    0.00000    0.00000    0.00000    0.00000    0.00000    0.27000    -1.09600   3.26800    -0.64500   -9.98900   39.97000
A-T        0.00000    0.00000    0.00000    0.00000    0.00000    0.00000    -0.09919   -0.14602   3.23405    -1.15810   0.73426    34.62223
T-A        0.00000    0.00000    0.00000    0.00000    0.00000    0.00000    -0.00514   -0.76355   3.30324    -0.39690   -2.35233   32.24061
T-A        0.00000    0.00000    0.00000    0.00000    0.00000    0.00000    -0.00396   -0.40528   3.26631    -0.27291   -2.01164   35.73874
T-A        0.00000    0.00000    0.00000    0.00000    0.00000    0.00000    -0.02790   -0.23065   3.21922    -0.37512   2.32811    33.25914
A-T        0.00000    0.00000    0.00000    0.00000    0.00000    0.00000    0.03101    0.01566    3.28564    -0.51030   7.00785    31.47328
T-A        0.00000    0.00000    0.00000    0.00000    0.00000    0.00000    -0.04199   -0.72736   3.22937    -0.03720   0.31755    30.17914
T-A        0.00000    0.00000    0.00000    0.00000    0.00000    0.00000    -0.03056   -0.31485   3.26075    0.64161    0.96307    33.57403
C-G        0.00000    0.00000    0.00000    0.00000    0.00000    0.00000    0.01412    -0.07180   3.27379    0.54483    2.36977    34.83131
G-C        0.00000    0.00000    0.00000    0.00000    0.00000    0.00000    0.17075    0.57456    3.31680    1.25759    8.45478    33.32278
C-G        0.00000    0.00000    0.00000    0.00000    0.00000    0.00000    -0.08857   -0.41010   3.24133    -0.72923   3.05704    31.38857
A-T        0.00000    0.00000    0.00000    0.00000    0.00000    0.00000    -0.06096   0.45548    3.27500    -0.42585   2.89855    34.66891
A-T        0.00000    0.00000    0.00000    0.00000    0.00000    0.00000    0.07761    -0.23584   3.27693    0.06136    -0.74036   34.26783
A-T        0.00000    0.00000    0.00000    0.00000    0.00000    0.00000    -0.04155   -0.39663   3.23541    -0.86767   -1.84503   35.05886
G-C        0.00000    0.00000    0.00000    0.00000    0.00000    0.00000    0.01749    -0.50112   3.33346    -0.03777   3.40013    31.74308
G-C        0.00000    0.00000    0.00000    0.00000    0.00000    0.00000    -0.00963   -0.43567   3.42105    -1.26394   5.26490    33.41662
C-G        0.00000    0.00000    0.00000    0.00000    0.00000    0.00000    -0.04512   -0.50782   3.23355    -0.41476   4.24204    32.25732
C-G        0.00000    0.00000    0.00000    0.00000    0.00000    0.00000    -0.26871   -0.35114   3.31309    -0.49437   5.63863    32.44506
G-C        0.00000    0.00000    0.00000    0.00000    0.00000    0.00000    0.06431    0.20491    3.04047    1.05536    7.66640    29.35442
G-C        0.00000    0.00000    0.00000    0.00000    0.00000    0.00000    0.39273    -0.31639   3.32057    2.21840    4.61785    32.52759
C-G        0.00000    0.00000    0.00000    0.00000    0.00000    0.00000    0.13815    -0.41111   3.24067    1.33157    2.79483    32.87001
C-G        0.00000    0.00000    0.00000    0.00000    0.00000    0.00000    0.29121    -0.33534   3.37589    2.01150    2.27609    33.61574
C-G        0.00000    0.00000    0.00000    0.00000    0.00000    0.00000    0.11382    -0.22325   3.33825    1.90574    2.32246    33.09157
G-C        0.00000    0.00000    0.00000    0.00000    0.00000    0.00000    -0.19002   0.96088    3.30816    -1.46127   2.78919    33.94907
A-T        0.00000    0.00000    0.00000    0.00000    0.00000    0.00000    -0.16270   -0.05918   3.14270    -1.89891   -0.26473   35.31268
C-G        0.00000    0.00000    0.00000    0.00000    0.00000    0.00000    0.14092    -0.52167   3.17060    -0.86584   2.66557    30.60457
A-T        0.00000    0.00000    0.00000    0.00000    0.00000    0.00000    -0.06053   -0.17591   3.31318    -1.44083   5.93034    33.42220
C-G        0.00000    0.00000    0.00000    0.00000    0.00000    0.00000    0.17898    -0.53086   3.21482    -0.61270   4.27638    29.70600
G-C        0.00000    0.00000    0.00000    0.00000    0.00000    0.00000    -0.01740   0.46526    3.29377    0.32141    6.62988    33.90845
A-T        0.00000    0.00000    0.00000    0.00000    0.00000    0.00000    -0.06949   -0.07130   3.15610    -0.41914   0.82660    35.13284
C-G        0.00000    0.00000    0.00000    0.00000    0.00000    0.00000    -0.17021   -0.70471   3.21661    1.02873    3.88973    31.10817
T-A        0.00000    0.00000    0.00000    0.00000    0.00000    0.00000    0.11386    -0.74150   3.54222    1.01009    1.86099    33.53731
T-A        0.00000    0.00000    0.00000    0.00000    0.00000    0.00000    -0.13315   -0.43676   3.22644    0.66872    -1.03228   29.47164
A-T        0.00000    0.00000    0.00000    0.00000    0.00000    0.00000    0.02484    0.24514    3.33419    0.37422    0.27224    37.60355
C-G        0.00000    0.00000    0.00000    0.00000    0.00000    0.00000    0.05222    -0.68768   3.28509    0.11462    0.03330    31.79900
T-A        0.00000    0.00000    0.00000    0.00000    0.00000    0.00000    -0.00049   -0.48534   3.33517    -0.27153   4.06397    31.67917
G-C        0.00000    0.00000    0.00000    0.00000    0.00000    0.00000    0.08043    -0.03354   3.35063    -2.57573   6.14297    33.56752
T-A        0.00000    0.00000    0.00000    0.00000    0.00000    0.00000    -0.04569   -0.59659   3.14776    -1.15870   3.66584    28.31555
A-T        0.00000    0.00000    0.00000    0.00000    0.00000    0.00000    -0.02051   -0.73204   3.38297    -0.44356   7.76639    32.55436
T-A        0.00000    0.00000    0.00000    0.00000    0.00000    0.00000    -0.03561   -0.70771   3.18548    -0.05683   2.55737    28.42983
C-G        0.00000    0.00000    0.00000    0.00000    0.00000    0.00000    -0.10433   -0.16268   3.23844    -0.30326   4.37705    36.24362
A-T        0.00000    0.00000    0.00000    0.00000    0.00000    0.00000    -0.28430   -0.64167   3.38169    4.90370    8.78206    29.53058
T-A        0.00000    0.00000    0.00000    0.00000    0.00000    0.00000    0.00018    -0.50203   3.19919    0.64792    2.70248    29.00848
G-C        0.00000    0.00000    0.00000    0.00000    0.00000    0.00000    0.02142    -0.26911   3.37738    0.91826    3.34525    35.29727
T-A        0.00000    0.00000    0.00000    0.00000    0.00000    0.00000    -0.01500   -0.62527   3.30980    0.28775    -0.81852   32.25003
T-A        0.00000    0.00000    0.00000    0.00000    0.00000    0.00000    0.02371    -0.20892   3.20333    0.58897    -2.23317   34.11824
A-T        0.00000    0.00000    0.00000    0.00000    0.00000    0.00000    0.01233    0.26255    3.37849    -1.69771   -1.11201   37.54495
T-A        0.00000    0.00000    0.00000    0.00000    0.00000    0.00000    0.00872    -0.72383   3.16134    -1.27618   -1.04959   29.40984
A-T        0.00000    0.00000    0.00000    0.00000    0.00000    0.00000    -0.06196   0.05503    3.31283    -1.21048   5.31915    33.27262
A-T        0.00000    0.00000    0.00000    0.00000    0.00000    0.00000    -0.04492   -0.22581   3.13255    -1.17696   4.30558    30.94968
C-G        0.00000    0.00000    0.00000    0.00000    0.00000    0.00000    0.01814    -0.78237   3.27398    -0.59359   3.62263    31.28623
G-C        0.00000    0.00000    0.00000    0.00000    0.00000    0.00000    0.20721    0.34737    3.22384    1.04553    13.03647   29.15037
G-C        0.00000    0.00000    0.00000    0.00000    0.00000    0.00000    0.54174    -0.17591   3.24691    3.73278    8.61798    30.27552
A-T        0.00000    0.00000    0.00000    0.00000    0.00000    0.00000    0.33306    -0.11904   3.22493    3.51176    1.60743    34.92749
G-C        0.00000    0.00000    0.00000    0.00000    0.00000    0.00000    -0.10086   -0.37921   3.23415    1.49252    2.51915    30.42179
G-C        0.00000    0.00000    0.00000    0.00000    0.00000    0.00000    0.01783    -0.91394   3.54681    0.88522    1.97314    32.30069
T-A        0.00000    0.00000    0.00000    0.00000    0.00000    0.00000    0.11477    -0.47265   3.26738    0.05179    -1.54776   31.30737
A-T        0.00000    0.00000    0.00000    0.00000    0.00000    0.00000    -0.04552   -0.42080   3.36298    -0.90405   0.41923    36.08654
T-A        0.00000    0.00000    0.00000    0.00000    0.00000    0.00000    -0.00904   -0.73940   3.21001    -1.26741   -1.10121   30.13969
C-G        0.00000    0.00000    0.00000    0.00000    0.00000    0.00000    0.08962    -0.36238   3.37052    -1.56389   1.17369    37.42051
T-A        0.00000    0.00000    0.00000    0.00000    0.00000    0.00000    0.06765    -0.32046   3.29266    -1.02587   5.76374    30.40776
C-G        0.00000    0.00000    0.00000    0.00000    0.00000    0.00000    0.09191    -0.07071   3.29801    1.18993    5.63102    32.95363
G-C        0.00000    0.00000    0.00000    0.00000    0.00000    0.00000    0.04529    0.31030    3.28793    1.60006    16.39328   27.59477
A-T        0.00000    0.00000    0.00000    0.00000    0.00000    0.00000    0.09177    -0.16716   3.36444    1.59542    3.92248    33.95317
G-C        0.00000    0.00000    0.00000    0.00000    0.00000    0.00000    0.08468    -0.32871   3.30998    2.20961    3.46573    30.75975
C-G        0.00000    0.00000    0.00000    0.00000    0.00000    0.00000    0.10453    -0.45622   3.39750    1.65584    1.38713    35.69008
T-A        0.00000    0.00000    0.00000    0.00000    0.00000    0.00000    0.00766    -0.12679   3.28376    1.91434    -0.93045   32.43148
C-G        0.00000    0.00000    0.00000    0.00000    0.00000    0.00000    0.06196    0.17885    3.30930    0.22560    -0.74389   37.09036
G-C        0.00000    0.00000    0.00000    0.00000    0.00000    0.00000    0.00146    1.01831    3.31607    -1.16648   1.76038    34.56007
G-C        0.00000    0.00000    0.00000    0.00000    0.00000    0.00000    -0.28772   -0.13474   3.32254    -4.98821   2.92141    33.59726
G-C        0.00000    0.00000    0.00000    0.00000    0.00000    0.00000    -0.22659   -0.29405   3.32904    -1.98821   6.82740    31.93385
A-T        0.00000    0.00000    0.00000    0.00000    0.00000    0.00000    -0.07282   -0.24356   3.28080    -1.09365   3.80974    35.02548
T-A        0.00000    0.00000    0.00000    0.00000    0.00000    0.00000    0.00205    -0.65272   3.21990    -0.11121   3.18882    30.43644
C-G        0.00000    0.00000    0.00000    0.00000    0.00000    0.00000    0.06739    -0.23966   3.27429    0.78245    4.13135    34.85271
C-G        0.00000    0.00000    0.00000    0.00000    0.00000    0.00000    -0.02401   -0.25808   3.27163    0.64613    7.07973    30.76850
G-C        0.00000    0.00000    0.00000    0.00000    0.00000    0.00000    0.06042    0.40515    3.27811    2.13193    7.53829    33.07583
C-G        0.00000    0.00000    0.00000    0.00000    0.00000    0.00000    0.18818    -0.51535   3.43091    1.83463    0.68796    35.20937
T-A        0.00000    0.00000    0.00000    0.00000    0.00000    0.00000    0.35655    -0.43716   3.43927    3.61761    -0.22282   35.00258
T-A        0.00000    0.00000    0.00000    0.00000    0.00000    0.00000    0.03700    -0.37771   3.24946    0.46130    -4.41367   36.30700
T-A        0.00000    0.00000    0.00000    0.00000    0.00000    0.00000    -0.06344   -0.34050   3.26617    -0.80211   -3.12107   35.52423
A-T        0.00000    0.00000    0.00000    0.00000    0.00000    0.00000    -0.15034   0.55626    3.29554    -1.79305   -0.09564   36.87960
A-T        0.00000    0.00000    0.00000    0.00000    0.00000    0.00000    -0.00789   -0.19952   3.16512    -1.76312   2.41496    33.09071
C-G        0.00000    0.00000    0.00000    0.00000    0.00000    0.00000    -0.02325   -0.68229   3.27012    -1.15333   2.66163    31.31674
A-T        0.00000    0.00000    0.00000    0.00000    0.00000    0.00000    0.00683    -0.15150   3.35085    -0.02799   8.07896    33.67673
C-G        0.00000    0.00000    0.00000    0.00000    0.00000    0.00000    0.20043    -0.62849   3.27488    1.13234    3.14717    31.26659
T-A        0.00000    0.00000    0.00000    0.00000    0.00000    0.00000    0.06259    -0.66881   3.53444    1.28462    4.07604    34.92536
T-A        0.00000    0.00000    0.00000    0.00000    0.00000    0.00000    0.05388    -0.35429   3.25200    1.69529    -2.16410   36.08329
T-A        0.00000    0.00000    0.00000    0.00000    0.00000    0.00000    -0.01891   -0.34283   3.25722    0.55308    -3.00854   35.39828
A-T        0.00000    0.00000    0.00000    0.00000    0.00000    0.00000    0.01753    0.38887    3.44216    -0.13427   -4.53044   41.84218
T-A        0.00000    0.00000    0.00000    0.00000    0.00000    0.00000    0.00608    -0.72984   3.19968    -0.64129   0.47268    28.65633
G-C        0.00000    0.00000    0.00000    0.00000    0.00000    0.00000    -0.00443   -0.23928   3.31000    -0.14515   5.53291    37.48613
C-G        0.00000    0.00000    0.00000    0.00000    0.00000    0.00000    0.21657    -0.43563   3.21751    -2.65587   3.04704    32.73978
T-A        0.00000    0.00000    0.00000    0.00000    0.00000    0.00000    -0.04854   -0.45192   3.40690    -0.41739   3.37677    34.13777
T-A        0.00000    0.00000    0.00000    0.00000    0.00000    0.00000    -0.04672   -0.22439   3.18390    -0.06316   4.78490    33.07224
C-G        0.00000    0.00000    0.00000    0.00000    0.00000    0.00000    0.06104    -0.25262   3.27397    0.06596    5.69926    33.83500
C-G        0.00000    0.00000    0.00000    0.00000    0.00000    0.00000    -0.13054   -0.23816   3.27220    -0.32467   7.45007    31.00850
G-C        0.00000    0.00000    0.00000    0.00000    0.00000    0.00000    0.17853    0.24332    3.06210    2.20090    7.23133    30.37636
G-C        0.00000    0.00000    0.00000    0.00000    0.00000    0.00000    0.43007    -0.28495   3.34112    2.67982    3.76267    33.27528
C-G        0.00000    0.00000    0.00000    0.00000    0.00000    0.00000    0.19234    -0.58404   3.30756    1.03133    1.75513    33.66824
T-A        0.00000    0.00000    0.00000    0.00000    0.00000    0.00000    -0.02316   -0.14212   3.29765    1.13910    0.03011    32.59881
C-G        0.00000    0.00000    0.00000    0.00000    0.00000    0.00000    0.02814    0.15519    3.32460    0.08100    0.08353    37.08052
G-C        0.00000    0.00000    0.00000    0.00000    0.00000    0.00000    -0.09035   0.47870    3.28340    -2.35480   2.69865    36.32859
T-A        0.00000    0.00000    0.00000    0.00000    0.00000    0.00000    0.23552    -0.69809   3.25926    -1.45567   2.59370    32.64039
A-T        0.00000    0.00000    0.00000    0.00000    0.00000    0.00000    -0.02790   -0.57189   3.39253    -0.93874   5.96541    34.80132
T-A        0.00000    0.00000    0.00000    0.00000    0.00000    0.00000    0.01325    -0.73237   3.16098    -0.53850   0.71808    30.00901
A-T        0.00000    0.00000    0.00000    0.00000    0.00000    0.00000    -0.01587   0.06295    3.31132    0.36764    6.58212    33.48473
A-T        0.00000    0.00000    0.00000    0.00000    0.00000    0.00000    -0.02133   -0.30875   3.22285    0.48615    4.18909    33.90662
T-A        0.00000    0.00000    0.00000    0.00000    0.00000    0.00000    0.00059    -0.66269   3.25949    0.92902    0.76990    31.06136
G-C        0.00000    0.00000    0.00000    0.00000    0.00000    0.00000    0.00667    -0.23188   3.41878    0.92428    4.82048    36.16484
T-A        0.00000    0.00000    0.00000    0.00000    0.00000    0.00000    0.08568    -0.52147   3.24279    1.23130    0.04840    30.41547
G-C        0.00000    0.00000    0.00000    0.00000    0.00000    0.00000    -0.02737   -0.04004   3.33855    1.36003    2.36709    36.33369
T-A        0.00000    0.00000    0.00000    0.00000    0.00000    0.00000    -0.11294   -0.53361   3.19379    -0.17350   1.25505    31.61468
C-G        0.00000    0.00000    0.00000    0.00000    0.00000    0.00000    0.03834    -0.05930   3.17870    0.20054    -0.60213   36.27112
G-C        0.00000    0.00000    0.00000    0.00000    0.00000    0.00000    -0.05462   0.57446    3.25524    -2.39836   6.93024    31.81186
A-T        0.00000    0.00000    0.00000    0.00000    0.00000    0.00000    -0.18097   -0.05710   3.14820    -2.02623   0.22977    35.58664
C-G        0.00000    0.00000    0.00000    0.00000    0.00000    0.00000    -0.06980   -0.77869   3.20385    -0.73834   2.97359    31.77054
C-G        0.00000    0.00000    0.00000    0.00000    0.00000    0.00000    0.17835    -0.61861   3.36027    0.03639    8.08310    30.63303
A-T        0.00000    0.00000    0.00000    0.00000    0.00000    0.00000    0.20246    0.35615    3.32822    -0.27670   10.56761   31.74404
A-T        0.00000    0.00000    0.00000    0.00000    0.00000    0.00000    0.06820    -0.17774   3.26743    0.92689    2.03169    34.29119
A-T        0.00000    0.00000    0.00000    0.00000    0.00000    0.00000    0.00349    -0.39035   3.26801    0.61110    -2.16359   36.21680
T-A        0.00000    0.00000    0.00000    0.00000    0.00000    0.00000    0.00375    -0.69320   3.26803    0.95542    -0.38290   31.31078
G-C        0.00000    0.00000    0.00000    0.00000    0.00000    0.00000    -0.26900   -1.09600   3.26800    0.63500    -9.99700   39.98800
T-A        0.00000    0.00000    0.00000    0.00000    0.00000    0.00000    -0.93000   -1.59400   3.28000    -2.04100   -8.63700   31.91900
G-C        0.00000    0.00000    0.00000    0.00000    0.00000    0.00000    -0.32200   -0.59300   3.18200    -1.64500   -0.35500   39.45000
A-T        0.00000    0.00000    0.00000    0.00000    0.00000    0.00000    0.12000    -0.98200   3.10400    2.85700    -6.37700   31.80500
G-C        0.00000    0.00000    0.00000    0.00000    0.00000    0.00000    0.96000    -0.48300   2.89600    -0.90300   -7.58100   33.59100
C-G        0.00000    0.00000    0.00000    0.00000    0.00000    0.00000    -0.71600   -0.08600   3.08700    11.70400   -4.92300   33.30600
G-C        0.00000    0.00000    0.00000    0.00000    0.00000    0.00000    -0.04900   1.55200    5.41000    -0.16600   60.13700   13.22600
C-G        0.00000    0.00000    0.00000    0.00000    0.00000    0.00000    0.67600    -0.12300   3.12600    -12.51300  -5.64000   33.19800
T-A        0.00000    0.00000    0.00000    0.00000    0.00000    0.00000    -0.92900   -0.52700   2.87900    1.16900    -8.55000   33.49600
C-G        0.00000    0.00000    0.00000    0.00000    0.00000    0.00000    -0.13500   -1.01800   3.05000    -2.62500   -6.07500   32.09900
A-T        0.00000    0.00000    0.00000    0.00000    0.00000    0.00000    0.37700    -0.59700   3.22500    2.13300    -0.62500   39.44400
C-G        0.00000    0.00000    0.00000    0.00000    0.00000    0.00000    0.90500    -1.56600   3.20700    2.32100    -8.20800   32.14100
A-T        0.00000    0.00000    0.00000    0.00000    0.00000    0.00000    0.52900    -0.91300   3.45700    1.68800    -11.71500  37.50000
