147 # base pairs
  0 # ***local base-pair & step parameters***
#          Shear      Stretch    Stagger    Buckle     Prop-Tw    Opening    Shift      Slide      Rise       Tilt       Roll       Twist
A-T        0.00000    0.00000    0.00000    0.00000    0.00000    0.00000    0.00000    0.00000    0.00000    0.00000    0.00000    0.00000
G-C        0.00000    0.00000    0.00000    0.00000    0.00000    0.00000    -0.27100   -1.09500   3.26800    0.63200    -9.98900   39.97400
T-A        0.00000    0.00000    0.00000    0.00000    0.00000    0.00000    -0.92900   -1.59400   3.27900    -2.06100   -8.63900   31.93600
G-C        0.00000    0.00000    0.00000    0.00000    0.00000    0.00000    -0.32200   -0.59300   3.18200    -1.67200   -0.37400   39.43800
A-T        0.00000    0.00000    0.00000    0.00000    0.00000    0.00000    0.12100    -0.98400   3.10400    2.85600    -6.40100   31.82500
G-C        0.00000    0.00000    0.00000    0.00000    0.00000    0.00000    0.96000    -0.48500   2.89700    -0.88600   -7.60300   33.57600
C-G        0.00000    0.00000    0.00000    0.00000    0.00000    0.00000    -0.71600   -0.08700   3.08600    11.72100   -4.90400   33.29400
G-C        0.00000    0.00000    0.00000    0.00000    0.00000    0.00000    -0.04900   1.55300    5.41100    -0.15300   60.13400   13.21100
C-G        0.00000    0.00000    0.00000    0.00000    0.00000    0.00000    0.67500    -0.12200   3.12500    -12.52100  -5.64000   33.20500
T-A        0.00000    0.00000    0.00000    0.00000    0.00000    0.00000    -0.92800   -0.52700   2.87800    1.17200    -8.55900   33.49500
C-G        0.00000    0.00000    0.00000    0.00000    0.00000    0.00000    -0.13300   -1.01800   3.05100    -2.62600   -6.07500   32.10600
A-T        0.00000    0.00000    0.00000    0.00000    0.00000    0.00000    0.37700    -0.59600   3.22300    2.15700    -0.58600   39.43900
C-G        0.00000    0.00000    0.00000    0.00000    0.00000    0.00000    0.90400    -1.56400   3.20700    2.30100    -8.21100   32.14900
A-T        0.00000    0.00000    0.00000    0.00000    0.00000    0.00000    0.52900    -0.91300   3.45700    1.67600    -11.71500  37.48500
A-T        0.00000    0.00000    0.00000    0.00000    0.00000    0.00000    -0.15820   -0.16775   3.22341    -2.19157   0.49215    33.84743
T-A        0.00000    0.00000    0.00000    0.00000    0.00000    0.00000    -0.01280   -0.77439   3.29545    -0.80540   -2.14221   31.72963
T-A        0.00000    0.00000    0.00000    0.00000    0.00000    0.00000    -0.00615   -0.40962   3.27224    -0.61500   -1.30112   35.34783
T-A        0.00000    0.00000    0.00000    0.00000    0.00000    0.00000    -0.04073   -0.18809   3.19206    -0.51005   4.92012    31.97698
A-T        0.00000    0.00000    0.00000    0.00000    0.00000    0.00000    0.02912    -0.13778   3.21043    -0.21595   11.86106   26.67019
T-A        0.00000    0.00000    0.00000    0.00000    0.00000    0.00000    -0.04131   -0.74343   3.21061    0.52939    1.44528    29.25564
T-A        0.00000    0.00000    0.00000    0.00000    0.00000    0.00000    -0.01743   -0.32497   3.26381    1.37991    1.29995    32.95774
C-G        0.00000    0.00000    0.00000    0.00000    0.00000    0.00000    0.05696    -0.09963   3.26554    1.10867    1.96205    34.47940
G-C        0.00000    0.00000    0.00000    0.00000    0.00000    0.00000    0.31801    0.59038    3.28027    2.43974    7.04980    33.17291
C-G        0.00000    0.00000    0.00000    0.00000    0.00000    0.00000    -0.06613   -0.40307   3.23915    -0.69463   2.75652    31.32703
A-T        0.00000    0.00000    0.00000    0.00000    0.00000    0.00000    -0.13783   0.48688    3.25405    -1.24435   1.30533    34.62973
A-T        0.00000    0.00000    0.00000    0.00000    0.00000    0.00000    0.04721    -0.26203   3.27536    -0.64361   -1.34377   33.83406
A-T        0.00000    0.00000    0.00000    0.00000    0.00000    0.00000    -0.04700   -0.40423   3.23212    -1.56106   -1.50815   34.68326
G-C        0.00000    0.00000    0.00000    0.00000    0.00000    0.00000    0.01104    -0.53052   3.32068    -0.31408   4.56570    31.05190
G-C        0.00000    0.00000    0.00000    0.00000    0.00000    0.00000    0.00462    -0.53479   3.41833    -1.54371   7.35857    32.05411
C-G        0.00000    0.00000    0.00000    0.00000    0.00000    0.00000    0.02157    -0.58579   3.21606    0.19686    5.58621    31.29132
C-G        0.00000    0.00000    0.00000    0.00000    0.00000    0.00000    -0.15297   -0.37911   3.29208    0.89636    6.76255    32.00750
G-C        0.00000    0.00000    0.00000    0.00000    0.00000    0.00000    0.23982    0.17777    3.02371    3.07653    7.81561    28.78968
G-C        0.00000    0.00000    0.00000    0.00000    0.00000    0.00000    0.55086    -0.32726   3.32576    3.97955    3.72951    32.16301
C-G        0.00000    0.00000    0.00000    0.00000    0.00000    0.00000    0.23029    -0.36002   3.24122    2.13181    1.56311    32.94462
C-G        0.00000    0.00000    0.00000    0.00000    0.00000    0.00000    0.29608    -0.26618   3.37476    2.06597    -0.13904   34.21124
C-G        0.00000    0.00000    0.00000    0.00000    0.00000    0.00000    0.02908    -0.27185   3.35048    0.36283    1.30507    32.88528
G-C        0.00000    0.00000    0.00000    0.00000    0.00000    0.00000    -0.31481   1.00681    3.31917    -3.30796   2.62071    33.99848
A-T        0.00000    0.00000    0.00000    0.00000    0.00000    0.00000    -0.26700   -0.05473   3.11646    -3.14398   0.14878    34.72319
C-G        0.00000    0.00000    0.00000    0.00000    0.00000    0.00000    0.14753    -0.49619   3.14739    -1.44107   3.95359    30.03658
A-T        0.00000    0.00000    0.00000    0.00000    0.00000    0.00000    -0.09611   -0.22862   3.29979    -1.13014   8.52526    31.65989
C-G        0.00000    0.00000    0.00000    0.00000    0.00000    0.00000    0.20175    -0.53317   3.18187    -0.27259   5.74966    29.12452
G-C        0.00000    0.00000    0.00000    0.00000    0.00000    0.00000    0.08306    0.44416    3.30084    2.64335    7.73119    33.33911
A-T        0.00000    0.00000    0.00000    0.00000    0.00000    0.00000    0.02790    -0.07946   3.16818    0.72762    0.67586    35.17511
C-G        0.00000    0.00000    0.00000    0.00000    0.00000    0.00000    -0.12070   -0.69830   3.23485    1.49743    2.89899    31.07000
T-A        0.00000    0.00000    0.00000    0.00000    0.00000    0.00000    0.14574    -0.81418   3.55878    1.43323    -0.65588   32.98672
T-A        0.00000    0.00000    0.00000    0.00000    0.00000    0.00000    -0.18051   -0.55035   3.24544    0.12153    -3.45281   29.55910
A-T        0.00000    0.00000    0.00000    0.00000    0.00000    0.00000    -0.04424   0.35570    3.34297    -0.52806   -1.78581   38.53617
C-G        0.00000    0.00000    0.00000    0.00000    0.00000    0.00000    -0.05299   -0.67971   3.26475    -0.97441   0.27755    31.49224
T-A        0.00000    0.00000    0.00000    0.00000    0.00000    0.00000    0.00166    -0.46295   3.32943    -1.22267   4.57461    31.49026
G-C        0.00000    0.00000    0.00000    0.00000    0.00000    0.00000    0.10909    -0.11671   3.37684    -2.70109   8.77376    32.37251
T-A        0.00000    0.00000    0.00000    0.00000    0.00000    0.00000    -0.08282   -0.61042   3.13503    -1.09047   5.43658    26.91517
A-T        0.00000    0.00000    0.00000    0.00000    0.00000    0.00000    0.19512    -1.23192   3.25258    -0.16916   17.55010   25.88376
G-C        0.00000    0.00000    0.00000    0.00000    0.00000    0.00000    -0.27483   -0.48300   3.17019    0.90672    7.45652    27.39876
G-C        0.00000    0.00000    0.00000    0.00000    0.00000    0.00000    -0.01387   -0.97855   3.55436    1.48928    5.54343    30.67500
T-A        0.00000    0.00000    0.00000    0.00000    0.00000    0.00000    0.17412    -0.53456   3.22689    1.87421    1.04132    30.02276
A-T        0.00000    0.00000    0.00000    0.00000    0.00000    0.00000    0.04426    -0.56787   3.35121    2.02192    2.32547    34.01745
T-A        0.00000    0.00000    0.00000    0.00000    0.00000    0.00000    -0.09240   -0.77280   3.22828    0.24327    -2.20077   29.76194
C-G        0.00000    0.00000    0.00000    0.00000    0.00000    0.00000    0.08385    -0.35831   3.33815    -1.06267   -1.44919   36.98822
T-A        0.00000    0.00000    0.00000    0.00000    0.00000    0.00000    0.05342    -0.35236   3.31919    -1.03725   2.66127    30.72556
C-G        0.00000    0.00000    0.00000    0.00000    0.00000    0.00000    -0.04694   -0.07054   3.33876    -1.57869   2.04685    34.19607
G-C        0.00000    0.00000    0.00000    0.00000    0.00000    0.00000    -0.06282   0.38463    3.23260    -2.82682   11.46893   27.68119
A-T        0.00000    0.00000    0.00000    0.00000    0.00000    0.00000    -0.24580   0.06603    3.23022    -3.17807   5.10154    32.41525
G-C        0.00000    0.00000    0.00000    0.00000    0.00000    0.00000    0.16330    -0.45838   3.27758    0.02032    5.48405    29.33385
C-G        0.00000    0.00000    0.00000    0.00000    0.00000    0.00000    0.03820    -0.58061   3.32672    0.56660    4.08890    33.58038
T-A        0.00000    0.00000    0.00000    0.00000    0.00000    0.00000    -0.11931   -0.39077   3.26997    1.37008    3.99185    29.90825
C-G        0.00000    0.00000    0.00000    0.00000    0.00000    0.00000    0.30061    0.17172    3.21456    3.76456    3.48298    33.52868
G-C        0.00000    0.00000    0.00000    0.00000    0.00000    0.00000    0.24296    0.83386    3.27606    2.12563    3.70142    32.75344
G-C        0.00000    0.00000    0.00000    0.00000    0.00000    0.00000    -0.05891   -0.27347   3.32743    -0.80102   2.34875    32.08814
G-C        0.00000    0.00000    0.00000    0.00000    0.00000    0.00000    -0.02874   -0.61748   3.38909    0.08563    3.35088    30.89257
T-A        0.00000    0.00000    0.00000    0.00000    0.00000    0.00000    0.12081    -0.80252   3.20838    -0.32386   2.05675    31.22424
C-G        0.00000    0.00000    0.00000    0.00000    0.00000    0.00000    0.04407    -0.08053   3.19125    -0.04795   2.98725    33.20599
A-T        0.00000    0.00000    0.00000    0.00000    0.00000    0.00000    -0.35297   -0.18647   3.34882    0.14370    7.13122    31.32933
T-A        0.00000    0.00000    0.00000    0.00000    0.00000    0.00000    0.01124    -0.50384   3.18656    -0.37100   3.39309    28.28330
G-C        0.00000    0.00000    0.00000    0.00000    0.00000    0.00000    0.00408    -0.40836   3.45330    -1.26316   7.47019    32.63800
T-A        0.00000    0.00000    0.00000    0.00000    0.00000    0.00000    -0.00590   -0.73304   3.23233    0.17965    2.49777    29.43728
T-A        0.00000    0.00000    0.00000    0.00000    0.00000    0.00000    0.02910    -0.23170   3.13536    0.77170    3.57110    30.56882
A-T        0.00000    0.00000    0.00000    0.00000    0.00000    0.00000    0.02837    0.03332    3.28587    0.30646    6.16042    31.34992
T-A        0.00000    0.00000    0.00000    0.00000    0.00000    0.00000    -0.01593   -0.72916   3.14311    0.77119    -0.69355   28.65293
A-T        0.00000    0.00000    0.00000    0.00000    0.00000    0.00000    -0.01692   0.19283    3.32230    1.46986    2.41078    33.92303
A-T        0.00000    0.00000    0.00000    0.00000    0.00000    0.00000    -0.02494   -0.21377   3.17652    -0.26975   -0.23780   32.53449
C-G        0.00000    0.00000    0.00000    0.00000    0.00000    0.00000    -0.00413   -0.77124   3.35809    -0.47370   -0.74006   32.11766
G-C        0.00000    0.00000    0.00000    0.00000    0.00000    0.00000    0.13140    0.25728    3.23233    -0.86727   6.81105    32.59897
G-C        0.00000    0.00000    0.00000    0.00000    0.00000    0.00000    0.08689    -0.26128   3.26876    0.05455    5.76030    30.04750
A-T        0.00000    0.00000    0.00000    0.00000    0.00000    0.00000    -0.11072   -0.27137   3.27416    -0.93424   3.21740    32.98858
A-T        0.00000    0.00000    0.00000    0.00000    0.00000    0.00000    0.04280    -0.33805   3.26383    -0.40124   1.43960    32.65422
T-A        0.00000    0.00000    0.00000    0.00000    0.00000    0.00000    -0.02979   -0.75642   3.21199    -0.06773   1.74101    28.41110
C-G        0.00000    0.00000    0.00000    0.00000    0.00000    0.00000    0.04533    -0.25349   3.26703    -0.03043   2.95303    34.33009
C-G        0.00000    0.00000    0.00000    0.00000    0.00000    0.00000    -0.23588   -0.26181   3.25542    -0.94242   7.43000    29.59703
G-C        0.00000    0.00000    0.00000    0.00000    0.00000    0.00000    0.01918    0.39417    3.25507    0.95956    9.04557    30.84744
C-G        0.00000    0.00000    0.00000    0.00000    0.00000    0.00000    0.10833    -0.53668   3.41437    1.17579    1.33722    34.33214
T-A        0.00000    0.00000    0.00000    0.00000    0.00000    0.00000    0.35112    -0.46032   3.41300    3.45087    0.92984    33.58205
T-A        0.00000    0.00000    0.00000    0.00000    0.00000    0.00000    0.04590    -0.41485   3.23080    0.51208    -2.97302   34.91066
T-A        0.00000    0.00000    0.00000    0.00000    0.00000    0.00000    -0.03829   -0.35829   3.23938    -0.34666   -2.27910   34.09119
A-T        0.00000    0.00000    0.00000    0.00000    0.00000    0.00000    -0.06833   0.42286    3.25343    -1.08712   -1.21305   34.62514
A-T        0.00000    0.00000    0.00000    0.00000    0.00000    0.00000    -0.01864   -0.21862   3.15753    -1.79840   1.78478    31.51798
C-G        0.00000    0.00000    0.00000    0.00000    0.00000    0.00000    -0.01020   -0.71716   3.24588    -1.11253   2.52372    29.84829
A-T        0.00000    0.00000    0.00000    0.00000    0.00000    0.00000    -0.08011   -0.23963   3.29997    -0.67741   7.98433    31.56835
C-G        0.00000    0.00000    0.00000    0.00000    0.00000    0.00000    0.10922    -0.66013   3.26199    0.38088    3.18971    29.66438
T-A        0.00000    0.00000    0.00000    0.00000    0.00000    0.00000    0.11495    -0.70354   3.51881    0.47708    4.47431    32.87069
T-A        0.00000    0.00000    0.00000    0.00000    0.00000    0.00000    0.04471    -0.40770   3.22601    1.04018    -0.43985   34.34208
T-A        0.00000    0.00000    0.00000    0.00000    0.00000    0.00000    -0.01875   -0.30943   3.22257    0.62809    -0.60756   33.61036
A-T        0.00000    0.00000    0.00000    0.00000    0.00000    0.00000    0.05151    0.27099    3.35365    0.38388    0.12752    36.02119
T-A        0.00000    0.00000    0.00000    0.00000    0.00000    0.00000    -0.01256   -0.74903   3.19794    0.16711    0.68747    27.51984
G-C        0.00000    0.00000    0.00000    0.00000    0.00000    0.00000    0.01291    -0.25683   3.30599    0.17783    5.42786    37.09800
C-G        0.00000    0.00000    0.00000    0.00000    0.00000    0.00000    0.23353    -0.43118   3.22230    -2.30839   2.28264    32.21178
T-A        0.00000    0.00000    0.00000    0.00000    0.00000    0.00000    -0.03304   -0.47268   3.38245    -0.46070   2.62645    33.10453
T-A        0.00000    0.00000    0.00000    0.00000    0.00000    0.00000    -0.08861   -0.24155   3.17955    -1.02649   3.90750    32.25026
C-G        0.00000    0.00000    0.00000    0.00000    0.00000    0.00000    0.00093    -0.29849   3.23953    -0.76335   6.43500    31.90564
C-G        0.00000    0.00000    0.00000    0.00000    0.00000    0.00000    -0.38641   -0.25377   3.24163    -1.87099   8.81220    29.21094
G-C        0.00000    0.00000    0.00000    0.00000    0.00000    0.00000    0.10844    0.15540    3.02437    1.70610    8.88125    28.28926
G-C        0.00000    0.00000    0.00000    0.00000    0.00000    0.00000    0.49424    -0.32952   3.30300    3.47985    5.09972    31.69604
C-G        0.00000    0.00000    0.00000    0.00000    0.00000    0.00000    0.28686    -0.61052   3.29462    1.85967    2.05030    32.24167
T-A        0.00000    0.00000    0.00000    0.00000    0.00000    0.00000    -0.00600   -0.19824   3.26505    2.05778    -0.03474   31.12528
C-G        0.00000    0.00000    0.00000    0.00000    0.00000    0.00000    0.19065    0.21235    3.25430    1.53354    0.23605    35.41274
G-C        0.00000    0.00000    0.00000    0.00000    0.00000    0.00000    -0.04392   0.43873    3.24545    -1.74652   1.16417    34.77094
T-A        0.00000    0.00000    0.00000    0.00000    0.00000    0.00000    0.21094    -0.57066   3.23555    -1.39391   1.81774    31.27223
A-T        0.00000    0.00000    0.00000    0.00000    0.00000    0.00000    -0.05741   -0.66184   3.37387    -1.70021   5.35609    33.10288
T-A        0.00000    0.00000    0.00000    0.00000    0.00000    0.00000    -0.00086   -0.74586   3.12470    -1.38645   0.70653    28.37943
A-T        0.00000    0.00000    0.00000    0.00000    0.00000    0.00000    -0.05463   -0.13449   3.21695    -0.43695   11.69666   27.06491
A-T        0.00000    0.00000    0.00000    0.00000    0.00000    0.00000    -0.01263   -0.31317   3.20781    0.03253    6.82822    32.03916
T-A        0.00000    0.00000    0.00000    0.00000    0.00000    0.00000    -0.02081   -0.64729   3.23451    1.04977    2.37172    29.38986
G-C        0.00000    0.00000    0.00000    0.00000    0.00000    0.00000    0.08250    -0.35209   3.40366    1.95062    7.76662    32.92853
T-A        0.00000    0.00000    0.00000    0.00000    0.00000    0.00000    0.23687    -0.52245   3.18558    2.80115    0.78887    28.12422
G-C        0.00000    0.00000    0.00000    0.00000    0.00000    0.00000    0.09204    -0.10057   3.27550    2.65679    2.27241    34.33455
T-A        0.00000    0.00000    0.00000    0.00000    0.00000    0.00000    -0.10059   -0.56969   3.20563    0.50127    0.28061    30.62262
C-G        0.00000    0.00000    0.00000    0.00000    0.00000    0.00000    0.05141    -0.06579   3.15632    0.48776    -1.28060   35.44148
G-C        0.00000    0.00000    0.00000    0.00000    0.00000    0.00000    -0.09662   0.53465    3.17545    -3.78310   3.89726    30.04163
A-T        0.00000    0.00000    0.00000    0.00000    0.00000    0.00000    -0.28124   -0.05971   3.10742    -3.35246   0.06174    34.36388
C-G        0.00000    0.00000    0.00000    0.00000    0.00000    0.00000    -0.01886   -0.75131   3.20064    -1.70085   3.10536    30.74275
C-G        0.00000    0.00000    0.00000    0.00000    0.00000    0.00000    0.21504    -0.76686   3.32731    -1.13225   9.82720    28.18903
A-T        0.00000    0.00000    0.00000    0.00000    0.00000    0.00000    0.44224    -0.12069   3.32265    -0.88509   17.74329   25.14998
A-T        0.00000    0.00000    0.00000    0.00000    0.00000    0.00000    0.06051    -0.19525   3.24791    1.26563    4.33689    32.01896
A-T        0.00000    0.00000    0.00000    0.00000    0.00000    0.00000    0.00765    -0.40416   3.27367    1.03193    -1.45273   35.47516
T-A        0.00000    0.00000    0.00000    0.00000    0.00000    0.00000    -0.00193   -0.73027   3.25264    1.64152    -0.00780   29.94128
G-C        0.00000    0.00000    0.00000    0.00000    0.00000    0.00000    -0.52900   -0.91300   3.45800    -1.68400   -11.70400  37.46900
T-A        0.00000    0.00000    0.00000    0.00000    0.00000    0.00000    -0.90500   -1.56500   3.20700    -2.32900   -8.23400   32.16600
G-C        0.00000    0.00000    0.00000    0.00000    0.00000    0.00000    -0.37700   -0.59600   3.22500    -2.12100   -0.58700   39.44300
A-T        0.00000    0.00000    0.00000    0.00000    0.00000    0.00000    0.13400    -1.01800   3.04900    2.58900    -6.06800   32.10200
G-C        0.00000    0.00000    0.00000    0.00000    0.00000    0.00000    0.92800    -0.52700   2.87900    -1.17100   -8.58500   33.49000
C-G        0.00000    0.00000    0.00000    0.00000    0.00000    0.00000    -0.67600   -0.12400   3.12600    12.53400   -5.63600   33.19400
G-C        0.00000    0.00000    0.00000    0.00000    0.00000    0.00000    0.05000    1.55100    5.41100    0.14800    60.11900   13.23800
C-G        0.00000    0.00000    0.00000    0.00000    0.00000    0.00000    0.71700    -0.08600   3.08700    -11.67300  -4.90200   33.30300
T-A        0.00000    0.00000    0.00000    0.00000    0.00000    0.00000    -0.96000   -0.48200   2.89500    0.89000    -7.57200   33.58000
C-G        0.00000    0.00000    0.00000    0.00000    0.00000    0.00000    -0.12100   -0.98300   3.10500    -2.86700   -6.38300   31.80500
A-T        0.00000    0.00000    0.00000    0.00000    0.00000    0.00000    0.32200    -0.59300   3.18200    1.64400    -0.34400   39.44100
C-G        0.00000    0.00000    0.00000    0.00000    0.00000    0.00000    0.92800    -1.59400   3.28000    2.05300    -8.66400   31.95900
A-T        0.00000    0.00000    0.00000    0.00000    0.00000    0.00000    0.27000    -1.09600   3.26800    -0.64500   -9.98600   39.97600
