147 # base pairs
  0 # ***local base-pair & step parameters***
#          Shear      Stretch    Stagger    Buckle     Prop-Tw    Opening    Shift      Slide      Rise       Tilt       Roll       Twist
A-T        0.00000    0.00000    0.00000    0.00000    0.00000    0.00000    0.00000    0.00000    0.00000    0.00000    0.00000    0.00000
G-C        0.00000    0.00000    0.00000    0.00000    0.00000    0.00000    -0.27100   -1.09500   3.26800    0.63200    -9.98900   39.97400
T-A        0.00000    0.00000    0.00000    0.00000    0.00000    0.00000    -0.92900   -1.59400   3.27900    -2.06100   -8.63900   31.93600
G-C        0.00000    0.00000    0.00000    0.00000    0.00000    0.00000    -0.32200   -0.59300   3.18200    -1.67200   -0.37400   39.43800
A-T        0.00000    0.00000    0.00000    0.00000    0.00000    0.00000    0.12100    -0.98400   3.10400    2.85600    -6.40100   31.82500
G-C        0.00000    0.00000    0.00000    0.00000    0.00000    0.00000    0.96000    -0.48500   2.89700    -0.88600   -7.60300   33.57600
C-G        0.00000    0.00000    0.00000    0.00000    0.00000    0.00000    -0.71600   -0.08700   3.08600    11.72100   -4.90400   33.29400
G-C        0.00000    0.00000    0.00000    0.00000    0.00000    0.00000    -0.04900   1.55300    5.41100    -0.15300   60.13400   13.21100
C-G        0.00000    0.00000    0.00000    0.00000    0.00000    0.00000    0.67500    -0.12200   3.12500    -12.52100  -5.64000   33.20500
T-A        0.00000    0.00000    0.00000    0.00000    0.00000    0.00000    -0.92800   -0.52700   2.87800    1.17200    -8.55900   33.49500
C-G        0.00000    0.00000    0.00000    0.00000    0.00000    0.00000    -0.13300   -1.01800   3.05100    -2.62600   -6.07500   32.10600
A-T        0.00000    0.00000    0.00000    0.00000    0.00000    0.00000    0.37700    -0.59600   3.22300    2.15700    -0.58600   39.43900
C-G        0.00000    0.00000    0.00000    0.00000    0.00000    0.00000    0.90400    -1.56400   3.20700    2.30100    -8.21100   32.14900
A-T        0.00000    0.00000    0.00000    0.00000    0.00000    0.00000    0.52900    -0.91300   3.45700    1.67600    -11.71500  37.48500
A-T        0.00000    0.00000    0.00000    0.00000    0.00000    0.00000    -0.17360   -0.16506   3.22071    -2.45031   0.62888    33.67423
T-A        0.00000    0.00000    0.00000    0.00000    0.00000    0.00000    -0.01384   -0.77591   3.29211    -0.87157   -2.00642   31.63320
T-A        0.00000    0.00000    0.00000    0.00000    0.00000    0.00000    -0.00616   -0.40969   3.27352    -0.61992   -1.06607   35.26117
T-A        0.00000    0.00000    0.00000    0.00000    0.00000    0.00000    -0.03876   -0.17739   3.18638    -0.46118   5.46429    31.74161
A-T        0.00000    0.00000    0.00000    0.00000    0.00000    0.00000    0.03488    -0.16057   3.20113    -0.00268   12.48614   26.08562
T-A        0.00000    0.00000    0.00000    0.00000    0.00000    0.00000    -0.04046   -0.74525   3.20958    0.68817    1.47144    29.18017
T-A        0.00000    0.00000    0.00000    0.00000    0.00000    0.00000    -0.01055   -0.32609   3.26397    1.57966    1.07390    33.04057
C-G        0.00000    0.00000    0.00000    0.00000    0.00000    0.00000    0.05885    -0.10384   3.26547    1.17619    1.74827    34.50557
G-C        0.00000    0.00000    0.00000    0.00000    0.00000    0.00000    0.30543    0.59459    3.27217    2.30497    6.71056    33.16348
C-G        0.00000    0.00000    0.00000    0.00000    0.00000    0.00000    -0.07366   -0.40254   3.23848    -0.78950   2.72460    31.30454
A-T        0.00000    0.00000    0.00000    0.00000    0.00000    0.00000    -0.17198   0.47973    3.24745    -1.55968   1.30463    34.48969
A-T        0.00000    0.00000    0.00000    0.00000    0.00000    0.00000    0.03658    -0.25950   3.27363    -0.76557   -1.17019   33.68656
A-T        0.00000    0.00000    0.00000    0.00000    0.00000    0.00000    -0.04757   -0.40649   3.22963    -1.57667   -1.20933   34.52801
G-C        0.00000    0.00000    0.00000    0.00000    0.00000    0.00000    0.01118    -0.53654   3.31713    -0.25462   4.85129    30.86091
G-C        0.00000    0.00000    0.00000    0.00000    0.00000    0.00000    0.02279    -0.55294   3.41631    -1.38828   7.63916    31.82411
C-G        0.00000    0.00000    0.00000    0.00000    0.00000    0.00000    0.05298    -0.59387   3.21373    0.45063    5.67649    31.15951
C-G        0.00000    0.00000    0.00000    0.00000    0.00000    0.00000    -0.13573   -0.38803   3.29186    1.13003    6.73490    31.97854
G-C        0.00000    0.00000    0.00000    0.00000    0.00000    0.00000    0.25641    0.17283    3.01833    3.26910    7.60771    28.72054
G-C        0.00000    0.00000    0.00000    0.00000    0.00000    0.00000    0.55915    -0.33473   3.32824    4.04142    3.50381    32.14574
C-G        0.00000    0.00000    0.00000    0.00000    0.00000    0.00000    0.21152    -0.35566   3.24078    1.99759    1.40428    32.91805
C-G        0.00000    0.00000    0.00000    0.00000    0.00000    0.00000    0.27547    -0.26899   3.37257    1.80312    -0.21075   34.16771
C-G        0.00000    0.00000    0.00000    0.00000    0.00000    0.00000    0.00615    -0.27929   3.34833    0.06544    1.35662    32.73582
G-C        0.00000    0.00000    0.00000    0.00000    0.00000    0.00000    -0.32995   0.98473    3.31349    -3.46003   2.84384    33.80225
A-T        0.00000    0.00000    0.00000    0.00000    0.00000    0.00000    -0.26883   -0.05410   3.11372    -3.16729   0.26035    34.62084
C-G        0.00000    0.00000    0.00000    0.00000    0.00000    0.00000    0.15510    -0.49399   3.14356    -1.37764   4.11122    29.93637
A-T        0.00000    0.00000    0.00000    0.00000    0.00000    0.00000    -0.08380   -0.23458   3.29857    -0.94516   8.69765    31.46731
C-G        0.00000    0.00000    0.00000    0.00000    0.00000    0.00000    0.21042    -0.53460   3.18286    -0.15681   5.67696    29.06418
G-C        0.00000    0.00000    0.00000    0.00000    0.00000    0.00000    0.09380    0.43749    3.29845    2.82790    7.53171    33.30808
A-T        0.00000    0.00000    0.00000    0.00000    0.00000    0.00000    0.02805    -0.08094   3.16784    0.71667    0.58269    35.15724
C-G        0.00000    0.00000    0.00000    0.00000    0.00000    0.00000    -0.11649   -0.70084   3.23631    1.43174    2.76570    31.03107
T-A        0.00000    0.00000    0.00000    0.00000    0.00000    0.00000    0.14460    -0.81908   3.55821    1.26510    -0.71989   32.89042
T-A        0.00000    0.00000    0.00000    0.00000    0.00000    0.00000    -0.18298   -0.55033   3.24360    0.02827    -3.33182   29.46680
A-T        0.00000    0.00000    0.00000    0.00000    0.00000    0.00000    -0.05227   0.30905    3.33665    -0.59988   -0.99425   37.85263
C-G        0.00000    0.00000    0.00000    0.00000    0.00000    0.00000    -0.05596   -0.67796   3.25916    -0.92532   0.50993    31.38794
T-A        0.00000    0.00000    0.00000    0.00000    0.00000    0.00000    -0.00354   -0.46776   3.32552    -1.00776   4.67798    31.34206
G-C        0.00000    0.00000    0.00000    0.00000    0.00000    0.00000    0.11761    -0.11464   3.37701    -2.45065   8.79138    32.33142
T-A        0.00000    0.00000    0.00000    0.00000    0.00000    0.00000    -0.06957   -0.60638   3.13509    -0.96037   5.24943    26.99017
A-T        0.00000    0.00000    0.00000    0.00000    0.00000    0.00000    0.19455    -1.15857   3.25160    -0.03714   16.57888   26.38328
G-C        0.00000    0.00000    0.00000    0.00000    0.00000    0.00000    -0.25393   -0.48631   3.17213    0.87752    7.09266    27.41198
G-C        0.00000    0.00000    0.00000    0.00000    0.00000    0.00000    -0.01971   -0.98974   3.55522    1.34703    5.30549    30.60176
T-A        0.00000    0.00000    0.00000    0.00000    0.00000    0.00000    0.16476    -0.53108   3.22801    1.67247    0.97342    30.01531
A-T        0.00000    0.00000    0.00000    0.00000    0.00000    0.00000    0.03265    -0.57715   3.35294    1.79554    2.55362    33.91758
T-A        0.00000    0.00000    0.00000    0.00000    0.00000    0.00000    -0.09119   -0.76858   3.22555    0.18036    -1.90493   29.62947
C-G        0.00000    0.00000    0.00000    0.00000    0.00000    0.00000    0.08316    -0.35793   3.34275    -0.98861   -1.10536   36.93365
T-A        0.00000    0.00000    0.00000    0.00000    0.00000    0.00000    0.05246    -0.34620   3.31383    -0.91129   2.90641    30.63964
C-G        0.00000    0.00000    0.00000    0.00000    0.00000    0.00000    -0.01166   -0.04227   3.32619    -1.07838   2.23572    34.09904
G-C        0.00000    0.00000    0.00000    0.00000    0.00000    0.00000    -0.04378   0.39614    3.23227    -2.31705   11.17901   27.79959
A-T        0.00000    0.00000    0.00000    0.00000    0.00000    0.00000    -0.21595   0.05844    3.24028    -2.77713   4.73172    32.65111
G-C        0.00000    0.00000    0.00000    0.00000    0.00000    0.00000    0.15828    -0.44179   3.27890    -0.00053   5.00497    29.47256
C-G        0.00000    0.00000    0.00000    0.00000    0.00000    0.00000    0.03216    -0.57067   3.33350    0.46011    3.83156    33.72716
T-A        0.00000    0.00000    0.00000    0.00000    0.00000    0.00000    -0.11705   -0.38810   3.27324    1.11168    3.79188    29.93011
C-G        0.00000    0.00000    0.00000    0.00000    0.00000    0.00000    0.25905    0.13446    3.22951    3.19928    3.42405    33.53514
G-C        0.00000    0.00000    0.00000    0.00000    0.00000    0.00000    0.22454    0.79390    3.26664    1.80767    3.99003    32.51897
G-C        0.00000    0.00000    0.00000    0.00000    0.00000    0.00000    -0.06493   -0.27106   3.32262    -0.91158   2.66108    31.98908
G-C        0.00000    0.00000    0.00000    0.00000    0.00000    0.00000    -0.07420   -0.27846   3.32929    0.12001    5.43211    31.86005
A-T        0.00000    0.00000    0.00000    0.00000    0.00000    0.00000    -0.07634   -0.27464   3.30743    -0.17915   0.29315    35.70436
T-A        0.00000    0.00000    0.00000    0.00000    0.00000    0.00000    0.00188    -0.63655   3.24273    -0.38116   1.00588    30.47810
C-G        0.00000    0.00000    0.00000    0.00000    0.00000    0.00000    0.04984    -0.25879   3.28542    -0.85721   1.43525    35.14293
C-G        0.00000    0.00000    0.00000    0.00000    0.00000    0.00000    -0.34029   -0.23961   3.25739    -2.30735   7.52810    29.86702
G-C        0.00000    0.00000    0.00000    0.00000    0.00000    0.00000    0.01329    0.38125    3.25941    -0.41338   9.76928    30.54743
C-G        0.00000    0.00000    0.00000    0.00000    0.00000    0.00000    0.01713    -0.56094   3.40715    0.15250    1.91671    34.06413
T-A        0.00000    0.00000    0.00000    0.00000    0.00000    0.00000    0.23165    -0.48158   3.40425    2.45789    2.55640    33.15473
T-A        0.00000    0.00000    0.00000    0.00000    0.00000    0.00000    0.03686    -0.42538   3.22368    0.51269    -0.72299   34.20699
T-A        0.00000    0.00000    0.00000    0.00000    0.00000    0.00000    -0.04123   -0.30268   3.22197    0.19539    -0.06202   33.42782
A-T        0.00000    0.00000    0.00000    0.00000    0.00000    0.00000    0.01408    0.43073    3.25615    0.31113    -0.71990   34.37447
A-T        0.00000    0.00000    0.00000    0.00000    0.00000    0.00000    -0.02142   -0.21202   3.16964    -0.52357   0.44962    32.15136
C-G        0.00000    0.00000    0.00000    0.00000    0.00000    0.00000    0.03756    -0.67228   3.27163    -0.01361   0.49206    30.75404
A-T        0.00000    0.00000    0.00000    0.00000    0.00000    0.00000    -0.01299   -0.16083   3.29644    -0.94091   4.75013    33.01912
C-G        0.00000    0.00000    0.00000    0.00000    0.00000    0.00000    0.09745    -0.71593   3.28610    -0.45542   1.64024    29.94932
T-A        0.00000    0.00000    0.00000    0.00000    0.00000    0.00000    0.14990    -0.76587   3.52561    -1.09071   2.59133    32.22129
T-A        0.00000    0.00000    0.00000    0.00000    0.00000    0.00000    0.03995    -0.44808   3.21188    -0.44427   0.17306    33.64699
T-A        0.00000    0.00000    0.00000    0.00000    0.00000    0.00000    -0.04589   -0.25821   3.21114    -0.23340   2.11660    32.81306
A-T        0.00000    0.00000    0.00000    0.00000    0.00000    0.00000    0.00952    0.00074    3.27104    -0.40721   7.25817    30.37356
T-A        0.00000    0.00000    0.00000    0.00000    0.00000    0.00000    -0.09496   -0.75678   3.15500    0.71392    3.12011    26.89001
G-C        0.00000    0.00000    0.00000    0.00000    0.00000    0.00000    0.02487    -0.27595   3.32132    0.62556    6.19793    36.75993
C-G        0.00000    0.00000    0.00000    0.00000    0.00000    0.00000    0.21763    -0.42536   3.25230    -0.14716   2.40233    32.49728
T-A        0.00000    0.00000    0.00000    0.00000    0.00000    0.00000    0.31282    -0.45825   3.41136    3.01310    1.05019    33.60306
T-A        0.00000    0.00000    0.00000    0.00000    0.00000    0.00000    -0.02391   -0.26042   3.19832    -0.05708   1.04745    33.43974
C-G        0.00000    0.00000    0.00000    0.00000    0.00000    0.00000    0.07913    -0.27929   3.31097    -0.21302   1.12080    34.39568
C-G        0.00000    0.00000    0.00000    0.00000    0.00000    0.00000    -0.27424   -0.23934   3.26638    -2.09893   6.22987    30.12460
G-C        0.00000    0.00000    0.00000    0.00000    0.00000    0.00000    -0.22929   0.29008    3.23057    -2.02960   8.81768    31.20762
T-A        0.00000    0.00000    0.00000    0.00000    0.00000    0.00000    -0.21628   -0.67382   3.23172    -2.22057   1.52849    29.29099
C-G        0.00000    0.00000    0.00000    0.00000    0.00000    0.00000    0.04578    -0.07138   3.16225    0.50852    5.05521    31.76759
A-T        0.00000    0.00000    0.00000    0.00000    0.00000    0.00000    -0.33047   -0.65467   3.37728    3.54298    8.92761    29.06404
T-A        0.00000    0.00000    0.00000    0.00000    0.00000    0.00000    -0.01917   -0.50058   3.18198    0.31442    3.61607    28.09612
G-C        0.00000    0.00000    0.00000    0.00000    0.00000    0.00000    0.03125    -0.34296   3.40500    0.64261    6.06215    33.37586
T-A        0.00000    0.00000    0.00000    0.00000    0.00000    0.00000    -0.01103   -0.66523   3.27023    0.79811    0.86672    30.64029
T-A        0.00000    0.00000    0.00000    0.00000    0.00000    0.00000    0.03806    -0.20219   3.17953    1.44153    -0.57033   32.39151
A-T        0.00000    0.00000    0.00000    0.00000    0.00000    0.00000    0.04651    0.25670    3.35092    -0.54063   0.04688    35.71496
T-A        0.00000    0.00000    0.00000    0.00000    0.00000    0.00000    0.02308    -0.71925   3.15455    -0.49692   -1.90845   28.74936
A-T        0.00000    0.00000    0.00000    0.00000    0.00000    0.00000    -0.03013   0.11189    3.33159    -0.59819   2.36705    34.12018
A-T        0.00000    0.00000    0.00000    0.00000    0.00000    0.00000    -0.02684   -0.22420   3.15511    -1.81877   1.74840    31.19839
C-G        0.00000    0.00000    0.00000    0.00000    0.00000    0.00000    -0.02685   -0.79948   3.29700    -1.31382   2.28136    31.00108
G-C        0.00000    0.00000    0.00000    0.00000    0.00000    0.00000    0.12336    0.30360    3.21309    -1.46839   13.55289   28.12053
G-C        0.00000    0.00000    0.00000    0.00000    0.00000    0.00000    0.37584    -0.25826   3.24562    2.29299    8.64798    29.27400
A-T        0.00000    0.00000    0.00000    0.00000    0.00000    0.00000    0.16081    -0.21594   3.20265    2.10819    3.27098    32.98906
G-C        0.00000    0.00000    0.00000    0.00000    0.00000    0.00000    0.06944    -0.38122   3.28739    1.73348    3.66228    29.44936
C-G        0.00000    0.00000    0.00000    0.00000    0.00000    0.00000    0.08034    -0.48191   3.36456    1.31666    2.17572    34.49046
T-A        0.00000    0.00000    0.00000    0.00000    0.00000    0.00000    -0.00769   -0.21613   3.26540    1.57897    0.16858    30.81715
C-G        0.00000    0.00000    0.00000    0.00000    0.00000    0.00000    0.16976    0.16726    3.26023    1.14447    0.62915    34.92986
G-C        0.00000    0.00000    0.00000    0.00000    0.00000    0.00000    -0.04031   0.43534    3.24781    -1.84381   1.83429    34.33317
T-A        0.00000    0.00000    0.00000    0.00000    0.00000    0.00000    0.21539    -0.56657   3.22150    -1.24866   2.12558    30.93948
A-T        0.00000    0.00000    0.00000    0.00000    0.00000    0.00000    -0.04095   -0.70328   3.37228    -1.34647   5.90805    32.56079
T-A        0.00000    0.00000    0.00000    0.00000    0.00000    0.00000    -0.00198   -0.74856   3.12080    -1.14438   0.68441    28.16670
A-T        0.00000    0.00000    0.00000    0.00000    0.00000    0.00000    -0.05171   -0.14496   3.21601    -0.13674   11.45131   26.87633
A-T        0.00000    0.00000    0.00000    0.00000    0.00000    0.00000    -0.00700   -0.32742   3.20631    0.16567    6.14730    32.00348
T-A        0.00000    0.00000    0.00000    0.00000    0.00000    0.00000    -0.02418   -0.66078   3.23654    1.02073    2.02884    29.36624
G-C        0.00000    0.00000    0.00000    0.00000    0.00000    0.00000    0.07047    -0.35991   3.39698    1.67680    7.20789    32.84476
T-A        0.00000    0.00000    0.00000    0.00000    0.00000    0.00000    0.21154    -0.51682   3.18678    2.51792    0.71011    27.97704
G-C        0.00000    0.00000    0.00000    0.00000    0.00000    0.00000    0.08551    -0.10317   3.27200    2.37158    2.48715    34.00658
T-A        0.00000    0.00000    0.00000    0.00000    0.00000    0.00000    -0.09734   -0.56852   3.20164    0.37298    0.46669    30.44909
C-G        0.00000    0.00000    0.00000    0.00000    0.00000    0.00000    0.05409    -0.06733   3.15311    0.47686    -1.12468   35.26945
G-C        0.00000    0.00000    0.00000    0.00000    0.00000    0.00000    -0.08546   0.49824    3.17429    -3.62954   4.73629    29.41442
A-T        0.00000    0.00000    0.00000    0.00000    0.00000    0.00000    -0.26979   -0.06292   3.10642    -3.22493   0.15038    34.22479
C-G        0.00000    0.00000    0.00000    0.00000    0.00000    0.00000    -0.02377   -0.75867   3.19885    -1.55209   3.15102    30.60909
C-G        0.00000    0.00000    0.00000    0.00000    0.00000    0.00000    0.22246    -0.77661   3.32701    -0.97255   9.79128    28.02472
A-T        0.00000    0.00000    0.00000    0.00000    0.00000    0.00000    0.43304    -0.12215   3.31799    -0.77362   17.45285   25.11847
A-T        0.00000    0.00000    0.00000    0.00000    0.00000    0.00000    0.06083    -0.20418   3.24795    1.28208    4.09351    31.96105
A-T        0.00000    0.00000    0.00000    0.00000    0.00000    0.00000    0.00623    -0.40646   3.27204    0.98833    -1.59390   35.44133
T-A        0.00000    0.00000    0.00000    0.00000    0.00000    0.00000    -0.00461   -0.73317   3.25241    1.54979    -0.10174   29.87195
G-C        0.00000    0.00000    0.00000    0.00000    0.00000    0.00000    -0.52900   -0.91300   3.45800    -1.68400   -11.70400  37.46900
T-A        0.00000    0.00000    0.00000    0.00000    0.00000    0.00000    -0.90500   -1.56500   3.20700    -2.32900   -8.23400   32.16600
G-C        0.00000    0.00000    0.00000    0.00000    0.00000    0.00000    -0.37700   -0.59600   3.22500    -2.12100   -0.58700   39.44300
A-T        0.00000    0.00000    0.00000    0.00000    0.00000    0.00000    0.13400    -1.01800   3.04900    2.58900    -6.06800   32.10200
G-C        0.00000    0.00000    0.00000    0.00000    0.00000    0.00000    0.92800    -0.52700   2.87900    -1.17100   -8.58500   33.49000
C-G        0.00000    0.00000    0.00000    0.00000    0.00000    0.00000    -0.67600   -0.12400   3.12600    12.53400   -5.63600   33.19400
G-C        0.00000    0.00000    0.00000    0.00000    0.00000    0.00000    0.05000    1.55100    5.41100    0.14800    60.11900   13.23800
C-G        0.00000    0.00000    0.00000    0.00000    0.00000    0.00000    0.71700    -0.08600   3.08700    -11.67300  -4.90200   33.30300
T-A        0.00000    0.00000    0.00000    0.00000    0.00000    0.00000    -0.96000   -0.48200   2.89500    0.89000    -7.57200   33.58000
C-G        0.00000    0.00000    0.00000    0.00000    0.00000    0.00000    -0.12100   -0.98300   3.10500    -2.86700   -6.38300   31.80500
A-T        0.00000    0.00000    0.00000    0.00000    0.00000    0.00000    0.32200    -0.59300   3.18200    1.64400    -0.34400   39.44100
C-G        0.00000    0.00000    0.00000    0.00000    0.00000    0.00000    0.92800    -1.59400   3.28000    2.05300    -8.66400   31.95900
A-T        0.00000    0.00000    0.00000    0.00000    0.00000    0.00000    0.27000    -1.09600   3.26800    -0.64500   -9.98600   39.97600
