147 # base pairs
  0 # ***local base-pair & step parameters***
#          Shear      Stretch    Stagger    Buckle     Prop-Tw    Opening    Shift      Slide      Rise       Tilt       Roll       Twist
A-T        0.00000    0.00000    0.00000    0.00000    0.00000    0.00000    0.00000    0.00000    0.00000    0.00000    0.00000    0.00000
G-C        0.00000    0.00000    0.00000    0.00000    0.00000    0.00000    -0.27100   -1.09500   3.26800    0.63200    -9.98900   39.97400
T-A        0.00000    0.00000    0.00000    0.00000    0.00000    0.00000    -0.92900   -1.59400   3.27900    -2.06100   -8.63900   31.93600
G-C        0.00000    0.00000    0.00000    0.00000    0.00000    0.00000    -0.32200   -0.59300   3.18200    -1.67200   -0.37400   39.43800
A-T        0.00000    0.00000    0.00000    0.00000    0.00000    0.00000    0.12100    -0.98400   3.10400    2.85600    -6.40100   31.82500
G-C        0.00000    0.00000    0.00000    0.00000    0.00000    0.00000    0.96000    -0.48500   2.89700    -0.88600   -7.60300   33.57600
C-G        0.00000    0.00000    0.00000    0.00000    0.00000    0.00000    -0.71600   -0.08700   3.08600    11.72100   -4.90400   33.29400
G-C        0.00000    0.00000    0.00000    0.00000    0.00000    0.00000    -0.04900   1.55300    5.41100    -0.15300   60.13400   13.21100
C-G        0.00000    0.00000    0.00000    0.00000    0.00000    0.00000    0.67500    -0.12200   3.12500    -12.52100  -5.64000   33.20500
T-A        0.00000    0.00000    0.00000    0.00000    0.00000    0.00000    -0.92800   -0.52700   2.87800    1.17200    -8.55900   33.49500
C-G        0.00000    0.00000    0.00000    0.00000    0.00000    0.00000    -0.13300   -1.01800   3.05100    -2.62600   -6.07500   32.10600
A-T        0.00000    0.00000    0.00000    0.00000    0.00000    0.00000    0.37700    -0.59600   3.22300    2.15700    -0.58600   39.43900
C-G        0.00000    0.00000    0.00000    0.00000    0.00000    0.00000    0.90400    -1.56400   3.20700    2.30100    -8.21100   32.14900
A-T        0.00000    0.00000    0.00000    0.00000    0.00000    0.00000    0.52900    -0.91300   3.45700    1.67600    -11.71500  37.48500
A-T        0.00000    0.00000    0.00000    0.00000    0.00000    0.00000    0.01126    -0.34728   3.22509    -1.18700   -0.86178   33.06728
T-A        0.00000    0.00000    0.00000    0.00000    0.00000    0.00000    0.00410    -0.69731   3.20210    -0.94508   0.81215    28.90851
T-A        0.00000    0.00000    0.00000    0.00000    0.00000    0.00000    -0.04319   -0.30724   3.20964    -1.19394   2.60414    32.00812
T-A        0.00000    0.00000    0.00000    0.00000    0.00000    0.00000    -0.03355   -0.29384   3.20395    -0.66621   3.76435    31.60283
A-T        0.00000    0.00000    0.00000    0.00000    0.00000    0.00000    0.01220    -0.76672   3.27555    0.34600    13.85467   27.24542
T-A        0.00000    0.00000    0.00000    0.00000    0.00000    0.00000    0.00070    -0.69014   3.18463    0.67793    2.30314    28.46188
T-A        0.00000    0.00000    0.00000    0.00000    0.00000    0.00000    -0.00398   -0.31808   3.21430    1.27186    1.54765    32.35879
C-G        0.00000    0.00000    0.00000    0.00000    0.00000    0.00000    0.15719    -0.15214   3.24151    1.94397    1.91275    34.12580
G-C        0.00000    0.00000    0.00000    0.00000    0.00000    0.00000    0.14618    0.39929    3.27063    2.27963    4.49548    32.63678
C-G        0.00000    0.00000    0.00000    0.00000    0.00000    0.00000    0.02579    -0.39165   3.27934    0.40182    1.01686    32.23517
A-T        0.00000    0.00000    0.00000    0.00000    0.00000    0.00000    -0.08997   0.23339    3.27493    -0.61270   3.16058    33.90320
A-T        0.00000    0.00000    0.00000    0.00000    0.00000    0.00000    0.00951    -0.35059   3.23058    -1.19300   -1.72586   33.59598
A-T        0.00000    0.00000    0.00000    0.00000    0.00000    0.00000    0.00080    -0.32621   3.22192    -1.48399   0.16238    33.02991
G-C        0.00000    0.00000    0.00000    0.00000    0.00000    0.00000    -0.04431   -0.39664   3.24934    -2.37615   5.44946    29.40316
G-C        0.00000    0.00000    0.00000    0.00000    0.00000    0.00000    -0.07605   -0.48205   3.32275    -1.09093   7.81149    30.06876
C-G        0.00000    0.00000    0.00000    0.00000    0.00000    0.00000    0.01002    -0.53554   3.21108    0.10135    5.32867    30.54980
C-G        0.00000    0.00000    0.00000    0.00000    0.00000    0.00000    0.10012    -0.47955   3.32402    1.30559    7.65945    30.13031
G-C        0.00000    0.00000    0.00000    0.00000    0.00000    0.00000    0.22788    0.22261    3.28989    3.43490    8.64462    31.33401
G-C        0.00000    0.00000    0.00000    0.00000    0.00000    0.00000    0.20022    -0.41777   3.34264    2.74354    4.82291    31.35820
C-G        0.00000    0.00000    0.00000    0.00000    0.00000    0.00000    0.10905    -0.40773   3.28151    1.62743    1.38609    32.44368
C-G        0.00000    0.00000    0.00000    0.00000    0.00000    0.00000    0.08513    -0.30397   3.35196    0.78907    2.32894    32.53219
C-G        0.00000    0.00000    0.00000    0.00000    0.00000    0.00000    -0.03175   -0.31384   3.35192    -0.70560   2.40146    32.46261
G-C        0.00000    0.00000    0.00000    0.00000    0.00000    0.00000    -0.18615   0.42003    3.28153    -2.77762   4.24333    33.20202
A-T        0.00000    0.00000    0.00000    0.00000    0.00000    0.00000    -0.17398   -0.13942   3.24607    -2.17785   1.97518    34.50735
C-G        0.00000    0.00000    0.00000    0.00000    0.00000    0.00000    -0.01589   -0.63742   3.20530    -1.24223   2.93528    29.80402
A-T        0.00000    0.00000    0.00000    0.00000    0.00000    0.00000    -0.13840   -0.12698   3.32487    -0.96765   9.64406    31.19008
C-G        0.00000    0.00000    0.00000    0.00000    0.00000    0.00000    0.00227    -0.65722   3.17996    0.14961    4.33006    29.19444
G-C        0.00000    0.00000    0.00000    0.00000    0.00000    0.00000    0.11897    0.14549    3.29646    1.72664    10.52597   30.65181
A-T        0.00000    0.00000    0.00000    0.00000    0.00000    0.00000    0.08911    -0.16451   3.24329    1.65710    3.68369    33.93427
C-G        0.00000    0.00000    0.00000    0.00000    0.00000    0.00000    0.03305    -0.65534   3.23426    1.68779    1.85435    30.13803
T-A        0.00000    0.00000    0.00000    0.00000    0.00000    0.00000    0.05227    -0.36797   3.27554    2.06773    2.38768    30.60788
T-A        0.00000    0.00000    0.00000    0.00000    0.00000    0.00000    -0.02556   -0.35769   3.23844    0.57741    -2.91563   34.27505
A-T        0.00000    0.00000    0.00000    0.00000    0.00000    0.00000    -0.02917   0.39795    3.31840    -0.57308   -2.67385   37.61722
C-G        0.00000    0.00000    0.00000    0.00000    0.00000    0.00000    -0.00362   -0.62338   3.25123    -0.96952   0.64213    30.59168
T-A        0.00000    0.00000    0.00000    0.00000    0.00000    0.00000    0.02456    -0.35864   3.27369    -1.70312   3.51047    30.19049
G-C        0.00000    0.00000    0.00000    0.00000    0.00000    0.00000    0.00007    -0.05830   3.31663    -2.10602   8.01447    31.64572
T-A        0.00000    0.00000    0.00000    0.00000    0.00000    0.00000    0.00020    -0.65721   3.19366    -0.95541   3.71231    29.37692
A-T        0.00000    0.00000    0.00000    0.00000    0.00000    0.00000    0.01367    -0.66860   3.28323    -0.02334   12.62275   28.27764
G-C        0.00000    0.00000    0.00000    0.00000    0.00000    0.00000    -0.00723   -0.40361   3.25311    0.61322    5.96994    29.16358
G-C        0.00000    0.00000    0.00000    0.00000    0.00000    0.00000    0.16457    -0.47806   3.33622    2.09308    6.46637    30.60444
T-A        0.00000    0.00000    0.00000    0.00000    0.00000    0.00000    0.00274    -0.64031   3.22907    1.08969    1.82872    30.11208
A-T        0.00000    0.00000    0.00000    0.00000    0.00000    0.00000    0.02859    0.12045    3.31161    1.29831    0.97168    35.33825
T-A        0.00000    0.00000    0.00000    0.00000    0.00000    0.00000    -0.00915   -0.70563   3.23114    0.26968    -1.32722   29.89968
C-G        0.00000    0.00000    0.00000    0.00000    0.00000    0.00000    0.00613    -0.14305   3.26836    -0.27362   0.31806    35.18218
A-T        0.00000    0.00000    0.00000    0.00000    0.00000    0.00000    -0.12445   0.18568    3.28838    -1.11985   4.51001    33.57789
T-A        0.00000    0.00000    0.00000    0.00000    0.00000    0.00000    0.00303    -0.69578   3.21286    -0.75446   0.11541    29.38528
G-C        0.00000    0.00000    0.00000    0.00000    0.00000    0.00000    0.01458    -0.02858   3.31291    -1.78862   7.52029    31.84588
T-A        0.00000    0.00000    0.00000    0.00000    0.00000    0.00000    -0.00021   -0.65501   3.20219    -0.87798   3.28678    29.48456
T-A        0.00000    0.00000    0.00000    0.00000    0.00000    0.00000    -0.02029   -0.29883   3.21035    -0.25808   2.90778    32.07341
A-T        0.00000    0.00000    0.00000    0.00000    0.00000    0.00000    0.02531    -0.56376   3.28864    0.54910    10.87449   29.29710
T-A        0.00000    0.00000    0.00000    0.00000    0.00000    0.00000    0.00024    -0.69504   3.19725    0.58496    1.46536    28.88060
A-T        0.00000    0.00000    0.00000    0.00000    0.00000    0.00000    0.03628    -0.22462   3.30056    1.37149    5.95331    32.30804
A-T        0.00000    0.00000    0.00000    0.00000    0.00000    0.00000    0.03606    -0.33626   3.22852    0.87000    -0.66458   33.43751
C-G        0.00000    0.00000    0.00000    0.00000    0.00000    0.00000    0.01610    -0.63822   3.25310    0.68984    0.74144    30.42804
G-C        0.00000    0.00000    0.00000    0.00000    0.00000    0.00000    -0.00500   0.41064    3.28004    0.03094    4.54953    32.88964
G-C        0.00000    0.00000    0.00000    0.00000    0.00000    0.00000    -0.08161   -0.34160   3.34249    -0.74563   3.73305    31.73493
A-T        0.00000    0.00000    0.00000    0.00000    0.00000    0.00000    -0.10410   -0.14223   3.25233    -1.17897   1.53124    34.57125
T-A        0.00000    0.00000    0.00000    0.00000    0.00000    0.00000    0.00741    -0.69624   3.20896    -0.65650   0.46814    29.24608
C-G        0.00000    0.00000    0.00000    0.00000    0.00000    0.00000    -0.03384   -0.16044   3.24406    -0.97469   3.33162    33.97027
T-A        0.00000    0.00000    0.00000    0.00000    0.00000    0.00000    0.03044    -0.39702   3.25715    -0.30894   5.53230    29.35184
C-G        0.00000    0.00000    0.00000    0.00000    0.00000    0.00000    0.03538    -0.16408   3.23230    0.18066    4.23217    33.51366
G-C        0.00000    0.00000    0.00000    0.00000    0.00000    0.00000    0.08340    0.19641    3.29486    1.34123    9.18284    31.12773
A-T        0.00000    0.00000    0.00000    0.00000    0.00000    0.00000    0.04170    -0.16023   3.24748    1.09374    3.04547    34.11890
G-C        0.00000    0.00000    0.00000    0.00000    0.00000    0.00000    -0.03938   -0.36707   3.27349    1.08702    3.50515    30.11275
C-G        0.00000    0.00000    0.00000    0.00000    0.00000    0.00000    0.06433    -0.42447   3.26869    1.02085    2.03757    32.06493
T-A        0.00000    0.00000    0.00000    0.00000    0.00000    0.00000    0.05106    -0.35218   3.28014    0.79286    2.08989    30.68496
C-G        0.00000    0.00000    0.00000    0.00000    0.00000    0.00000    0.02319    -0.14199   3.26738    -0.17535   0.52429    35.16886
G-C        0.00000    0.00000    0.00000    0.00000    0.00000    0.00000    -0.10312   0.37798    3.28458    -1.70108   5.21464    32.72767
G-C        0.00000    0.00000    0.00000    0.00000    0.00000    0.00000    -0.12129   -0.38721   3.33981    -1.53199   4.86798    31.33673
G-C        0.00000    0.00000    0.00000    0.00000    0.00000    0.00000    -0.10707   -0.42812   3.33585    -1.39057   5.83636    30.87465
A-T        0.00000    0.00000    0.00000    0.00000    0.00000    0.00000    -0.08554   -0.16288   3.23305    -0.92417   3.77151    33.59145
T-A        0.00000    0.00000    0.00000    0.00000    0.00000    0.00000    -0.00348   -0.69262   3.19053    -0.12927   1.97674    28.65008
C-G        0.00000    0.00000    0.00000    0.00000    0.00000    0.00000    0.04815    -0.16081   3.23100    0.48674    4.15635    33.47336
C-G        0.00000    0.00000    0.00000    0.00000    0.00000    0.00000    0.07662    -0.43766   3.33123    1.12256    6.48446    30.64094
G-C        0.00000    0.00000    0.00000    0.00000    0.00000    0.00000    0.15328    0.29299    3.28881    2.44892    7.39174    31.85147
C-G        0.00000    0.00000    0.00000    0.00000    0.00000    0.00000    0.09367    -0.43144   3.26391    1.38092    2.31088    31.96496
T-A        0.00000    0.00000    0.00000    0.00000    0.00000    0.00000    0.06194    -0.35196   3.27898    1.26240    2.13894    30.69451
T-A        0.00000    0.00000    0.00000    0.00000    0.00000    0.00000    -0.02164   -0.34958   3.23723    0.08215    -2.47388   34.15905
T-A        0.00000    0.00000    0.00000    0.00000    0.00000    0.00000    -0.03301   -0.34618   3.23525    -0.63348   -1.98064   34.02393
A-T        0.00000    0.00000    0.00000    0.00000    0.00000    0.00000    -0.04045   0.01599    3.31044    -1.56155   2.66803    34.53411
A-T        0.00000    0.00000    0.00000    0.00000    0.00000    0.00000    0.00377    -0.31407   3.22069    -1.19105   0.98704    32.98707
C-G        0.00000    0.00000    0.00000    0.00000    0.00000    0.00000    -0.02180   -0.65036   3.20041    -0.77015   3.39640    29.72854
A-T        0.00000    0.00000    0.00000    0.00000    0.00000    0.00000    -0.11998   -0.15146   3.33110    -0.19760   9.77276    31.18110
C-G        0.00000    0.00000    0.00000    0.00000    0.00000    0.00000    -0.01009   -0.65771   3.19020    0.62334    3.99517    29.48017
T-A        0.00000    0.00000    0.00000    0.00000    0.00000    0.00000    0.02853    -0.38995   3.25332    1.84913    5.71443    29.59589
T-A        0.00000    0.00000    0.00000    0.00000    0.00000    0.00000    -0.00500   -0.30541   3.22029    1.26676    0.94383    33.02059
T-A        0.00000    0.00000    0.00000    0.00000    0.00000    0.00000    -0.00470   -0.32809   3.22854    1.22384    -0.85546   33.56997
A-T        0.00000    0.00000    0.00000    0.00000    0.00000    0.00000    0.04009    0.29401    3.31358    0.95188    -1.08414   36.58560
T-A        0.00000    0.00000    0.00000    0.00000    0.00000    0.00000    0.00809    -0.70615   3.23373    -0.02931   -1.58742   29.97390
G-C        0.00000    0.00000    0.00000    0.00000    0.00000    0.00000    0.02278    0.16941    3.28708    -1.20005   3.86986    33.59540
C-G        0.00000    0.00000    0.00000    0.00000    0.00000    0.00000    -0.10213   -0.43931   3.26304    -1.59440   2.28943    31.84335
T-A        0.00000    0.00000    0.00000    0.00000    0.00000    0.00000    0.02275    -0.38651   3.26676    -1.54478   4.17754    29.68154
T-A        0.00000    0.00000    0.00000    0.00000    0.00000    0.00000    -0.04660   -0.30782   3.21219    -1.11141   2.43067    32.22374
C-G        0.00000    0.00000    0.00000    0.00000    0.00000    0.00000    -0.02458   -0.16667   3.22715    -0.56308   4.84542    33.23611
C-G        0.00000    0.00000    0.00000    0.00000    0.00000    0.00000    -0.00285   -0.48995   3.32386    0.24586    7.89367    30.04122
G-C        0.00000    0.00000    0.00000    0.00000    0.00000    0.00000    0.15056    0.19406    3.29222    2.41684    9.72855    30.91604
G-C        0.00000    0.00000    0.00000    0.00000    0.00000    0.00000    0.19501    -0.43125   3.33465    2.62344    5.90506    30.93071
C-G        0.00000    0.00000    0.00000    0.00000    0.00000    0.00000    0.14324    -0.42710   3.26688    2.01265    2.17069    32.09491
T-A        0.00000    0.00000    0.00000    0.00000    0.00000    0.00000    0.07226    -0.34852   3.28314    1.72411    1.53864    31.00690
C-G        0.00000    0.00000    0.00000    0.00000    0.00000    0.00000    0.06186    -0.14158   3.27649    0.29862    -0.62621   35.70168
G-C        0.00000    0.00000    0.00000    0.00000    0.00000    0.00000    -0.11840   0.44096    3.28021    -1.91120   3.41228    33.50776
T-A        0.00000    0.00000    0.00000    0.00000    0.00000    0.00000    -0.03800   -0.65029   3.25416    -1.64386   0.88155    30.53539
A-T        0.00000    0.00000    0.00000    0.00000    0.00000    0.00000    -0.07263   -0.21046   3.30072    -2.15923   5.84209    32.51368
T-A        0.00000    0.00000    0.00000    0.00000    0.00000    0.00000    -0.00451   -0.69060   3.19039    -0.92823   1.95880    28.76348
A-T        0.00000    0.00000    0.00000    0.00000    0.00000    0.00000    -0.03987   -0.73235   3.28050    -0.91181   13.64334   27.73565
A-T        0.00000    0.00000    0.00000    0.00000    0.00000    0.00000    0.02240    -0.28024   3.20223    0.34122    4.29426    31.59514
T-A        0.00000    0.00000    0.00000    0.00000    0.00000    0.00000    -0.00384   -0.68594   3.18189    0.66302    2.54540    28.46018
G-C        0.00000    0.00000    0.00000    0.00000    0.00000    0.00000    0.17955    -0.01671   3.30962    1.98055    8.00114    31.95874
T-A        0.00000    0.00000    0.00000    0.00000    0.00000    0.00000    0.01621    -0.62669   3.23022    1.48269    1.56727    30.19561
G-C        0.00000    0.00000    0.00000    0.00000    0.00000    0.00000    0.15346    0.23503    3.28107    1.80355    3.57125    34.14043
T-A        0.00000    0.00000    0.00000    0.00000    0.00000    0.00000    -0.01143   -0.62542   3.27543    0.32558    -0.52026   30.96323
C-G        0.00000    0.00000    0.00000    0.00000    0.00000    0.00000    0.00281    -0.14876   3.27747    -0.53830   -0.64227   35.63111
G-C        0.00000    0.00000    0.00000    0.00000    0.00000    0.00000    -0.20758   0.39954    3.27841    -3.17043   4.35758    33.00240
A-T        0.00000    0.00000    0.00000    0.00000    0.00000    0.00000    -0.19024   -0.14920   3.24113    -2.39083   2.22383    34.24488
C-G        0.00000    0.00000    0.00000    0.00000    0.00000    0.00000    -0.02728   -0.64232   3.19721    -1.32919   3.25030    29.55936
C-G        0.00000    0.00000    0.00000    0.00000    0.00000    0.00000    -0.14957   -0.51223   3.32330    -1.72630   8.14312    29.92114
A-T        0.00000    0.00000    0.00000    0.00000    0.00000    0.00000    -0.08683   -0.22538   3.33231    0.51278    10.94845   30.25676
A-T        0.00000    0.00000    0.00000    0.00000    0.00000    0.00000    0.04111    -0.28426   3.20428    1.08172    3.87503    31.77317
A-T        0.00000    0.00000    0.00000    0.00000    0.00000    0.00000    0.05275    -0.30551   3.21274    1.56840    2.13056    32.36625
T-A        0.00000    0.00000    0.00000    0.00000    0.00000    0.00000    0.00058    -0.69895   3.21041    1.11434    0.19064    29.23552
G-C        0.00000    0.00000    0.00000    0.00000    0.00000    0.00000    -0.52900   -0.91300   3.45800    -1.68400   -11.70400  37.46900
T-A        0.00000    0.00000    0.00000    0.00000    0.00000    0.00000    -0.90500   -1.56500   3.20700    -2.32900   -8.23400   32.16600
G-C        0.00000    0.00000    0.00000    0.00000    0.00000    0.00000    -0.37700   -0.59600   3.22500    -2.12100   -0.58700   39.44300
A-T        0.00000    0.00000    0.00000    0.00000    0.00000    0.00000    0.13400    -1.01800   3.04900    2.58900    -6.06800   32.10200
G-C        0.00000    0.00000    0.00000    0.00000    0.00000    0.00000    0.92800    -0.52700   2.87900    -1.17100   -8.58500   33.49000
C-G        0.00000    0.00000    0.00000    0.00000    0.00000    0.00000    -0.67600   -0.12400   3.12600    12.53400   -5.63600   33.19400
G-C        0.00000    0.00000    0.00000    0.00000    0.00000    0.00000    0.05000    1.55100    5.41100    0.14800    60.11900   13.23800
C-G        0.00000    0.00000    0.00000    0.00000    0.00000    0.00000    0.71700    -0.08600   3.08700    -11.67300  -4.90200   33.30300
T-A        0.00000    0.00000    0.00000    0.00000    0.00000    0.00000    -0.96000   -0.48200   2.89500    0.89000    -7.57200   33.58000
C-G        0.00000    0.00000    0.00000    0.00000    0.00000    0.00000    -0.12100   -0.98300   3.10500    -2.86700   -6.38300   31.80500
A-T        0.00000    0.00000    0.00000    0.00000    0.00000    0.00000    0.32200    -0.59300   3.18200    1.64400    -0.34400   39.44100
C-G        0.00000    0.00000    0.00000    0.00000    0.00000    0.00000    0.92800    -1.59400   3.28000    2.05300    -8.66400   31.95900
A-T        0.00000    0.00000    0.00000    0.00000    0.00000    0.00000    0.27000    -1.09600   3.26800    -0.64500   -9.98600   39.97600
