147 # base pairs
  0 # ***local base-pair & step parameters***
#          Shear      Stretch    Stagger    Buckle     Prop-Tw    Opening    Shift      Slide      Rise       Tilt       Roll       Twist
A-T        0.00000    0.00000    0.00000    0.00000    0.00000    0.00000    0.00000    0.00000    0.00000    0.00000    0.00000    0.00000
G-C        0.00000    0.00000    0.00000    0.00000    0.00000    0.00000    -0.27100   -1.09500   3.26800    0.63200    -9.98900   39.97400
T-A        0.00000    0.00000    0.00000    0.00000    0.00000    0.00000    -0.92900   -1.59400   3.27900    -2.06100   -8.63900   31.93600
G-C        0.00000    0.00000    0.00000    0.00000    0.00000    0.00000    -0.32200   -0.59300   3.18200    -1.67200   -0.37400   39.43800
A-T        0.00000    0.00000    0.00000    0.00000    0.00000    0.00000    0.12100    -0.98400   3.10400    2.85600    -6.40100   31.82500
G-C        0.00000    0.00000    0.00000    0.00000    0.00000    0.00000    0.96000    -0.48500   2.89700    -0.88600   -7.60300   33.57600
C-G        0.00000    0.00000    0.00000    0.00000    0.00000    0.00000    -0.71600   -0.08700   3.08600    11.72100   -4.90400   33.29400
G-C        0.00000    0.00000    0.00000    0.00000    0.00000    0.00000    -0.04900   1.55300    5.41100    -0.15300   60.13400   13.21100
C-G        0.00000    0.00000    0.00000    0.00000    0.00000    0.00000    0.67500    -0.12200   3.12500    -12.52100  -5.64000   33.20500
T-A        0.00000    0.00000    0.00000    0.00000    0.00000    0.00000    -0.92800   -0.52700   2.87800    1.17200    -8.55900   33.49500
C-G        0.00000    0.00000    0.00000    0.00000    0.00000    0.00000    -0.13300   -1.01800   3.05100    -2.62600   -6.07500   32.10600
A-T        0.00000    0.00000    0.00000    0.00000    0.00000    0.00000    0.37700    -0.59600   3.22300    2.15700    -0.58600   39.43900
C-G        0.00000    0.00000    0.00000    0.00000    0.00000    0.00000    0.90400    -1.56400   3.20700    2.30100    -8.21100   32.14900
A-T        0.00000    0.00000    0.00000    0.00000    0.00000    0.00000    0.52900    -0.91300   3.45700    1.67600    -11.71500  37.48500
A-T        0.00000    0.00000    0.00000    0.00000    0.00000    0.00000    0.01163    -0.34659   3.22504    -1.17460   -0.83747   33.06527
T-A        0.00000    0.00000    0.00000    0.00000    0.00000    0.00000    0.00448    -0.69722   3.20212    -0.93375   0.81392    28.91094
T-A        0.00000    0.00000    0.00000    0.00000    0.00000    0.00000    -0.04253   -0.30740   3.20980    -1.17848   2.58339    32.01865
T-A        0.00000    0.00000    0.00000    0.00000    0.00000    0.00000    -0.03313   -0.29435   3.20419    -0.65717   3.72586    31.61912
A-T        0.00000    0.00000    0.00000    0.00000    0.00000    0.00000    0.01225    -0.76116   3.27594    0.34336    13.75821   27.30564
T-A        0.00000    0.00000    0.00000    0.00000    0.00000    0.00000    0.00052    -0.69037   3.18497    0.67011    2.28026    28.47140
T-A        0.00000    0.00000    0.00000    0.00000    0.00000    0.00000    -0.00461   -0.31827   3.21442    1.25520    1.53397    32.36616
C-G        0.00000    0.00000    0.00000    0.00000    0.00000    0.00000    0.15506    -0.15211   3.24161    1.91914    1.92236    34.12666
G-C        0.00000    0.00000    0.00000    0.00000    0.00000    0.00000    0.14403    0.39829    3.27088    2.25327    4.53340    32.62646
C-G        0.00000    0.00000    0.00000    0.00000    0.00000    0.00000    0.02573    -0.39228   3.27894    0.40275    1.04301    32.22706
A-T        0.00000    0.00000    0.00000    0.00000    0.00000    0.00000    -0.08892   0.23223    3.27525    -0.59268   3.19574    33.88959
A-T        0.00000    0.00000    0.00000    0.00000    0.00000    0.00000    0.01018    -0.35027   3.23057    -1.17350   -1.71471   33.59484
A-T        0.00000    0.00000    0.00000    0.00000    0.00000    0.00000    0.00155    -0.32644   3.22205    -1.46599   0.14407    33.03684
G-C        0.00000    0.00000    0.00000    0.00000    0.00000    0.00000    -0.04378   -0.39664   3.24968    -2.35882   5.41687    29.41387
G-C        0.00000    0.00000    0.00000    0.00000    0.00000    0.00000    -0.07614   -0.48167   3.32309    -1.09133   7.77390    30.08281
C-G        0.00000    0.00000    0.00000    0.00000    0.00000    0.00000    0.00869    -0.53499   3.21158    0.08553    5.30357    30.56040
C-G        0.00000    0.00000    0.00000    0.00000    0.00000    0.00000    0.09689    -0.47989   3.32422    1.27181    7.64559    30.13387
G-C        0.00000    0.00000    0.00000    0.00000    0.00000    0.00000    0.22390    0.22216    3.28992    3.38446    8.65591    31.32779
G-C        0.00000    0.00000    0.00000    0.00000    0.00000    0.00000    0.19776    -0.41802   3.34241    2.71866    4.85057    31.34541
C-G        0.00000    0.00000    0.00000    0.00000    0.00000    0.00000    0.10858    -0.40845   3.28090    1.62355    1.41653    32.42840
C-G        0.00000    0.00000    0.00000    0.00000    0.00000    0.00000    0.08659    -0.30418   3.35166    0.80668    2.36285    32.51729
C-G        0.00000    0.00000    0.00000    0.00000    0.00000    0.00000    -0.02835   -0.31358   3.35175    -0.66992   2.41681    32.45576
G-C        0.00000    0.00000    0.00000    0.00000    0.00000    0.00000    -0.18191   0.42053    3.28150    -2.72358   4.23126    33.20564
A-T        0.00000    0.00000    0.00000    0.00000    0.00000    0.00000    -0.17229   -0.13964   3.24646    -2.15714   1.94368    34.52071
C-G        0.00000    0.00000    0.00000    0.00000    0.00000    0.00000    -0.01534   -0.63755   3.20606    -1.24005   2.90103    29.81589
A-T        0.00000    0.00000    0.00000    0.00000    0.00000    0.00000    -0.13916   -0.12517   3.32462    -0.98513   9.59557    31.21322
C-G        0.00000    0.00000    0.00000    0.00000    0.00000    0.00000    0.00144    -0.65723   3.18029    0.12907    4.31336    29.20013
G-C        0.00000    0.00000    0.00000    0.00000    0.00000    0.00000    0.11458    0.14504    3.29646    1.67036    10.53227   30.64776
A-T        0.00000    0.00000    0.00000    0.00000    0.00000    0.00000    0.08708    -0.16439   3.24289    1.63244    3.71271    33.91925
C-G        0.00000    0.00000    0.00000    0.00000    0.00000    0.00000    0.03231    -0.65522   3.23346    1.68235    1.88983    30.12425
T-A        0.00000    0.00000    0.00000    0.00000    0.00000    0.00000    0.05223    -0.36793   3.27511    2.08066    2.43082    30.59260
T-A        0.00000    0.00000    0.00000    0.00000    0.00000    0.00000    -0.02492   -0.35712   3.23824    0.59654    -2.88147   34.26150
A-T        0.00000    0.00000    0.00000    0.00000    0.00000    0.00000    -0.02723   0.39811    3.31827    -0.53835   -2.67567   37.61139
C-G        0.00000    0.00000    0.00000    0.00000    0.00000    0.00000    -0.00231   -0.62347   3.25167    -0.94912   0.61878    30.59355
T-A        0.00000    0.00000    0.00000    0.00000    0.00000    0.00000    0.02540    -0.35870   3.27391    -1.69203   3.46607    30.19777
G-C        0.00000    0.00000    0.00000    0.00000    0.00000    0.00000    -0.00048   -0.05651   3.31618    -2.11485   7.95709    31.66339
T-A        0.00000    0.00000    0.00000    0.00000    0.00000    0.00000    -0.00066   -0.65747   3.19415    -0.97526   3.68750    29.37950
A-T        0.00000    0.00000    0.00000    0.00000    0.00000    0.00000    0.01190    -0.66966   3.28306    -0.05847   12.61511   28.26601
G-C        0.00000    0.00000    0.00000    0.00000    0.00000    0.00000    -0.00816   -0.40415   3.25264    0.57692    5.99156    29.14236
G-C        0.00000    0.00000    0.00000    0.00000    0.00000    0.00000    0.16210    -0.47927   3.33576    2.06687    6.50855    30.57567
T-A        0.00000    0.00000    0.00000    0.00000    0.00000    0.00000    0.00252    -0.64035   3.22796    1.08759    1.87292    30.08453
A-T        0.00000    0.00000    0.00000    0.00000    0.00000    0.00000    0.02929    0.11045    3.31094    1.31987    1.12299    35.23294
T-A        0.00000    0.00000    0.00000    0.00000    0.00000    0.00000    -0.00895   -0.70550   3.23078    0.28977    -1.30660   29.88543
C-G        0.00000    0.00000    0.00000    0.00000    0.00000    0.00000    0.00942    -0.14303   3.26806    -0.23058   0.30931    35.17192
T-A        0.00000    0.00000    0.00000    0.00000    0.00000    0.00000    0.03240    -0.35101   3.27909    -0.87883   2.36753    30.46922
C-G        0.00000    0.00000    0.00000    0.00000    0.00000    0.00000    -0.05845   -0.14830   3.25656    -1.32284   1.96114    34.56082
G-C        0.00000    0.00000    0.00000    0.00000    0.00000    0.00000    -0.14428   0.26127    3.28895    -2.34000   8.11213    31.50827
A-T        0.00000    0.00000    0.00000    0.00000    0.00000    0.00000    -0.07408   -0.15554   3.23039    -0.89341   4.03974    33.51293
G-C        0.00000    0.00000    0.00000    0.00000    0.00000    0.00000    -0.01546   -0.40451   3.25117    -0.46593   5.90356    29.15280
C-G        0.00000    0.00000    0.00000    0.00000    0.00000    0.00000    0.05069    -0.51026   3.22933    0.66035    4.40781    30.97506
T-A        0.00000    0.00000    0.00000    0.00000    0.00000    0.00000    0.04021    -0.40086   3.25684    1.62871    4.99203    29.51131
C-G        0.00000    0.00000    0.00000    0.00000    0.00000    0.00000    0.11853    -0.15512   3.24407    1.43889    2.42821    34.16611
G-C        0.00000    0.00000    0.00000    0.00000    0.00000    0.00000    0.11661    0.34958    3.28409    1.93940    5.67554    32.45381
G-C        0.00000    0.00000    0.00000    0.00000    0.00000    0.00000    0.02306    -0.35507   3.34582    0.74994    3.61542    31.79432
G-C        0.00000    0.00000    0.00000    0.00000    0.00000    0.00000    -0.03935   -0.33392   3.34574    -0.10325   3.36163    31.94766
T-A        0.00000    0.00000    0.00000    0.00000    0.00000    0.00000    -0.02846   -0.63425   3.25541    -0.72338   0.64778    30.53489
C-G        0.00000    0.00000    0.00000    0.00000    0.00000    0.00000    -0.03906   -0.14831   3.26091    -1.08204   1.53827    34.77923
A-T        0.00000    0.00000    0.00000    0.00000    0.00000    0.00000    -0.12915   0.04254    3.30573    -1.24870   6.74190    32.55418
T-A        0.00000    0.00000    0.00000    0.00000    0.00000    0.00000    0.00697    -0.69331   3.19776    -0.54999   1.40777    28.92109
G-C        0.00000    0.00000    0.00000    0.00000    0.00000    0.00000    0.06124    -0.12782   3.32395    -0.89211   8.92066    31.24041
T-A        0.00000    0.00000    0.00000    0.00000    0.00000    0.00000    -0.00025   -0.65656   3.19786    -0.06935   3.50050    29.44854
T-A        0.00000    0.00000    0.00000    0.00000    0.00000    0.00000    -0.01828   -0.30581   3.21391    0.49919    2.22058    32.34174
A-T        0.00000    0.00000    0.00000    0.00000    0.00000    0.00000    0.02688    -0.29975   3.29714    1.20343    7.28350    31.55424
T-A        0.00000    0.00000    0.00000    0.00000    0.00000    0.00000    -0.00656   -0.69717   3.21223    0.67801    0.23193    29.36608
A-T        0.00000    0.00000    0.00000    0.00000    0.00000    0.00000    0.02380    0.11193    3.30870    0.97975    1.55314    35.00049
A-T        0.00000    0.00000    0.00000    0.00000    0.00000    0.00000    0.03232    -0.34358   3.23366    0.18045    -1.82904   33.82980
C-G        0.00000    0.00000    0.00000    0.00000    0.00000    0.00000    0.02362    -0.62927   3.25320    -0.13409   0.61898    30.46240
G-C        0.00000    0.00000    0.00000    0.00000    0.00000    0.00000    -0.09717   0.36487    3.28229    -1.62233   5.50132    32.49241
G-C        0.00000    0.00000    0.00000    0.00000    0.00000    0.00000    -0.10748   -0.39666   3.33804    -1.37588   5.00550    31.16181
A-T        0.00000    0.00000    0.00000    0.00000    0.00000    0.00000    -0.10172   -0.15914   3.23811    -1.20295   3.04238    33.83914
A-T        0.00000    0.00000    0.00000    0.00000    0.00000    0.00000    0.01556    -0.31174   3.21400    -0.48642   2.10714    32.27988
T-A        0.00000    0.00000    0.00000    0.00000    0.00000    0.00000    -0.00401   -0.69288   3.19063    -0.13068   1.96230    28.64126
C-G        0.00000    0.00000    0.00000    0.00000    0.00000    0.00000    0.04703    -0.16101   3.23085    0.47639    4.14745    33.45878
C-G        0.00000    0.00000    0.00000    0.00000    0.00000    0.00000    0.07486    -0.43776   3.33092    1.10572    6.48526    30.62079
G-C        0.00000    0.00000    0.00000    0.00000    0.00000    0.00000    0.15230    0.29314    3.28826    2.43474    7.40407    31.82546
C-G        0.00000    0.00000    0.00000    0.00000    0.00000    0.00000    0.09395    -0.43147   3.26334    1.37954    2.32072    31.94369
T-A        0.00000    0.00000    0.00000    0.00000    0.00000    0.00000    0.06284    -0.35218   3.27854    1.26514    2.14939    30.66748
T-A        0.00000    0.00000    0.00000    0.00000    0.00000    0.00000    -0.02115   -0.35016   3.23708    0.08561    -2.46573   34.13562
T-A        0.00000    0.00000    0.00000    0.00000    0.00000    0.00000    -0.03267   -0.34705   3.23512    -0.63145   -1.97892   34.00151
A-T        0.00000    0.00000    0.00000    0.00000    0.00000    0.00000    -0.04027   0.01076    3.31000    -1.56237   2.69480    34.47952
A-T        0.00000    0.00000    0.00000    0.00000    0.00000    0.00000    0.00359    -0.31507   3.22055    -1.19477   0.98828    32.96301
C-G        0.00000    0.00000    0.00000    0.00000    0.00000    0.00000    -0.02244   -0.65059   3.20004    -0.77562   3.40181    29.70546
A-T        0.00000    0.00000    0.00000    0.00000    0.00000    0.00000    -0.12129   -0.15394   3.33087    -0.20140   9.79535    31.14385
C-G        0.00000    0.00000    0.00000    0.00000    0.00000    0.00000    -0.01071   -0.65763   3.18961    0.62350    4.00851    29.45432
T-A        0.00000    0.00000    0.00000    0.00000    0.00000    0.00000    0.02825    -0.39014   3.25272    1.85577    5.72929    29.56558
T-A        0.00000    0.00000    0.00000    0.00000    0.00000    0.00000    -0.00490   -0.30564   3.22008    1.27452    0.95595    32.99556
T-A        0.00000    0.00000    0.00000    0.00000    0.00000    0.00000    -0.00437   -0.32855   3.22838    1.23250    -0.85573   33.54873
A-T        0.00000    0.00000    0.00000    0.00000    0.00000    0.00000    0.04114    0.29322    3.31309    0.95968    -1.09454   36.55553
T-A        0.00000    0.00000    0.00000    0.00000    0.00000    0.00000    0.00852    -0.70642   3.23373    -0.02987   -1.59897   29.96175
G-C        0.00000    0.00000    0.00000    0.00000    0.00000    0.00000    0.02285    0.16773    3.28664    -1.21156   3.86195    33.56922
C-G        0.00000    0.00000    0.00000    0.00000    0.00000    0.00000    -0.10312   -0.43958   3.26263    -1.60937   2.29022    31.82210
T-A        0.00000    0.00000    0.00000    0.00000    0.00000    0.00000    0.02230    -0.38748   3.26627    -1.56258   4.18756    29.64816
T-A        0.00000    0.00000    0.00000    0.00000    0.00000    0.00000    -0.04715   -0.30837   3.21186    -1.12125   2.46092    32.18789
C-G        0.00000    0.00000    0.00000    0.00000    0.00000    0.00000    -0.02524   -0.16723   3.22646    -0.56738   4.87773    33.19825
C-G        0.00000    0.00000    0.00000    0.00000    0.00000    0.00000    -0.00300   -0.49130   3.32329    0.25156    7.92456    30.00379
G-C        0.00000    0.00000    0.00000    0.00000    0.00000    0.00000    0.15259    0.19302    3.29150    2.44929    9.75830    30.87846
G-C        0.00000    0.00000    0.00000    0.00000    0.00000    0.00000    0.19771    -0.43186   3.33423    2.65595    5.90913    30.90579
C-G        0.00000    0.00000    0.00000    0.00000    0.00000    0.00000    0.14516    -0.42658   3.26664    2.03492    2.15849    32.08155
T-A        0.00000    0.00000    0.00000    0.00000    0.00000    0.00000    0.07308    -0.34868   3.28291    1.73378    1.50779    30.99274
C-G        0.00000    0.00000    0.00000    0.00000    0.00000    0.00000    0.06190    -0.14215   3.27643    0.29345    -0.65746   35.69344
G-C        0.00000    0.00000    0.00000    0.00000    0.00000    0.00000    -0.12091   0.44112    3.27945    -1.94948   3.38703    33.49272
T-A        0.00000    0.00000    0.00000    0.00000    0.00000    0.00000    -0.03878   -0.65056   3.25389    -1.66550   0.88278    30.51402
A-T        0.00000    0.00000    0.00000    0.00000    0.00000    0.00000    -0.07378   -0.21884   3.29995    -2.18409   5.93213    32.41987
T-A        0.00000    0.00000    0.00000    0.00000    0.00000    0.00000    -0.00468   -0.69063   3.18982    -0.93583   1.98986    28.73362
A-T        0.00000    0.00000    0.00000    0.00000    0.00000    0.00000    -0.03999   -0.74456   3.27949    -0.91253   13.79321   27.60051
A-T        0.00000    0.00000    0.00000    0.00000    0.00000    0.00000    0.02273    -0.28058   3.20178    0.35251    4.34061    31.54982
T-A        0.00000    0.00000    0.00000    0.00000    0.00000    0.00000    -0.00370   -0.68605   3.18146    0.67434    2.56383    28.43303
G-C        0.00000    0.00000    0.00000    0.00000    0.00000    0.00000    0.18122    -0.01849   3.30908    2.00591    8.00962    31.92333
T-A        0.00000    0.00000    0.00000    0.00000    0.00000    0.00000    0.01625    -0.62662   3.23006    1.49820    1.55441    30.17418
G-C        0.00000    0.00000    0.00000    0.00000    0.00000    0.00000    0.15383    0.23513    3.28031    1.81164    3.54026    34.12317
T-A        0.00000    0.00000    0.00000    0.00000    0.00000    0.00000    -0.01218   -0.62540   3.27552    0.32102    -0.54311   30.94531
C-G        0.00000    0.00000    0.00000    0.00000    0.00000    0.00000    0.00149    -0.14933   3.27720    -0.55694   -0.65698   35.61138
G-C        0.00000    0.00000    0.00000    0.00000    0.00000    0.00000    -0.21073   0.39902    3.27751    -3.21388   4.36490    32.96870
A-T        0.00000    0.00000    0.00000    0.00000    0.00000    0.00000    -0.19172   -0.14955   3.24034    -2.41107   2.24912    34.20564
C-G        0.00000    0.00000    0.00000    0.00000    0.00000    0.00000    -0.02710   -0.64225   3.19620    -1.33547   3.27804    29.52181
C-G        0.00000    0.00000    0.00000    0.00000    0.00000    0.00000    -0.14896   -0.51397   3.32266    -1.72329   8.17839    29.87643
A-T        0.00000    0.00000    0.00000    0.00000    0.00000    0.00000    -0.08568   -0.22945   3.33204    0.53506    10.99071   30.20048
A-T        0.00000    0.00000    0.00000    0.00000    0.00000    0.00000    0.04179    -0.28513   3.20402    1.09706    3.88943    31.73955
A-T        0.00000    0.00000    0.00000    0.00000    0.00000    0.00000    0.05322    -0.30672   3.21258    1.58057    2.12397    32.33952
T-A        0.00000    0.00000    0.00000    0.00000    0.00000    0.00000    0.00048    -0.69936   3.21040    1.11855    0.17808    29.21948
G-C        0.00000    0.00000    0.00000    0.00000    0.00000    0.00000    -0.52900   -0.91300   3.45800    -1.68400   -11.70400  37.46900
T-A        0.00000    0.00000    0.00000    0.00000    0.00000    0.00000    -0.90500   -1.56500   3.20700    -2.32900   -8.23400   32.16600
G-C        0.00000    0.00000    0.00000    0.00000    0.00000    0.00000    -0.37700   -0.59600   3.22500    -2.12100   -0.58700   39.44300
A-T        0.00000    0.00000    0.00000    0.00000    0.00000    0.00000    0.13400    -1.01800   3.04900    2.58900    -6.06800   32.10200
G-C        0.00000    0.00000    0.00000    0.00000    0.00000    0.00000    0.92800    -0.52700   2.87900    -1.17100   -8.58500   33.49000
C-G        0.00000    0.00000    0.00000    0.00000    0.00000    0.00000    -0.67600   -0.12400   3.12600    12.53400   -5.63600   33.19400
G-C        0.00000    0.00000    0.00000    0.00000    0.00000    0.00000    0.05000    1.55100    5.41100    0.14800    60.11900   13.23800
C-G        0.00000    0.00000    0.00000    0.00000    0.00000    0.00000    0.71700    -0.08600   3.08700    -11.67300  -4.90200   33.30300
T-A        0.00000    0.00000    0.00000    0.00000    0.00000    0.00000    -0.96000   -0.48200   2.89500    0.89000    -7.57200   33.58000
C-G        0.00000    0.00000    0.00000    0.00000    0.00000    0.00000    -0.12100   -0.98300   3.10500    -2.86700   -6.38300   31.80500
A-T        0.00000    0.00000    0.00000    0.00000    0.00000    0.00000    0.32200    -0.59300   3.18200    1.64400    -0.34400   39.44100
C-G        0.00000    0.00000    0.00000    0.00000    0.00000    0.00000    0.92800    -1.59400   3.28000    2.05300    -8.66400   31.95900
A-T        0.00000    0.00000    0.00000    0.00000    0.00000    0.00000    0.27000    -1.09600   3.26800    -0.64500   -9.98600   39.97600
