147 # base pairs
  0 # ***local base-pair & step parameters***
#          Shear      Stretch    Stagger    Buckle     Prop-Tw    Opening    Shift      Slide      Rise       Tilt       Roll       Twist
A-T        0.00000    0.00000    0.00000    0.00000    0.00000    0.00000    0.00000    0.00000    0.00000    0.00000    0.00000    0.00000
G-C        0.00000    0.00000    0.00000    0.00000    0.00000    0.00000    -0.27100   -1.09500   3.26800    0.63200    -9.98900   39.97400
T-A        0.00000    0.00000    0.00000    0.00000    0.00000    0.00000    -0.92900   -1.59400   3.27900    -2.06100   -8.63900   31.93600
G-C        0.00000    0.00000    0.00000    0.00000    0.00000    0.00000    -0.32200   -0.59300   3.18200    -1.67200   -0.37400   39.43800
A-T        0.00000    0.00000    0.00000    0.00000    0.00000    0.00000    0.12100    -0.98400   3.10400    2.85600    -6.40100   31.82500
G-C        0.00000    0.00000    0.00000    0.00000    0.00000    0.00000    0.96000    -0.48500   2.89700    -0.88600   -7.60300   33.57600
C-G        0.00000    0.00000    0.00000    0.00000    0.00000    0.00000    -0.71600   -0.08700   3.08600    11.72100   -4.90400   33.29400
G-C        0.00000    0.00000    0.00000    0.00000    0.00000    0.00000    -0.04900   1.55300    5.41100    -0.15300   60.13400   13.21100
C-G        0.00000    0.00000    0.00000    0.00000    0.00000    0.00000    0.67500    -0.12200   3.12500    -12.52100  -5.64000   33.20500
T-A        0.00000    0.00000    0.00000    0.00000    0.00000    0.00000    -0.92800   -0.52700   2.87800    1.17200    -8.55900   33.49500
C-G        0.00000    0.00000    0.00000    0.00000    0.00000    0.00000    -0.13300   -1.01800   3.05100    -2.62600   -6.07500   32.10600
A-T        0.00000    0.00000    0.00000    0.00000    0.00000    0.00000    0.37700    -0.59600   3.22300    2.15700    -0.58600   39.43900
C-G        0.00000    0.00000    0.00000    0.00000    0.00000    0.00000    0.90400    -1.56400   3.20700    2.30100    -8.21100   32.14900
A-T        0.00000    0.00000    0.00000    0.00000    0.00000    0.00000    0.52900    -0.91300   3.45700    1.67600    -11.71500  37.48500
A-T        0.00000    0.00000    0.00000    0.00000    0.00000    0.00000    0.01100    -0.34491   3.22507    -1.18768   -0.81051   33.08650
T-A        0.00000    0.00000    0.00000    0.00000    0.00000    0.00000    0.00466    -0.69662   3.20194    -0.93502   0.83907    28.92333
T-A        0.00000    0.00000    0.00000    0.00000    0.00000    0.00000    -0.04170   -0.30582   3.20982    -1.16930   2.61408    32.03795
T-A        0.00000    0.00000    0.00000    0.00000    0.00000    0.00000    -0.03198   -0.29332   3.20433    -0.63952   3.73246    31.64517
A-T        0.00000    0.00000    0.00000    0.00000    0.00000    0.00000    0.01425    -0.75478   3.27677    0.36696    13.68741   27.39431
T-A        0.00000    0.00000    0.00000    0.00000    0.00000    0.00000    0.00093    -0.69047   3.18552    0.67659    2.25367    28.50174
T-A        0.00000    0.00000    0.00000    0.00000    0.00000    0.00000    -0.00449   -0.31837   3.21488    1.25637    1.48520    32.41082
C-G        0.00000    0.00000    0.00000    0.00000    0.00000    0.00000    0.15356    -0.15201   3.24246    1.90270    1.89027    34.16804
G-C        0.00000    0.00000    0.00000    0.00000    0.00000    0.00000    0.14017    0.39907    3.27172    2.20848    4.51552    32.66400
C-G        0.00000    0.00000    0.00000    0.00000    0.00000    0.00000    0.02307    -0.39243   3.27931    0.37752    1.04982    32.24736
A-T        0.00000    0.00000    0.00000    0.00000    0.00000    0.00000    -0.09020   0.23323    3.27587    -0.60744   3.22439    33.90970
A-T        0.00000    0.00000    0.00000    0.00000    0.00000    0.00000    0.01013    -0.34860   3.23055    -1.16689   -1.67500   33.60800
A-T        0.00000    0.00000    0.00000    0.00000    0.00000    0.00000    0.00211    -0.32508   3.22211    -1.44775   0.16717    33.05435
G-C        0.00000    0.00000    0.00000    0.00000    0.00000    0.00000    -0.04242   -0.39585   3.25024    -2.32623   5.41025    29.44429
G-C        0.00000    0.00000    0.00000    0.00000    0.00000    0.00000    -0.07264   -0.48050   3.32366    -1.05949   7.74516    30.11922
C-G        0.00000    0.00000    0.00000    0.00000    0.00000    0.00000    0.01005    -0.53413   3.21273    0.09715    5.26745    30.59723
C-G        0.00000    0.00000    0.00000    0.00000    0.00000    0.00000    0.09655    -0.47874   3.32497    1.26392    7.59947    30.17648
G-C        0.00000    0.00000    0.00000    0.00000    0.00000    0.00000    0.22030    0.22354    3.29065    3.33651    8.61128    31.37068
G-C        0.00000    0.00000    0.00000    0.00000    0.00000    0.00000    0.19308    -0.41703   3.34281    2.67066    4.84385    31.37113
C-G        0.00000    0.00000    0.00000    0.00000    0.00000    0.00000    0.10562    -0.40895   3.28101    1.59176    1.43392    32.43891
C-G        0.00000    0.00000    0.00000    0.00000    0.00000    0.00000    0.08426    -0.30416   3.35169    0.78892    2.40500    32.52263
C-G        0.00000    0.00000    0.00000    0.00000    0.00000    0.00000    -0.02772   -0.31312   3.35173    -0.65761   2.45916    32.46215
G-C        0.00000    0.00000    0.00000    0.00000    0.00000    0.00000    -0.17798   0.42040    3.28227    -2.67083   4.26488    33.21754
A-T        0.00000    0.00000    0.00000    0.00000    0.00000    0.00000    -0.16902   -0.13911   3.24704    -2.11797   1.93811    34.54722
C-G        0.00000    0.00000    0.00000    0.00000    0.00000    0.00000    -0.01408   -0.63767   3.20702    -1.21628   2.87371    29.84607
A-T        0.00000    0.00000    0.00000    0.00000    0.00000    0.00000    -0.13755   -0.12101   3.32469    -0.97263   9.52284    31.27301
C-G        0.00000    0.00000    0.00000    0.00000    0.00000    0.00000    0.00138    -0.65730   3.18160    0.12325    4.26801    29.23928
G-C        0.00000    0.00000    0.00000    0.00000    0.00000    0.00000    0.11088    0.14708    3.29715    1.62170    10.47492   30.69603
A-T        0.00000    0.00000    0.00000    0.00000    0.00000    0.00000    0.08401    -0.16391   3.24328    1.59425    3.69937    33.94469
C-G        0.00000    0.00000    0.00000    0.00000    0.00000    0.00000    0.03069    -0.65500   3.23339    1.65652    1.90499    30.14055
T-A        0.00000    0.00000    0.00000    0.00000    0.00000    0.00000    0.05128    -0.36735   3.27526    2.06128    2.47166    30.60582
T-A        0.00000    0.00000    0.00000    0.00000    0.00000    0.00000    -0.02467   -0.35535   3.23811    0.59829    -2.81999   34.26352
A-T        0.00000    0.00000    0.00000    0.00000    0.00000    0.00000    -0.02544   0.39652    3.31855    -0.50768   -2.60725   37.60752
C-G        0.00000    0.00000    0.00000    0.00000    0.00000    0.00000    -0.00089   -0.62362   3.25205    -0.91756   0.61796    30.61166
T-A        0.00000    0.00000    0.00000    0.00000    0.00000    0.00000    0.02675    -0.35835   3.27451    -1.65332   3.43476    30.23102
G-C        0.00000    0.00000    0.00000    0.00000    0.00000    0.00000    0.00054    -0.05231   3.31615    -2.09100   7.88071    31.72418
T-A        0.00000    0.00000    0.00000    0.00000    0.00000    0.00000    -0.00101   -0.65767   3.19550    -0.98004   3.63965    29.41697
A-T        0.00000    0.00000    0.00000    0.00000    0.00000    0.00000    0.01014    -0.65973   3.28391    -0.08755   12.46983   28.38236
G-C        0.00000    0.00000    0.00000    0.00000    0.00000    0.00000    -0.00971   -0.40388   3.25305    0.53126    5.97804    29.16816
G-C        0.00000    0.00000    0.00000    0.00000    0.00000    0.00000    0.15670    -0.47836   3.33581    2.01207    6.52517    30.58817
T-A        0.00000    0.00000    0.00000    0.00000    0.00000    0.00000    0.00178    -0.64029   3.22737    1.06842    1.91209    30.08553
A-T        0.00000    0.00000    0.00000    0.00000    0.00000    0.00000    0.02927    0.10407    3.31088    1.32351    1.27278    35.17679
T-A        0.00000    0.00000    0.00000    0.00000    0.00000    0.00000    -0.00858   -0.70495   3.23039    0.30634    -1.26934   29.88538
C-G        0.00000    0.00000    0.00000    0.00000    0.00000    0.00000    0.01327    -0.14229   3.26803    -0.18193   0.31786    35.18285
T-A        0.00000    0.00000    0.00000    0.00000    0.00000    0.00000    0.03417    -0.35050   3.27953    -0.83009   2.33771    30.49890
C-G        0.00000    0.00000    0.00000    0.00000    0.00000    0.00000    -0.05597   -0.14822   3.25729    -1.29674   1.89820    34.60045
G-C        0.00000    0.00000    0.00000    0.00000    0.00000    0.00000    -0.14461   0.26421    3.28921    -2.34917   8.01406    31.56344
A-T        0.00000    0.00000    0.00000    0.00000    0.00000    0.00000    -0.07679   -0.15564   3.23103    -0.92812   3.98539    33.54876
G-C        0.00000    0.00000    0.00000    0.00000    0.00000    0.00000    -0.01693   -0.40456   3.25152    -0.52127   5.88806    29.17732
C-G        0.00000    0.00000    0.00000    0.00000    0.00000    0.00000    0.04589    -0.51091   3.22929    0.60681    4.42638    30.98078
T-A        0.00000    0.00000    0.00000    0.00000    0.00000    0.00000    0.03835    -0.40076   3.25664    1.59485    5.05121    29.50857
C-G        0.00000    0.00000    0.00000    0.00000    0.00000    0.00000    0.11760    -0.15437   3.24356    1.43559    2.50258    34.15201
G-C        0.00000    0.00000    0.00000    0.00000    0.00000    0.00000    0.12055    0.34789    3.28458    1.99800    5.75850    32.44093
G-C        0.00000    0.00000    0.00000    0.00000    0.00000    0.00000    0.02984    -0.35468   3.34574    0.82290    3.64103    31.80319
G-C        0.00000    0.00000    0.00000    0.00000    0.00000    0.00000    -0.03219   -0.33266   3.34600    -0.02772   3.33917    31.97662
A-T        0.00000    0.00000    0.00000    0.00000    0.00000    0.00000    -0.08639   -0.13823   3.26205    -0.85292   0.73005    35.03254
T-A        0.00000    0.00000    0.00000    0.00000    0.00000    0.00000    0.00569    -0.69843   3.21907    -0.65900   -0.31454   29.61385
C-G        0.00000    0.00000    0.00000    0.00000    0.00000    0.00000    -0.05501   -0.15429   3.25380    -1.30590   2.55459    34.44459
C-G        0.00000    0.00000    0.00000    0.00000    0.00000    0.00000    -0.10944   -0.46334   3.33556    -1.55488   6.58014    30.68766
G-C        0.00000    0.00000    0.00000    0.00000    0.00000    0.00000    -0.04614   0.17537    3.29775    -0.76912   9.70788    30.99436
C-G        0.00000    0.00000    0.00000    0.00000    0.00000    0.00000    0.02445    -0.51398   3.22935    0.36426    4.53976    31.03650
T-A        0.00000    0.00000    0.00000    0.00000    0.00000    0.00000    0.03141    -0.39843   3.25629    1.46719    5.35410    29.54213
T-A        0.00000    0.00000    0.00000    0.00000    0.00000    0.00000    -0.01430   -0.31553   3.22047    0.93185    0.91917    32.88591
T-A        0.00000    0.00000    0.00000    0.00000    0.00000    0.00000    -0.01740   -0.32926   3.22640    0.89475    -0.37655   33.29467
A-T        0.00000    0.00000    0.00000    0.00000    0.00000    0.00000    0.01666    0.14495    3.30875    0.74957    1.03517    35.23064
A-T        0.00000    0.00000    0.00000    0.00000    0.00000    0.00000    0.02933    -0.34420   3.23323    -0.01937   -1.79999   33.77465
C-G        0.00000    0.00000    0.00000    0.00000    0.00000    0.00000    0.02103    -0.62928   3.24884    -0.30262   0.80064    30.36842
A-T        0.00000    0.00000    0.00000    0.00000    0.00000    0.00000    -0.10831   0.11366    3.29493    -0.97275   5.42543    33.03028
C-G        0.00000    0.00000    0.00000    0.00000    0.00000    0.00000    0.01211    -0.63997   3.22379    -0.68725   2.03726    29.87943
T-A        0.00000    0.00000    0.00000    0.00000    0.00000    0.00000    0.03293    -0.39178   3.26168    -0.75422   4.76557    29.47273
T-A        0.00000    0.00000    0.00000    0.00000    0.00000    0.00000    -0.03201   -0.30968   3.21320    -0.51045   2.32286    32.22174
T-A        0.00000    0.00000    0.00000    0.00000    0.00000    0.00000    -0.02922   -0.30474   3.21148    -0.11466   2.65450    32.10644
T-A        0.00000    0.00000    0.00000    0.00000    0.00000    0.00000    -0.02521   -0.30491   3.21244    0.32118    2.41197    32.18860
C-G        0.00000    0.00000    0.00000    0.00000    0.00000    0.00000    0.09208    -0.15212   3.23476    1.13287    3.39969    33.72131
A-T        0.00000    0.00000    0.00000    0.00000    0.00000    0.00000    -0.01333   0.02484    3.30562    1.67277    6.63472    32.21148
T-A        0.00000    0.00000    0.00000    0.00000    0.00000    0.00000    -0.00055   -0.69827   3.21805    0.59142    -0.32193   29.49314
G-C        0.00000    0.00000    0.00000    0.00000    0.00000    0.00000    0.10258    0.18921    3.28646    0.60055    4.26997    33.55517
T-A        0.00000    0.00000    0.00000    0.00000    0.00000    0.00000    -0.00900   -0.63182   3.25708    -0.19506   0.43172    30.48917
T-A        0.00000    0.00000    0.00000    0.00000    0.00000    0.00000    -0.03007   -0.34912   3.23296    -0.54826   -1.69767   33.73638
A-T        0.00000    0.00000    0.00000    0.00000    0.00000    0.00000    -0.03264   -0.03721   3.30587    -1.38387   3.13479    33.92407
T-A        0.00000    0.00000    0.00000    0.00000    0.00000    0.00000    0.00218    -0.69862   3.20518    -0.78654   0.81239    29.11384
A-T        0.00000    0.00000    0.00000    0.00000    0.00000    0.00000    -0.04419   -0.49599   3.29077    -1.17004   9.75887    29.91945
A-T        0.00000    0.00000    0.00000    0.00000    0.00000    0.00000    0.01070    -0.29982   3.20907    -0.23970   3.05869    31.95869
C-G        0.00000    0.00000    0.00000    0.00000    0.00000    0.00000    -0.01256   -0.65644   3.19054    0.46403    3.79403    29.26582
G-C        0.00000    0.00000    0.00000    0.00000    0.00000    0.00000    0.11540    0.20909    3.29069    1.94234    9.33574    30.99322
G-C        0.00000    0.00000    0.00000    0.00000    0.00000    0.00000    0.15600    -0.42655   3.33409    2.19739    5.85203    30.87470
A-T        0.00000    0.00000    0.00000    0.00000    0.00000    0.00000    0.07399    -0.14539   3.26148    1.50306    1.50219    34.80107
A-T        0.00000    0.00000    0.00000    0.00000    0.00000    0.00000    0.04761    -0.34819   3.23514    0.63622    -2.22975   33.98731
T-A        0.00000    0.00000    0.00000    0.00000    0.00000    0.00000    0.00944    -0.70660   3.23370    -0.02034   -1.60039   29.95334
G-C        0.00000    0.00000    0.00000    0.00000    0.00000    0.00000    0.02460    0.16644    3.28643    -1.19749   3.84522    33.56046
C-G        0.00000    0.00000    0.00000    0.00000    0.00000    0.00000    -0.10292   -0.43965   3.26280    -1.60929   2.27440    31.81716
T-A        0.00000    0.00000    0.00000    0.00000    0.00000    0.00000    0.02160    -0.38849   3.26630    -1.57698   4.16991    29.63718
T-A        0.00000    0.00000    0.00000    0.00000    0.00000    0.00000    -0.04819   -0.30910   3.21182    -1.13607   2.45859    32.17480
C-G        0.00000    0.00000    0.00000    0.00000    0.00000    0.00000    -0.02766   -0.16752   3.22621    -0.58903   4.89608    33.17978
C-G        0.00000    0.00000    0.00000    0.00000    0.00000    0.00000    -0.00578   -0.49195   3.32285    0.23497    7.95706    29.97931
G-C        0.00000    0.00000    0.00000    0.00000    0.00000    0.00000    0.15288    0.19249    3.29116    2.46088    9.80516    30.84852
G-C        0.00000    0.00000    0.00000    0.00000    0.00000    0.00000    0.20054    -0.43158   3.33375    2.68693    5.93219    30.88680
C-G        0.00000    0.00000    0.00000    0.00000    0.00000    0.00000    0.14836    -0.42616   3.26636    2.06790    2.15807    32.07282
T-A        0.00000    0.00000    0.00000    0.00000    0.00000    0.00000    0.07500    -0.34846   3.28282    1.76107    1.48264    30.98947
C-G        0.00000    0.00000    0.00000    0.00000    0.00000    0.00000    0.06370    -0.14263   3.27658    0.30541    -0.69981   35.69845
G-C        0.00000    0.00000    0.00000    0.00000    0.00000    0.00000    -0.12188   0.44178    3.27898    -1.97248   3.33117    33.50017
T-A        0.00000    0.00000    0.00000    0.00000    0.00000    0.00000    -0.03960   -0.65117   3.25424    -1.69020   0.86387    30.50969
A-T        0.00000    0.00000    0.00000    0.00000    0.00000    0.00000    -0.07604   -0.22439   3.29962    -2.22428   5.96955    32.37292
T-A        0.00000    0.00000    0.00000    0.00000    0.00000    0.00000    -0.00545   -0.69065   3.18934    -0.95329   2.02038    28.71256
A-T        0.00000    0.00000    0.00000    0.00000    0.00000    0.00000    -0.04186   -0.75781   3.27862    -0.93095   13.97572   27.46514
A-T        0.00000    0.00000    0.00000    0.00000    0.00000    0.00000    0.02243    -0.27996   3.20120    0.35917    4.42163    31.50360
T-A        0.00000    0.00000    0.00000    0.00000    0.00000    0.00000    -0.00379   -0.68576   3.18074    0.68874    2.60693    28.40515
G-C        0.00000    0.00000    0.00000    0.00000    0.00000    0.00000    0.18407    -0.01913   3.30873    2.05284    8.03805    31.89583
T-A        0.00000    0.00000    0.00000    0.00000    0.00000    0.00000    0.01753    -0.62613   3.22990    1.53312    1.54247    30.16416
G-C        0.00000    0.00000    0.00000    0.00000    0.00000    0.00000    0.15622    0.23810    3.27946    1.84853    3.47688    34.13742
T-A        0.00000    0.00000    0.00000    0.00000    0.00000    0.00000    -0.01195   -0.62535   3.27632    0.32473    -0.59581   30.94885
C-G        0.00000    0.00000    0.00000    0.00000    0.00000    0.00000    0.00006    -0.15011   3.27748    -0.58250   -0.71177   35.61822
G-C        0.00000    0.00000    0.00000    0.00000    0.00000    0.00000    -0.21686   0.39903    3.27682    -3.30007   4.33749    32.95919
A-T        0.00000    0.00000    0.00000    0.00000    0.00000    0.00000    -0.19575   -0.14998   3.23957    -2.46311   2.27334    34.17462
C-G        0.00000    0.00000    0.00000    0.00000    0.00000    0.00000    -0.02847   -0.64221   3.19482    -1.36188   3.32628    29.48726
C-G        0.00000    0.00000    0.00000    0.00000    0.00000    0.00000    -0.15117   -0.51635   3.32183    -1.74091   8.25499    29.82665
A-T        0.00000    0.00000    0.00000    0.00000    0.00000    0.00000    -0.08485   -0.23532   3.33222    0.56328    11.09115   30.12943
A-T        0.00000    0.00000    0.00000    0.00000    0.00000    0.00000    0.04278    -0.28480   3.20353    1.13109    3.95122    31.70187
A-T        0.00000    0.00000    0.00000    0.00000    0.00000    0.00000    0.05445    -0.30720   3.21236    1.61961    2.13302    32.31954
T-A        0.00000    0.00000    0.00000    0.00000    0.00000    0.00000    0.00086    -0.69974   3.21060    1.14136    0.14966    29.21577
G-C        0.00000    0.00000    0.00000    0.00000    0.00000    0.00000    -0.52900   -0.91300   3.45800    -1.68400   -11.70400  37.46900
T-A        0.00000    0.00000    0.00000    0.00000    0.00000    0.00000    -0.90500   -1.56500   3.20700    -2.32900   -8.23400   32.16600
G-C        0.00000    0.00000    0.00000    0.00000    0.00000    0.00000    -0.37700   -0.59600   3.22500    -2.12100   -0.58700   39.44300
A-T        0.00000    0.00000    0.00000    0.00000    0.00000    0.00000    0.13400    -1.01800   3.04900    2.58900    -6.06800   32.10200
G-C        0.00000    0.00000    0.00000    0.00000    0.00000    0.00000    0.92800    -0.52700   2.87900    -1.17100   -8.58500   33.49000
C-G        0.00000    0.00000    0.00000    0.00000    0.00000    0.00000    -0.67600   -0.12400   3.12600    12.53400   -5.63600   33.19400
G-C        0.00000    0.00000    0.00000    0.00000    0.00000    0.00000    0.05000    1.55100    5.41100    0.14800    60.11900   13.23800
C-G        0.00000    0.00000    0.00000    0.00000    0.00000    0.00000    0.71700    -0.08600   3.08700    -11.67300  -4.90200   33.30300
T-A        0.00000    0.00000    0.00000    0.00000    0.00000    0.00000    -0.96000   -0.48200   2.89500    0.89000    -7.57200   33.58000
C-G        0.00000    0.00000    0.00000    0.00000    0.00000    0.00000    -0.12100   -0.98300   3.10500    -2.86700   -6.38300   31.80500
A-T        0.00000    0.00000    0.00000    0.00000    0.00000    0.00000    0.32200    -0.59300   3.18200    1.64400    -0.34400   39.44100
C-G        0.00000    0.00000    0.00000    0.00000    0.00000    0.00000    0.92800    -1.59400   3.28000    2.05300    -8.66400   31.95900
A-T        0.00000    0.00000    0.00000    0.00000    0.00000    0.00000    0.27000    -1.09600   3.26800    -0.64500   -9.98600   39.97600
