147 # base pairs
  0 # ***local base-pair & step parameters***
#          Shear      Stretch    Stagger    Buckle     Prop-Tw    Opening    Shift      Slide      Rise       Tilt       Roll       Twist
A-T        0.00000    0.00000    0.00000    0.00000    0.00000    0.00000    0.00000    0.00000    0.00000    0.00000    0.00000    0.00000
G-C        0.00000    0.00000    0.00000    0.00000    0.00000    0.00000    -0.27100   -1.09500   3.26800    0.63200    -9.98900   39.97400
T-A        0.00000    0.00000    0.00000    0.00000    0.00000    0.00000    -0.92900   -1.59400   3.27900    -2.06100   -8.63900   31.93600
G-C        0.00000    0.00000    0.00000    0.00000    0.00000    0.00000    -0.32200   -0.59300   3.18200    -1.67200   -0.37400   39.43800
A-T        0.00000    0.00000    0.00000    0.00000    0.00000    0.00000    0.12100    -0.98400   3.10400    2.85600    -6.40100   31.82500
G-C        0.00000    0.00000    0.00000    0.00000    0.00000    0.00000    0.96000    -0.48500   2.89700    -0.88600   -7.60300   33.57600
C-G        0.00000    0.00000    0.00000    0.00000    0.00000    0.00000    -0.71600   -0.08700   3.08600    11.72100   -4.90400   33.29400
G-C        0.00000    0.00000    0.00000    0.00000    0.00000    0.00000    -0.04900   1.55300    5.41100    -0.15300   60.13400   13.21100
C-G        0.00000    0.00000    0.00000    0.00000    0.00000    0.00000    0.67500    -0.12200   3.12500    -12.52100  -5.64000   33.20500
T-A        0.00000    0.00000    0.00000    0.00000    0.00000    0.00000    -0.92800   -0.52700   2.87800    1.17200    -8.55900   33.49500
C-G        0.00000    0.00000    0.00000    0.00000    0.00000    0.00000    -0.13300   -1.01800   3.05100    -2.62600   -6.07500   32.10600
A-T        0.00000    0.00000    0.00000    0.00000    0.00000    0.00000    0.37700    -0.59600   3.22300    2.15700    -0.58600   39.43900
C-G        0.00000    0.00000    0.00000    0.00000    0.00000    0.00000    0.90400    -1.56400   3.20700    2.30100    -8.21100   32.14900
A-T        0.00000    0.00000    0.00000    0.00000    0.00000    0.00000    0.52900    -0.91300   3.45700    1.67600    -11.71500  37.48500
A-T        0.00000    0.00000    0.00000    0.00000    0.00000    0.00000    0.00984    -0.34623   3.22470    -1.23857   -0.82103   33.05106
T-A        0.00000    0.00000    0.00000    0.00000    0.00000    0.00000    0.00425    -0.69654   3.20109    -0.96892   0.87983    28.88432
T-A        0.00000    0.00000    0.00000    0.00000    0.00000    0.00000    -0.04248   -0.30528   3.20886    -1.20306   2.73102    31.96330
T-A        0.00000    0.00000    0.00000    0.00000    0.00000    0.00000    -0.03190   -0.29254   3.20326    -0.64594   3.87122    31.56112
A-T        0.00000    0.00000    0.00000    0.00000    0.00000    0.00000    0.01663    -0.77720   3.27508    0.40409    13.99296   27.15900
T-A        0.00000    0.00000    0.00000    0.00000    0.00000    0.00000    0.00188    -0.69046   3.18466    0.70909    2.30057    28.46422
T-A        0.00000    0.00000    0.00000    0.00000    0.00000    0.00000    -0.00304   -0.31976   3.21453    1.30668    1.48396    32.37749
C-G        0.00000    0.00000    0.00000    0.00000    0.00000    0.00000    0.15766    -0.15328   3.24207    1.95539    1.84294    34.14977
G-C        0.00000    0.00000    0.00000    0.00000    0.00000    0.00000    0.14128    0.40105    3.27023    2.23379    4.41071    32.66442
C-G        0.00000    0.00000    0.00000    0.00000    0.00000    0.00000    0.01998    -0.39086   3.27955    0.35052    0.99467    32.24099
A-T        0.00000    0.00000    0.00000    0.00000    0.00000    0.00000    -0.09459   0.23509    3.27464    -0.66731   3.17537    33.89852
A-T        0.00000    0.00000    0.00000    0.00000    0.00000    0.00000    0.00864    -0.34900   3.23013    -1.21075   -1.66020   33.57217
A-T        0.00000    0.00000    0.00000    0.00000    0.00000    0.00000    0.00121    -0.32444   3.22142    -1.47949   0.24136    33.00112
G-C        0.00000    0.00000    0.00000    0.00000    0.00000    0.00000    -0.04184   -0.39604   3.24872    -2.34534   5.49188    29.38287
G-C        0.00000    0.00000    0.00000    0.00000    0.00000    0.00000    -0.06816   -0.48264   3.32251    -1.02907   7.82353    30.05741
C-G        0.00000    0.00000    0.00000    0.00000    0.00000    0.00000    0.01523    -0.53528   3.21137    0.14444    5.30840    30.55308
C-G        0.00000    0.00000    0.00000    0.00000    0.00000    0.00000    0.10425    -0.48043   3.32453    1.33222    7.60693    30.14147
G-C        0.00000    0.00000    0.00000    0.00000    0.00000    0.00000    0.22641    0.22223    3.28973    3.41170    8.57100    31.35288
G-C        0.00000    0.00000    0.00000    0.00000    0.00000    0.00000    0.19407    -0.41913   3.34308    2.68833    4.78827    31.36190
C-G        0.00000    0.00000    0.00000    0.00000    0.00000    0.00000    0.10287    -0.40838   3.28138    1.57039    1.39248    32.43468
C-G        0.00000    0.00000    0.00000    0.00000    0.00000    0.00000    0.07700    -0.30588   3.35160    0.72780    2.38120    32.50346
C-G        0.00000    0.00000    0.00000    0.00000    0.00000    0.00000    -0.03591   -0.31448   3.35119    -0.72635   2.47704    32.42763
G-C        0.00000    0.00000    0.00000    0.00000    0.00000    0.00000    -0.18327   0.41927    3.28142    -2.72811   4.33627    33.16074
A-T        0.00000    0.00000    0.00000    0.00000    0.00000    0.00000    -0.16903   -0.13837   3.24583    -2.11817   2.00703    34.49306
C-G        0.00000    0.00000    0.00000    0.00000    0.00000    0.00000    -0.01231   -0.63706   3.20566    -1.19299   2.91664    29.80232
A-T        0.00000    0.00000    0.00000    0.00000    0.00000    0.00000    -0.13274   -0.12253   3.32425    -0.91362   9.55092    31.22324
C-G        0.00000    0.00000    0.00000    0.00000    0.00000    0.00000    0.00529    -0.65750   3.18180    0.15856    4.24696    29.21869
G-C        0.00000    0.00000    0.00000    0.00000    0.00000    0.00000    0.11626    0.14777    3.29632    1.67418    10.39904   30.69281
A-T        0.00000    0.00000    0.00000    0.00000    0.00000    0.00000    0.08364    -0.16573   3.24362    1.58658    3.62971    33.94333
C-G        0.00000    0.00000    0.00000    0.00000    0.00000    0.00000    0.02994    -0.65571   3.23407    1.62400    1.86158    30.12962
T-A        0.00000    0.00000    0.00000    0.00000    0.00000    0.00000    0.04865    -0.36900   3.27514    1.99321    2.46075    30.57530
T-A        0.00000    0.00000    0.00000    0.00000    0.00000    0.00000    -0.02702   -0.35550   3.23773    0.55357    -2.75891   34.21834
A-T        0.00000    0.00000    0.00000    0.00000    0.00000    0.00000    -0.02881   0.37846    3.31750    -0.53435   -2.32981   37.41352
C-G        0.00000    0.00000    0.00000    0.00000    0.00000    0.00000    -0.00199   -0.62324   3.25026    -0.90090   0.69241    30.56585
T-A        0.00000    0.00000    0.00000    0.00000    0.00000    0.00000    0.02761    -0.35795   3.27349    -1.59093   3.49726    30.18727
G-C        0.00000    0.00000    0.00000    0.00000    0.00000    0.00000    0.00611    -0.04985   3.31573    -2.00565   7.88505    31.71091
T-A        0.00000    0.00000    0.00000    0.00000    0.00000    0.00000    0.00176    -0.65685   3.19613    -0.92664   3.59345    29.41795
A-T        0.00000    0.00000    0.00000    0.00000    0.00000    0.00000    0.01384    -0.64286   3.28447    -0.04690   12.18706   28.52564
G-C        0.00000    0.00000    0.00000    0.00000    0.00000    0.00000    -0.00898   -0.40416   3.25395    0.52802    5.86036    29.19306
G-C        0.00000    0.00000    0.00000    0.00000    0.00000    0.00000    0.15108    -0.47773   3.33657    1.94515    6.42886    30.60921
T-A        0.00000    0.00000    0.00000    0.00000    0.00000    0.00000    -0.00062   -0.64129   3.22836    1.00488    1.87484    30.08283
A-T        0.00000    0.00000    0.00000    0.00000    0.00000    0.00000    0.02452    0.09374    3.31064    1.23310    1.38272    35.08651
T-A        0.00000    0.00000    0.00000    0.00000    0.00000    0.00000    -0.00970   -0.70464   3.22945    0.27414    -1.18907   29.85070
C-G        0.00000    0.00000    0.00000    0.00000    0.00000    0.00000    0.01090    -0.14214   3.26699    -0.19875   0.44612    35.12697
T-A        0.00000    0.00000    0.00000    0.00000    0.00000    0.00000    0.03357    -0.35096   3.27854    -0.78161   2.45824    30.45286
C-G        0.00000    0.00000    0.00000    0.00000    0.00000    0.00000    -0.05007   -0.14739   3.25643    -1.21044   1.96307    34.56455
G-C        0.00000    0.00000    0.00000    0.00000    0.00000    0.00000    -0.13175   0.26634    3.28931    -2.17035   7.98873    31.57014
A-T        0.00000    0.00000    0.00000    0.00000    0.00000    0.00000    -0.07080   -0.15556   3.23234    -0.84937   3.89014    33.59105
G-C        0.00000    0.00000    0.00000    0.00000    0.00000    0.00000    -0.01618   -0.40374   3.25288    -0.48744   5.74504    29.22507
C-G        0.00000    0.00000    0.00000    0.00000    0.00000    0.00000    0.04447    -0.50784   3.23136    0.57924    4.31449    31.02550
T-A        0.00000    0.00000    0.00000    0.00000    0.00000    0.00000    0.03793    -0.40053   3.25785    1.50698    4.94503    29.53926
C-G        0.00000    0.00000    0.00000    0.00000    0.00000    0.00000    0.10979    -0.15520   3.24434    1.32705    2.47667    34.16360
A-T        0.00000    0.00000    0.00000    0.00000    0.00000    0.00000    -0.02609   0.08224    3.29965    1.35214    5.41443    32.88140
T-A        0.00000    0.00000    0.00000    0.00000    0.00000    0.00000    -0.00745   -0.70193   3.22499    0.30111    -0.82120   29.71824
G-C        0.00000    0.00000    0.00000    0.00000    0.00000    0.00000    0.05136    0.18663    3.28859    -0.19803   4.22205    33.59615
T-A        0.00000    0.00000    0.00000    0.00000    0.00000    0.00000    -0.02555   -0.63429   3.25056    -0.65391   0.85005    30.40478
T-A        0.00000    0.00000    0.00000    0.00000    0.00000    0.00000    -0.03603   -0.32885   3.22802    -0.77827   -0.55379   33.43300
A-T        0.00000    0.00000    0.00000    0.00000    0.00000    0.00000    -0.02430   -0.17924   3.30069    -1.19430   5.68015    32.55150
T-A        0.00000    0.00000    0.00000    0.00000    0.00000    0.00000    0.00793    -0.69398   3.19914    -0.50771   1.30581    28.95672
A-T        0.00000    0.00000    0.00000    0.00000    0.00000    0.00000    -0.00713   -0.49712   3.29153    -0.46870   9.94364    29.89532
A-T        0.00000    0.00000    0.00000    0.00000    0.00000    0.00000    0.02648    -0.30543   3.21296    0.19808    2.47636    32.23951
C-G        0.00000    0.00000    0.00000    0.00000    0.00000    0.00000    0.00564    -0.65818   3.20750    0.72706    3.08307    29.57382
G-C        0.00000    0.00000    0.00000    0.00000    0.00000    0.00000    0.11272    0.25243    3.29106    1.87309    7.96381    31.58209
G-C        0.00000    0.00000    0.00000    0.00000    0.00000    0.00000    0.09684    -0.40782   3.34082    1.58073    5.04201    31.23869
A-T        0.00000    0.00000    0.00000    0.00000    0.00000    0.00000    0.01841    -0.14540   3.26346    0.78983    1.18984    34.92580
T-A        0.00000    0.00000    0.00000    0.00000    0.00000    0.00000    -0.00034   -0.70110   3.22737    0.16570    -1.00711   29.83000
C-G        0.00000    0.00000    0.00000    0.00000    0.00000    0.00000    0.01848    -0.14221   3.26554    -0.24638   0.72483    35.07040
G-C        0.00000    0.00000    0.00000    0.00000    0.00000    0.00000    -0.09864   0.36600    3.28503    -1.65562   5.51889    32.58823
G-C        0.00000    0.00000    0.00000    0.00000    0.00000    0.00000    -0.10689   -0.39468   3.33919    -1.38613   5.03051    31.24773
G-C        0.00000    0.00000    0.00000    0.00000    0.00000    0.00000    -0.09023   -0.43358   3.33594    -1.19822   5.89559    30.82791
A-T        0.00000    0.00000    0.00000    0.00000    0.00000    0.00000    -0.07634   -0.16431   3.23416    -0.78694   3.70424    33.61187
T-A        0.00000    0.00000    0.00000    0.00000    0.00000    0.00000    -0.00384   -0.69374   3.19227    -0.08370   1.84292    28.68768
C-G        0.00000    0.00000    0.00000    0.00000    0.00000    0.00000    0.04882    -0.16107   3.23272    0.50034    3.96419    33.53739
C-G        0.00000    0.00000    0.00000    0.00000    0.00000    0.00000    0.06998    -0.43389   3.33210    1.04535    6.31797    30.68811
G-C        0.00000    0.00000    0.00000    0.00000    0.00000    0.00000    0.13821    0.29918    3.28813    2.24023    7.26061    31.88029
C-G        0.00000    0.00000    0.00000    0.00000    0.00000    0.00000    0.08364    -0.43110   3.26334    1.24532    2.31772    31.94024
T-A        0.00000    0.00000    0.00000    0.00000    0.00000    0.00000    0.06103    -0.35211   3.27804    1.14979    2.24011    30.62773
T-A        0.00000    0.00000    0.00000    0.00000    0.00000    0.00000    -0.02136   -0.34739   3.23615    0.04440    -2.25773   34.05960
T-A        0.00000    0.00000    0.00000    0.00000    0.00000    0.00000    -0.03137   -0.34447   3.23416    -0.61772   -1.76598   33.92105
A-T        0.00000    0.00000    0.00000    0.00000    0.00000    0.00000    -0.03532   -0.01369   3.30917    -1.46826   3.03669    34.25457
A-T        0.00000    0.00000    0.00000    0.00000    0.00000    0.00000    0.00602    -0.31590   3.22049    -1.10730   1.00870    32.93501
C-G        0.00000    0.00000    0.00000    0.00000    0.00000    0.00000    -0.01986   -0.65152   3.20147    -0.69829   3.33925    29.70492
A-T        0.00000    0.00000    0.00000    0.00000    0.00000    0.00000    -0.11837   -0.14820   3.32980    -0.14327   9.62208    31.19495
C-G        0.00000    0.00000    0.00000    0.00000    0.00000    0.00000    -0.01127   -0.65742   3.19218    0.61818    3.87985    29.48452
T-A        0.00000    0.00000    0.00000    0.00000    0.00000    0.00000    0.02653    -0.38934   3.25368    1.78759    5.59764    29.59107
T-A        0.00000    0.00000    0.00000    0.00000    0.00000    0.00000    -0.00728   -0.30660   3.22048    1.20541    0.87929    33.00958
T-A        0.00000    0.00000    0.00000    0.00000    0.00000    0.00000    -0.00618   -0.32779   3.22827    1.15566    -0.82149   33.53049
A-T        0.00000    0.00000    0.00000    0.00000    0.00000    0.00000    0.03957    0.27712    3.31244    0.89162    -0.80843   36.38864
T-A        0.00000    0.00000    0.00000    0.00000    0.00000    0.00000    0.00955    -0.70566   3.23244    -0.03561   -1.48972   29.92459
G-C        0.00000    0.00000    0.00000    0.00000    0.00000    0.00000    0.02780    0.15948    3.28787    -1.16700   4.01163    33.50362
C-G        0.00000    0.00000    0.00000    0.00000    0.00000    0.00000    -0.09596   -0.44157   3.26217    -1.52660   2.33426    31.80608
T-A        0.00000    0.00000    0.00000    0.00000    0.00000    0.00000    0.02378    -0.38878   3.26654    -1.47168   4.17947    29.65405
T-A        0.00000    0.00000    0.00000    0.00000    0.00000    0.00000    -0.04663   -0.31009   3.21246    -1.07322   2.36762    32.22009
C-G        0.00000    0.00000    0.00000    0.00000    0.00000    0.00000    -0.02462   -0.16758   3.22759    -0.54742   4.77714    33.24170
C-G        0.00000    0.00000    0.00000    0.00000    0.00000    0.00000    -0.00681   -0.48888   3.32402    0.22545    7.82901    30.04539
G-C        0.00000    0.00000    0.00000    0.00000    0.00000    0.00000    0.14452    0.19813    3.29146    2.35484    9.66581    30.91821
G-C        0.00000    0.00000    0.00000    0.00000    0.00000    0.00000    0.18946    -0.42825   3.33403    2.57155    5.88946    30.91742
C-G        0.00000    0.00000    0.00000    0.00000    0.00000    0.00000    0.14160    -0.42639   3.26606    1.98198    2.18121    32.06942
T-A        0.00000    0.00000    0.00000    0.00000    0.00000    0.00000    0.07428    -0.34788   3.28240    1.70564    1.56924    30.96773
C-G        0.00000    0.00000    0.00000    0.00000    0.00000    0.00000    0.06398    -0.14200   3.27573    0.30373    -0.59091   35.66147
G-C        0.00000    0.00000    0.00000    0.00000    0.00000    0.00000    -0.11458   0.43743    3.27969    -1.88692   3.45102    33.46315
T-A        0.00000    0.00000    0.00000    0.00000    0.00000    0.00000    -0.03656   -0.65136   3.25380    -1.63608   0.89069    30.50752
A-T        0.00000    0.00000    0.00000    0.00000    0.00000    0.00000    -0.07260   -0.22205   3.30024    -2.15373   5.89948    32.42395
T-A        0.00000    0.00000    0.00000    0.00000    0.00000    0.00000    -0.00551   -0.69130   3.19028    -0.92895   1.95956    28.74182
A-T        0.00000    0.00000    0.00000    0.00000    0.00000    0.00000    -0.04285   -0.74117   3.27982    -0.91875   13.70435   27.64792
A-T        0.00000    0.00000    0.00000    0.00000    0.00000    0.00000    0.02093    -0.28082   3.20190    0.33975    4.31502    31.56013
T-A        0.00000    0.00000    0.00000    0.00000    0.00000    0.00000    -0.00515   -0.68571   3.18142    0.66540    2.56320    28.43543
G-C        0.00000    0.00000    0.00000    0.00000    0.00000    0.00000    0.17943    -0.01509   3.30891    1.99382    8.01998    31.92556
T-A        0.00000    0.00000    0.00000    0.00000    0.00000    0.00000    0.01693    -0.62551   3.22956    1.50075    1.56869    30.17152
G-C        0.00000    0.00000    0.00000    0.00000    0.00000    0.00000    0.15648    0.23808    3.28012    1.83076    3.54381    34.12858
T-A        0.00000    0.00000    0.00000    0.00000    0.00000    0.00000    -0.00914   -0.62505   3.27555    0.33453    -0.55085   30.95018
C-G        0.00000    0.00000    0.00000    0.00000    0.00000    0.00000    0.00397    -0.14995   3.27735    -0.54504   -0.68350   35.61989
G-C        0.00000    0.00000    0.00000    0.00000    0.00000    0.00000    -0.21048   0.39777    3.27744    -3.22753   4.32918    32.97939
A-T        0.00000    0.00000    0.00000    0.00000    0.00000    0.00000    -0.19382   -0.15095   3.24038    -2.43772   2.23469    34.20661
C-G        0.00000    0.00000    0.00000    0.00000    0.00000    0.00000    -0.02936   -0.64297   3.19596    -1.36087   3.28849    29.51786
C-G        0.00000    0.00000    0.00000    0.00000    0.00000    0.00000    -0.15543   -0.51654   3.32246    -1.76805   8.22061    29.85726
A-T        0.00000    0.00000    0.00000    0.00000    0.00000    0.00000    -0.08881   -0.23322   3.33234    0.52455    11.06981   30.16254
A-T        0.00000    0.00000    0.00000    0.00000    0.00000    0.00000    0.04115    -0.28359   3.20349    1.11220    3.97096    31.71365
A-T        0.00000    0.00000    0.00000    0.00000    0.00000    0.00000    0.05363    -0.30528   3.21219    1.61349    2.17783    32.32512
T-A        0.00000    0.00000    0.00000    0.00000    0.00000    0.00000    0.00103    -0.69894   3.21022    1.14700    0.17941    29.21956
G-C        0.00000    0.00000    0.00000    0.00000    0.00000    0.00000    -0.52900   -0.91300   3.45800    -1.68400   -11.70400  37.46900
T-A        0.00000    0.00000    0.00000    0.00000    0.00000    0.00000    -0.90500   -1.56500   3.20700    -2.32900   -8.23400   32.16600
G-C        0.00000    0.00000    0.00000    0.00000    0.00000    0.00000    -0.37700   -0.59600   3.22500    -2.12100   -0.58700   39.44300
A-T        0.00000    0.00000    0.00000    0.00000    0.00000    0.00000    0.13400    -1.01800   3.04900    2.58900    -6.06800   32.10200
G-C        0.00000    0.00000    0.00000    0.00000    0.00000    0.00000    0.92800    -0.52700   2.87900    -1.17100   -8.58500   33.49000
C-G        0.00000    0.00000    0.00000    0.00000    0.00000    0.00000    -0.67600   -0.12400   3.12600    12.53400   -5.63600   33.19400
G-C        0.00000    0.00000    0.00000    0.00000    0.00000    0.00000    0.05000    1.55100    5.41100    0.14800    60.11900   13.23800
C-G        0.00000    0.00000    0.00000    0.00000    0.00000    0.00000    0.71700    -0.08600   3.08700    -11.67300  -4.90200   33.30300
T-A        0.00000    0.00000    0.00000    0.00000    0.00000    0.00000    -0.96000   -0.48200   2.89500    0.89000    -7.57200   33.58000
C-G        0.00000    0.00000    0.00000    0.00000    0.00000    0.00000    -0.12100   -0.98300   3.10500    -2.86700   -6.38300   31.80500
A-T        0.00000    0.00000    0.00000    0.00000    0.00000    0.00000    0.32200    -0.59300   3.18200    1.64400    -0.34400   39.44100
C-G        0.00000    0.00000    0.00000    0.00000    0.00000    0.00000    0.92800    -1.59400   3.28000    2.05300    -8.66400   31.95900
A-T        0.00000    0.00000    0.00000    0.00000    0.00000    0.00000    0.27000    -1.09600   3.26800    -0.64500   -9.98600   39.97600
