147 # base pairs
  0 # ***local base-pair & step parameters***
#          Shear      Stretch    Stagger    Buckle     Prop-Tw    Opening    Shift      Slide      Rise       Tilt       Roll       Twist
A-T        0.00000    0.00000    0.00000    0.00000    0.00000    0.00000    0.00000    0.00000    0.00000    0.00000    0.00000    0.00000
G-C        0.00000    0.00000    0.00000    0.00000    0.00000    0.00000    -0.27100   -1.09500   3.26800    0.63200    -9.98900   39.97400
T-A        0.00000    0.00000    0.00000    0.00000    0.00000    0.00000    -0.92900   -1.59400   3.27900    -2.06100   -8.63900   31.93600
G-C        0.00000    0.00000    0.00000    0.00000    0.00000    0.00000    -0.32200   -0.59300   3.18200    -1.67200   -0.37400   39.43800
A-T        0.00000    0.00000    0.00000    0.00000    0.00000    0.00000    0.12100    -0.98400   3.10400    2.85600    -6.40100   31.82500
G-C        0.00000    0.00000    0.00000    0.00000    0.00000    0.00000    0.96000    -0.48500   2.89700    -0.88600   -7.60300   33.57600
C-G        0.00000    0.00000    0.00000    0.00000    0.00000    0.00000    -0.71600   -0.08700   3.08600    11.72100   -4.90400   33.29400
G-C        0.00000    0.00000    0.00000    0.00000    0.00000    0.00000    -0.04900   1.55300    5.41100    -0.15300   60.13400   13.21100
C-G        0.00000    0.00000    0.00000    0.00000    0.00000    0.00000    0.67500    -0.12200   3.12500    -12.52100  -5.64000   33.20500
T-A        0.00000    0.00000    0.00000    0.00000    0.00000    0.00000    -0.92800   -0.52700   2.87800    1.17200    -8.55900   33.49500
C-G        0.00000    0.00000    0.00000    0.00000    0.00000    0.00000    -0.13300   -1.01800   3.05100    -2.62600   -6.07500   32.10600
A-T        0.00000    0.00000    0.00000    0.00000    0.00000    0.00000    0.37700    -0.59600   3.22300    2.15700    -0.58600   39.43900
C-G        0.00000    0.00000    0.00000    0.00000    0.00000    0.00000    0.90400    -1.56400   3.20700    2.30100    -8.21100   32.14900
A-T        0.00000    0.00000    0.00000    0.00000    0.00000    0.00000    0.52900    -0.91300   3.45700    1.67600    -11.71500  37.48500
A-T        0.00000    0.00000    0.00000    0.00000    0.00000    0.00000    -0.15996   -0.16945   3.22289    -2.20887   0.49087    33.77162
T-A        0.00000    0.00000    0.00000    0.00000    0.00000    0.00000    -0.01211   -0.77510   3.29498    -0.81099   -2.14465   31.67646
T-A        0.00000    0.00000    0.00000    0.00000    0.00000    0.00000    -0.00575   -0.41098   3.27209    -0.62289   -1.30143   35.30932
T-A        0.00000    0.00000    0.00000    0.00000    0.00000    0.00000    -0.04122   -0.19029   3.19023    -0.52282   4.97144    31.88189
A-T        0.00000    0.00000    0.00000    0.00000    0.00000    0.00000    0.02894    -0.15389   3.20495    -0.24971   12.14423   26.28039
T-A        0.00000    0.00000    0.00000    0.00000    0.00000    0.00000    -0.04155   -0.74560   3.20929    0.53058    1.51373    29.15150
T-A        0.00000    0.00000    0.00000    0.00000    0.00000    0.00000    -0.02031   -0.32854   3.26410    1.34890    1.41146    32.80655
C-G        0.00000    0.00000    0.00000    0.00000    0.00000    0.00000    0.05616    -0.10311   3.26432    1.10717    2.01580    34.37402
G-C        0.00000    0.00000    0.00000    0.00000    0.00000    0.00000    0.32446    0.58979    3.27949    2.51868    7.07124    33.13797
C-G        0.00000    0.00000    0.00000    0.00000    0.00000    0.00000    -0.06440   -0.40253   3.23823    -0.67048   2.75808    31.30189
A-T        0.00000    0.00000    0.00000    0.00000    0.00000    0.00000    -0.13205   0.48568    3.25278    -1.18825   1.27206    34.54713
A-T        0.00000    0.00000    0.00000    0.00000    0.00000    0.00000    0.04971    -0.26527   3.27513    -0.63348   -1.41898   33.78003
A-T        0.00000    0.00000    0.00000    0.00000    0.00000    0.00000    -0.04618   -0.40624   3.23163    -1.57799   -1.59000   34.65080
G-C        0.00000    0.00000    0.00000    0.00000    0.00000    0.00000    0.01277    -0.53032   3.31968    -0.33619   4.52334    31.00842
G-C        0.00000    0.00000    0.00000    0.00000    0.00000    0.00000    0.00231    -0.53648   3.41698    -1.61295   7.37031    31.96119
C-G        0.00000    0.00000    0.00000    0.00000    0.00000    0.00000    0.01381    -0.59128   3.21443    0.11736    5.62700    31.19005
C-G        0.00000    0.00000    0.00000    0.00000    0.00000    0.00000    -0.15988   -0.38572   3.29012    0.81483    6.84467    31.89541
G-C        0.00000    0.00000    0.00000    0.00000    0.00000    0.00000    0.23689    0.16771    3.02055    3.05702    7.94946    28.64494
G-C        0.00000    0.00000    0.00000    0.00000    0.00000    0.00000    0.55389    -0.33300   3.32337    4.03111    3.83171    32.05525
C-G        0.00000    0.00000    0.00000    0.00000    0.00000    0.00000    0.23580    -0.36553   3.23944    2.20006    1.62447    32.84149
C-G        0.00000    0.00000    0.00000    0.00000    0.00000    0.00000    0.29707    -0.26870   3.37386    2.18031    -0.11825   34.12333
C-G        0.00000    0.00000    0.00000    0.00000    0.00000    0.00000    0.03483    -0.26637   3.34749    0.47084    1.27445    32.78912
G-C        0.00000    0.00000    0.00000    0.00000    0.00000    0.00000    -0.30707   1.01094    3.31879    -3.23016   2.54423    33.95603
A-T        0.00000    0.00000    0.00000    0.00000    0.00000    0.00000    -0.26598   -0.05440   3.11526    -3.14786   0.10212    34.68447
C-G        0.00000    0.00000    0.00000    0.00000    0.00000    0.00000    0.15040    -0.49816   3.14807    -1.47324   3.87891    29.98762
A-T        0.00000    0.00000    0.00000    0.00000    0.00000    0.00000    -0.09805   -0.23182   3.29639    -1.20472   8.46172    31.57711
C-G        0.00000    0.00000    0.00000    0.00000    0.00000    0.00000    0.20247    -0.53463   3.18041    -0.33788   5.74785    29.02556
G-C        0.00000    0.00000    0.00000    0.00000    0.00000    0.00000    0.07659    0.44171    3.29934    2.47486    7.80334    33.18196
A-T        0.00000    0.00000    0.00000    0.00000    0.00000    0.00000    0.02168    -0.08052   3.16553    0.65399    0.73732    35.07402
C-G        0.00000    0.00000    0.00000    0.00000    0.00000    0.00000    -0.12852   -0.70417   3.23170    1.48903    3.03766    30.96077
T-A        0.00000    0.00000    0.00000    0.00000    0.00000    0.00000    0.14723    -0.81308   3.55712    1.45803    -0.48992   32.88625
T-A        0.00000    0.00000    0.00000    0.00000    0.00000    0.00000    -0.18488   -0.55296   3.24459    0.24747    -3.26274   29.30963
A-T        0.00000    0.00000    0.00000    0.00000    0.00000    0.00000    -0.04375   0.33530    3.33898    -0.43764   -1.51177   38.19897
C-G        0.00000    0.00000    0.00000    0.00000    0.00000    0.00000    -0.04357   -0.67962   3.26628    -0.87369   0.20518    31.44059
T-A        0.00000    0.00000    0.00000    0.00000    0.00000    0.00000    0.00016    -0.46832   3.32741    -1.11489   4.50696    31.39613
G-C        0.00000    0.00000    0.00000    0.00000    0.00000    0.00000    0.11028    -0.10683   3.37183    -2.73226   8.45851    32.37159
T-A        0.00000    0.00000    0.00000    0.00000    0.00000    0.00000    -0.07738   -0.61075   3.13471    -1.12840   5.27637    26.88584
A-T        0.00000    0.00000    0.00000    0.00000    0.00000    0.00000    0.19299    -1.22523   3.24883    -0.30768   17.26724   25.84484
G-C        0.00000    0.00000    0.00000    0.00000    0.00000    0.00000    -0.27418   -0.49166   3.16830    0.73416    7.38149    27.19177
G-C        0.00000    0.00000    0.00000    0.00000    0.00000    0.00000    -0.02359   -0.99304   3.55370    1.33625    5.56761    30.39113
T-A        0.00000    0.00000    0.00000    0.00000    0.00000    0.00000    0.17107    -0.53432   3.22336    1.77544    1.20293    29.86032
A-T        0.00000    0.00000    0.00000    0.00000    0.00000    0.00000    0.04309    -0.59585   3.35137    2.00610    2.80769    33.64782
T-A        0.00000    0.00000    0.00000    0.00000    0.00000    0.00000    -0.09425   -0.77147   3.22625    0.28776    -1.91953   29.51368
C-G        0.00000    0.00000    0.00000    0.00000    0.00000    0.00000    0.08358    -0.36110   3.33971    -0.94750   -1.26063   36.81957
T-A        0.00000    0.00000    0.00000    0.00000    0.00000    0.00000    0.04859    -0.35116   3.31372    -0.90903   2.72198    30.57031
C-G        0.00000    0.00000    0.00000    0.00000    0.00000    0.00000    -0.02144   -0.04824   3.32753    -1.26440   2.04744    34.07218
G-C        0.00000    0.00000    0.00000    0.00000    0.00000    0.00000    -0.05412   0.39382    3.22497    -2.60415   10.93287   27.64094
A-T        0.00000    0.00000    0.00000    0.00000    0.00000    0.00000    -0.24165   0.07157    3.22918    -3.08934   4.86258    32.43331
G-C        0.00000    0.00000    0.00000    0.00000    0.00000    0.00000    0.16307    -0.45343   3.27494    -0.10201   5.15786    29.28903
C-G        0.00000    0.00000    0.00000    0.00000    0.00000    0.00000    0.02974    -0.57838   3.32704    0.41564    4.02113    33.53271
T-A        0.00000    0.00000    0.00000    0.00000    0.00000    0.00000    -0.12259   -0.40568   3.27016    1.09594    4.06254    29.69805
C-G        0.00000    0.00000    0.00000    0.00000    0.00000    0.00000    0.27980    0.13471    3.22063    3.44207    3.68267    33.22644
G-C        0.00000    0.00000    0.00000    0.00000    0.00000    0.00000    0.23812    0.77549    3.26151    1.98064    4.11190    32.31723
G-C        0.00000    0.00000    0.00000    0.00000    0.00000    0.00000    -0.05273   -0.28120   3.32064    -0.69228   2.60833    31.79775
G-C        0.00000    0.00000    0.00000    0.00000    0.00000    0.00000    -0.07028   -0.27931   3.32808    0.18765    5.34175    31.78212
A-T        0.00000    0.00000    0.00000    0.00000    0.00000    0.00000    -0.07869   -0.27676   3.30696    -0.16836   0.12881    35.66141
T-A        0.00000    0.00000    0.00000    0.00000    0.00000    0.00000    -0.00001   -0.63660   3.24319    -0.42120   0.92203    30.41792
C-G        0.00000    0.00000    0.00000    0.00000    0.00000    0.00000    -0.17639   -0.13903   3.25234    -2.17892   3.09054    36.72536
A-T        0.00000    0.00000    0.00000    0.00000    0.00000    0.00000    -0.32389   -0.37736   3.36021    1.21088    8.00018    30.43073
T-A        0.00000    0.00000    0.00000    0.00000    0.00000    0.00000    0.00939    -0.50374   3.18280    -0.15494   3.75245    28.10275
G-C        0.00000    0.00000    0.00000    0.00000    0.00000    0.00000    0.01833    -0.41813   3.44336    -0.53564   7.55523    32.59384
T-A        0.00000    0.00000    0.00000    0.00000    0.00000    0.00000    -0.01402   -0.72291   3.24142    0.52443    2.22408    29.65255
T-A        0.00000    0.00000    0.00000    0.00000    0.00000    0.00000    0.01426    -0.22365   3.14828    1.16355    2.40048    31.02921
A-T        0.00000    0.00000    0.00000    0.00000    0.00000    0.00000    0.02365    0.11372    3.30666    0.26775    4.18215    32.77777
T-A        0.00000    0.00000    0.00000    0.00000    0.00000    0.00000    -0.01407   -0.72189   3.14742    0.54095    -1.23537   28.68304
A-T        0.00000    0.00000    0.00000    0.00000    0.00000    0.00000    -0.02093   0.23490    3.33116    0.97090    1.57032    34.56033
A-T        0.00000    0.00000    0.00000    0.00000    0.00000    0.00000    -0.01429   -0.20880   3.17645    -0.81877   -0.23506   32.37189
C-G        0.00000    0.00000    0.00000    0.00000    0.00000    0.00000    -0.00938   -0.77355   3.34592    -0.80673   -0.19490   31.87583
G-C        0.00000    0.00000    0.00000    0.00000    0.00000    0.00000    0.12497    0.26402    3.22654    -1.40865   8.48835    31.44298
G-C        0.00000    0.00000    0.00000    0.00000    0.00000    0.00000    0.14785    -0.27261   3.26330    0.41821    6.49397    29.75993
A-T        0.00000    0.00000    0.00000    0.00000    0.00000    0.00000    -0.06181   -0.26414   3.27646    -0.30598   2.34174    34.55009
T-A        0.00000    0.00000    0.00000    0.00000    0.00000    0.00000    -0.00382   -0.65252   3.23135    -0.10812   2.03583    29.93536
C-G        0.00000    0.00000    0.00000    0.00000    0.00000    0.00000    0.04755    -0.25738   3.26972    0.02211    2.69981    34.38105
C-G        0.00000    0.00000    0.00000    0.00000    0.00000    0.00000    -0.22480   -0.26241   3.25654    -0.88323   7.17773    29.59538
G-C        0.00000    0.00000    0.00000    0.00000    0.00000    0.00000    0.01467    0.39886    3.25095    0.82187    8.75148    30.88229
C-G        0.00000    0.00000    0.00000    0.00000    0.00000    0.00000    0.08903    -0.53461   3.41399    0.96481    1.30046    34.30239
T-A        0.00000    0.00000    0.00000    0.00000    0.00000    0.00000    0.32473    -0.46070   3.40944    3.17148    1.03681    33.48736
T-A        0.00000    0.00000    0.00000    0.00000    0.00000    0.00000    0.04633    -0.41939   3.22783    0.36980    -2.70253   34.74102
T-A        0.00000    0.00000    0.00000    0.00000    0.00000    0.00000    -0.03663   -0.34894   3.23594    -0.36804   -1.83824   33.91285
A-T        0.00000    0.00000    0.00000    0.00000    0.00000    0.00000    -0.05956   0.36636    3.25785    -1.01156   -0.30830   34.25638
A-T        0.00000    0.00000    0.00000    0.00000    0.00000    0.00000    -0.01910   -0.22214   3.15336    -1.64218   2.06310    31.27764
C-G        0.00000    0.00000    0.00000    0.00000    0.00000    0.00000    -0.00641   -0.72274   3.24218    -0.96785   2.53275    29.69554
A-T        0.00000    0.00000    0.00000    0.00000    0.00000    0.00000    -0.07525   -0.24506   3.29798    -0.55838   7.90988    31.45125
C-G        0.00000    0.00000    0.00000    0.00000    0.00000    0.00000    0.10097    -0.66373   3.26411    0.40088    3.07716    29.61129
T-A        0.00000    0.00000    0.00000    0.00000    0.00000    0.00000    0.12036    -0.71407   3.52056    0.47380    4.15293    32.72059
T-A        0.00000    0.00000    0.00000    0.00000    0.00000    0.00000    0.04300    -0.41148   3.22515    0.97986    -0.56149   34.28987
T-A        0.00000    0.00000    0.00000    0.00000    0.00000    0.00000    -0.02191   -0.31196   3.22183    0.56484    -0.63834   33.54455
A-T        0.00000    0.00000    0.00000    0.00000    0.00000    0.00000    0.04980    0.26600    3.34647    0.24798    0.49513    35.57343
T-A        0.00000    0.00000    0.00000    0.00000    0.00000    0.00000    -0.00542   -0.74963   3.19569    0.11645    0.81557    27.42530
G-C        0.00000    0.00000    0.00000    0.00000    0.00000    0.00000    0.01398    -0.25898   3.30717    0.18781    5.49208    37.05055
C-G        0.00000    0.00000    0.00000    0.00000    0.00000    0.00000    0.24086    -0.43485   3.21903    -2.26284   2.41025    32.10562
T-A        0.00000    0.00000    0.00000    0.00000    0.00000    0.00000    -0.01676   -0.47544   3.38184    -0.31209   2.62905    33.01794
T-A        0.00000    0.00000    0.00000    0.00000    0.00000    0.00000    -0.08791   -0.24376   3.17941    -0.95570   3.89156    32.20969
C-G        0.00000    0.00000    0.00000    0.00000    0.00000    0.00000    0.00453    -0.30000   3.23934    -0.69174   6.30744    31.84426
C-G        0.00000    0.00000    0.00000    0.00000    0.00000    0.00000    -0.38177   -0.25638   3.24164    -1.82678   8.70267    29.15721
G-C        0.00000    0.00000    0.00000    0.00000    0.00000    0.00000    0.09959    0.15568    3.02151    1.65492    8.75287    28.22472
G-C        0.00000    0.00000    0.00000    0.00000    0.00000    0.00000    0.49032    -0.33124   3.30274    3.42045    5.04061    31.66689
C-G        0.00000    0.00000    0.00000    0.00000    0.00000    0.00000    0.27967    -0.60982   3.29403    1.78520    2.03220    32.16156
T-A        0.00000    0.00000    0.00000    0.00000    0.00000    0.00000    -0.00518   -0.20295   3.26418    1.96911    0.01121    31.01321
C-G        0.00000    0.00000    0.00000    0.00000    0.00000    0.00000    0.19191    0.20533    3.25320    1.49509    0.33334    35.25192
G-C        0.00000    0.00000    0.00000    0.00000    0.00000    0.00000    -0.04022   0.43702    3.24486    -1.74311   1.27120    34.62611
T-A        0.00000    0.00000    0.00000    0.00000    0.00000    0.00000    0.21252    -0.56707   3.23192    -1.35941   1.86210    31.16136
A-T        0.00000    0.00000    0.00000    0.00000    0.00000    0.00000    -0.05394   -0.67448   3.37298    -1.64507   5.45270    32.93095
T-A        0.00000    0.00000    0.00000    0.00000    0.00000    0.00000    -0.00149   -0.74722   3.12289    -1.36362   0.69788    28.28299
A-T        0.00000    0.00000    0.00000    0.00000    0.00000    0.00000    -0.05601   -0.14692   3.21405    -0.40459   11.80454   26.81804
A-T        0.00000    0.00000    0.00000    0.00000    0.00000    0.00000    -0.01218   -0.31676   3.20706    0.04045    6.77028    31.96888
T-A        0.00000    0.00000    0.00000    0.00000    0.00000    0.00000    -0.02337   -0.64948   3.23404    1.04474    2.35833    29.32656
G-C        0.00000    0.00000    0.00000    0.00000    0.00000    0.00000    0.08184    -0.35685   3.40192    1.92894    7.76726    32.80107
T-A        0.00000    0.00000    0.00000    0.00000    0.00000    0.00000    0.23670    -0.52069   3.18355    2.80107    0.80587    28.01449
G-C        0.00000    0.00000    0.00000    0.00000    0.00000    0.00000    0.09581    -0.10124   3.27234    2.65633    2.31307    34.20494
T-A        0.00000    0.00000    0.00000    0.00000    0.00000    0.00000    -0.09835   -0.57021   3.20527    0.51015    0.27986    30.55733
C-G        0.00000    0.00000    0.00000    0.00000    0.00000    0.00000    0.05395    -0.06609   3.15471    0.50863    -1.28175   35.38103
G-C        0.00000    0.00000    0.00000    0.00000    0.00000    0.00000    -0.09423   0.52749    3.17190    -3.79917   3.88449    29.88525
A-T        0.00000    0.00000    0.00000    0.00000    0.00000    0.00000    -0.28268   -0.06050   3.10577    -3.38261   0.06217    34.29787
C-G        0.00000    0.00000    0.00000    0.00000    0.00000    0.00000    -0.01697   -0.75170   3.20044    -1.72320   3.11152    30.68409
C-G        0.00000    0.00000    0.00000    0.00000    0.00000    0.00000    0.21701    -0.77534   3.32582    -1.17077   9.89329    28.06330
A-T        0.00000    0.00000    0.00000    0.00000    0.00000    0.00000    0.44958    -0.14352   3.32165    -0.91428   18.01821   24.85143
A-T        0.00000    0.00000    0.00000    0.00000    0.00000    0.00000    0.05861    -0.19722   3.24687    1.27491    4.41890    31.90643
A-T        0.00000    0.00000    0.00000    0.00000    0.00000    0.00000    0.00729    -0.40497   3.27372    1.04298    -1.42691   35.43604
T-A        0.00000    0.00000    0.00000    0.00000    0.00000    0.00000    -0.00340   -0.73127   3.25166    1.66489    0.01766    29.86895
G-C        0.00000    0.00000    0.00000    0.00000    0.00000    0.00000    -0.52900   -0.91300   3.45800    -1.68400   -11.70400  37.46900
T-A        0.00000    0.00000    0.00000    0.00000    0.00000    0.00000    -0.90500   -1.56500   3.20700    -2.32900   -8.23400   32.16600
G-C        0.00000    0.00000    0.00000    0.00000    0.00000    0.00000    -0.37700   -0.59600   3.22500    -2.12100   -0.58700   39.44300
A-T        0.00000    0.00000    0.00000    0.00000    0.00000    0.00000    0.13400    -1.01800   3.04900    2.58900    -6.06800   32.10200
G-C        0.00000    0.00000    0.00000    0.00000    0.00000    0.00000    0.92800    -0.52700   2.87900    -1.17100   -8.58500   33.49000
C-G        0.00000    0.00000    0.00000    0.00000    0.00000    0.00000    -0.67600   -0.12400   3.12600    12.53400   -5.63600   33.19400
G-C        0.00000    0.00000    0.00000    0.00000    0.00000    0.00000    0.05000    1.55100    5.41100    0.14800    60.11900   13.23800
C-G        0.00000    0.00000    0.00000    0.00000    0.00000    0.00000    0.71700    -0.08600   3.08700    -11.67300  -4.90200   33.30300
T-A        0.00000    0.00000    0.00000    0.00000    0.00000    0.00000    -0.96000   -0.48200   2.89500    0.89000    -7.57200   33.58000
C-G        0.00000    0.00000    0.00000    0.00000    0.00000    0.00000    -0.12100   -0.98300   3.10500    -2.86700   -6.38300   31.80500
A-T        0.00000    0.00000    0.00000    0.00000    0.00000    0.00000    0.32200    -0.59300   3.18200    1.64400    -0.34400   39.44100
C-G        0.00000    0.00000    0.00000    0.00000    0.00000    0.00000    0.92800    -1.59400   3.28000    2.05300    -8.66400   31.95900
A-T        0.00000    0.00000    0.00000    0.00000    0.00000    0.00000    0.27000    -1.09600   3.26800    -0.64500   -9.98600   39.97600
