147 # base pairs
  0 # ***local base-pair & step parameters***
#          Shear      Stretch    Stagger    Buckle     Prop-Tw    Opening    Shift      Slide      Rise       Tilt       Roll       Twist
A-T        0.00000    0.00000    0.00000    0.00000    0.00000    0.00000    0.00000    0.00000    0.00000    0.00000    0.00000    0.00000
G-C        0.00000    0.00000    0.00000    0.00000    0.00000    0.00000    -0.27100   -1.09500   3.26800    0.63200    -9.98900   39.97400
T-A        0.00000    0.00000    0.00000    0.00000    0.00000    0.00000    -0.92900   -1.59400   3.27900    -2.06100   -8.63900   31.93600
G-C        0.00000    0.00000    0.00000    0.00000    0.00000    0.00000    -0.32200   -0.59300   3.18200    -1.67200   -0.37400   39.43800
A-T        0.00000    0.00000    0.00000    0.00000    0.00000    0.00000    0.12100    -0.98400   3.10400    2.85600    -6.40100   31.82500
G-C        0.00000    0.00000    0.00000    0.00000    0.00000    0.00000    0.96000    -0.48500   2.89700    -0.88600   -7.60300   33.57600
C-G        0.00000    0.00000    0.00000    0.00000    0.00000    0.00000    -0.71600   -0.08700   3.08600    11.72100   -4.90400   33.29400
G-C        0.00000    0.00000    0.00000    0.00000    0.00000    0.00000    -0.04900   1.55300    5.41100    -0.15300   60.13400   13.21100
C-G        0.00000    0.00000    0.00000    0.00000    0.00000    0.00000    0.67500    -0.12200   3.12500    -12.52100  -5.64000   33.20500
T-A        0.00000    0.00000    0.00000    0.00000    0.00000    0.00000    -0.92800   -0.52700   2.87800    1.17200    -8.55900   33.49500
C-G        0.00000    0.00000    0.00000    0.00000    0.00000    0.00000    -0.13300   -1.01800   3.05100    -2.62600   -6.07500   32.10600
A-T        0.00000    0.00000    0.00000    0.00000    0.00000    0.00000    0.37700    -0.59600   3.22300    2.15700    -0.58600   39.43900
C-G        0.00000    0.00000    0.00000    0.00000    0.00000    0.00000    0.90400    -1.56400   3.20700    2.30100    -8.21100   32.14900
A-T        0.00000    0.00000    0.00000    0.00000    0.00000    0.00000    0.52900    -0.91300   3.45700    1.67600    -11.71500  37.48500
A-T        0.00000    0.00000    0.00000    0.00000    0.00000    0.00000    -0.15078   -0.17374   3.22430    -2.04753   0.38356    33.84730
T-A        0.00000    0.00000    0.00000    0.00000    0.00000    0.00000    -0.01185   -0.77496   3.29702    -0.77566   -2.23814   31.71244
T-A        0.00000    0.00000    0.00000    0.00000    0.00000    0.00000    -0.00619   -0.41166   3.27126    -0.63127   -1.45049   35.34694
T-A        0.00000    0.00000    0.00000    0.00000    0.00000    0.00000    -0.04453   -0.19700   3.19276    -0.56690   4.68225    31.98049
A-T        0.00000    0.00000    0.00000    0.00000    0.00000    0.00000    0.02376    -0.14302   3.20719    -0.40037   11.93895   26.43474
T-A        0.00000    0.00000    0.00000    0.00000    0.00000    0.00000    -0.04221   -0.74484   3.20883    0.43994    1.55433    29.14861
T-A        0.00000    0.00000    0.00000    0.00000    0.00000    0.00000    -0.02480   -0.32844   3.26410    1.23332    1.60507    32.69759
C-G        0.00000    0.00000    0.00000    0.00000    0.00000    0.00000    0.05728    -0.10175   3.26369    1.08541    2.15809    34.32358
G-C        0.00000    0.00000    0.00000    0.00000    0.00000    0.00000    0.34260    0.58734    3.28329    2.68351    7.24797    33.13196
C-G        0.00000    0.00000    0.00000    0.00000    0.00000    0.00000    -0.05734   -0.40248   3.23840    -0.59975   2.76707    31.31053
A-T        0.00000    0.00000    0.00000    0.00000    0.00000    0.00000    -0.11157   0.48952    3.25608    -1.00542   1.20692    34.61869
A-T        0.00000    0.00000    0.00000    0.00000    0.00000    0.00000    0.05531    -0.26909   3.27609    -0.58283   -1.56870   33.84958
A-T        0.00000    0.00000    0.00000    0.00000    0.00000    0.00000    -0.04639   -0.40544   3.23297    -1.59991   -1.77813   34.73018
G-C        0.00000    0.00000    0.00000    0.00000    0.00000    0.00000    0.01176    -0.52758   3.32117    -0.38913   4.38765    31.09545
G-C        0.00000    0.00000    0.00000    0.00000    0.00000    0.00000    -0.00990   -0.52866   3.41789    -1.73494   7.28509    32.03892
C-G        0.00000    0.00000    0.00000    0.00000    0.00000    0.00000    -0.00405   -0.58932   3.21484    -0.02359   5.63377    31.22204
C-G        0.00000    0.00000    0.00000    0.00000    0.00000    0.00000    -0.16519   -0.38074   3.28886    0.72810    6.92131    31.88758
G-C        0.00000    0.00000    0.00000    0.00000    0.00000    0.00000    0.23631    0.16927    3.02288    3.03396    8.09235    28.65345
G-C        0.00000    0.00000    0.00000    0.00000    0.00000    0.00000    0.55728    -0.32943   3.32200    4.08040    3.93315    32.04175
C-G        0.00000    0.00000    0.00000    0.00000    0.00000    0.00000    0.25256    -0.36660   3.23967    2.32349    1.66767    32.85482
C-G        0.00000    0.00000    0.00000    0.00000    0.00000    0.00000    0.30949    -0.26497   3.37513    2.33950    -0.18108   34.16999
C-G        0.00000    0.00000    0.00000    0.00000    0.00000    0.00000    0.04363    -0.26541   3.34936    0.57168    1.19978    32.86204
G-C        0.00000    0.00000    0.00000    0.00000    0.00000    0.00000    -0.30482   1.02426    3.32221    -3.22714   2.41580    34.06295
A-T        0.00000    0.00000    0.00000    0.00000    0.00000    0.00000    -0.27021   -0.05455   3.11552    -3.19282   0.05898    34.71343
C-G        0.00000    0.00000    0.00000    0.00000    0.00000    0.00000    0.14557    -0.49802   3.14911    -1.53352   3.85045    30.01712
A-T        0.00000    0.00000    0.00000    0.00000    0.00000    0.00000    -0.10685   -0.22978   3.29628    -1.29119   8.48377    31.60391
C-G        0.00000    0.00000    0.00000    0.00000    0.00000    0.00000    0.19893    -0.53376   3.17836    -0.38352   5.85228    29.03290
G-C        0.00000    0.00000    0.00000    0.00000    0.00000    0.00000    0.07618    0.44475    3.30093    2.48600    7.95508    33.17652
A-T        0.00000    0.00000    0.00000    0.00000    0.00000    0.00000    0.02668    -0.08004   3.16632    0.71476    0.77652    35.08789
C-G        0.00000    0.00000    0.00000    0.00000    0.00000    0.00000    -0.12688   -0.70255   3.23191    1.54280    3.05459    30.98083
T-A        0.00000    0.00000    0.00000    0.00000    0.00000    0.00000    0.14957    -0.81428   3.55821    1.55865    -0.57823   32.90955
T-A        0.00000    0.00000    0.00000    0.00000    0.00000    0.00000    -0.18563   -0.55876   3.24641    0.26246    -3.43971   29.36432
A-T        0.00000    0.00000    0.00000    0.00000    0.00000    0.00000    -0.04382   0.36060    3.34249    -0.45054   -1.98015   38.56680
C-G        0.00000    0.00000    0.00000    0.00000    0.00000    0.00000    -0.04910   -0.68027   3.26775    -0.95525   0.11541    31.47680
T-A        0.00000    0.00000    0.00000    0.00000    0.00000    0.00000    0.00186    -0.46479   3.32900    -1.26284   4.48970    31.45909
G-C        0.00000    0.00000    0.00000    0.00000    0.00000    0.00000    0.10667    -0.11136   3.37323    -2.84767   8.59816    32.33485
T-A        0.00000    0.00000    0.00000    0.00000    0.00000    0.00000    -0.08581   -0.61286   3.13403    -1.17847   5.45706    26.78817
A-T        0.00000    0.00000    0.00000    0.00000    0.00000    0.00000    0.19759    -1.27595   3.24880    -0.30127   17.92996   25.48814
G-C        0.00000    0.00000    0.00000    0.00000    0.00000    0.00000    -0.27898   -0.49227   3.16699    0.84254    7.55244    27.19004
G-C        0.00000    0.00000    0.00000    0.00000    0.00000    0.00000    -0.01704   -0.98838   3.55437    1.46628    5.62999    30.44996
T-A        0.00000    0.00000    0.00000    0.00000    0.00000    0.00000    0.17797    -0.53694   3.22453    1.90379    1.14787    29.89101
A-T        0.00000    0.00000    0.00000    0.00000    0.00000    0.00000    0.04813    -0.58544   3.35008    2.10028    2.51134    33.77013
T-A        0.00000    0.00000    0.00000    0.00000    0.00000    0.00000    -0.09454   -0.77490   3.22828    0.28074    -2.15578   29.60475
C-G        0.00000    0.00000    0.00000    0.00000    0.00000    0.00000    0.08335    -0.36251   3.33659    -1.04074   -1.46827   36.84910
T-A        0.00000    0.00000    0.00000    0.00000    0.00000    0.00000    0.04734    -0.35437   3.31686    -1.02544   2.64090    30.59542
C-G        0.00000    0.00000    0.00000    0.00000    0.00000    0.00000    -0.04463   -0.06889   3.33544    -1.56490   2.04300    34.07030
G-C        0.00000    0.00000    0.00000    0.00000    0.00000    0.00000    -0.06381   0.38394    3.22728    -2.83328   11.36382   27.49798
A-T        0.00000    0.00000    0.00000    0.00000    0.00000    0.00000    -0.24984   0.06880    3.22640    -3.20309   5.10966    32.27910
G-C        0.00000    0.00000    0.00000    0.00000    0.00000    0.00000    0.16698    -0.46270   3.27515    0.00566    5.43979    29.21011
C-G        0.00000    0.00000    0.00000    0.00000    0.00000    0.00000    0.03800    -0.58137   3.32474    0.54165    4.11002    33.48764
T-A        0.00000    0.00000    0.00000    0.00000    0.00000    0.00000    -0.11787   -0.39966   3.26857    1.30126    4.01295    29.74884
C-G        0.00000    0.00000    0.00000    0.00000    0.00000    0.00000    0.30047    0.15752    3.21397    3.69758    3.56804    33.32476
G-C        0.00000    0.00000    0.00000    0.00000    0.00000    0.00000    0.24014    0.80771    3.26894    2.06288    3.83978    32.51588
G-C        0.00000    0.00000    0.00000    0.00000    0.00000    0.00000    -0.04715   -0.35044   3.37800    1.73971    3.76127    30.80334
T-A        0.00000    0.00000    0.00000    0.00000    0.00000    0.00000    0.08350    -0.78779   3.21593    0.16688    1.81452    31.25513
C-G        0.00000    0.00000    0.00000    0.00000    0.00000    0.00000    0.06573    -0.10690   3.19851    0.24007    2.30315    33.53680
A-T        0.00000    0.00000    0.00000    0.00000    0.00000    0.00000    -0.37369   -0.07185   3.34022    -0.19387   6.32669    31.83311
T-A        0.00000    0.00000    0.00000    0.00000    0.00000    0.00000    0.01005    -0.50582   3.19142    -0.47697   2.74774    28.47990
G-C        0.00000    0.00000    0.00000    0.00000    0.00000    0.00000    -0.01434   -0.39208   3.45077    -1.90411   6.60718    32.88634
T-A        0.00000    0.00000    0.00000    0.00000    0.00000    0.00000    -0.00381   -0.73285   3.22967    -0.28965   2.34233    29.43848
T-A        0.00000    0.00000    0.00000    0.00000    0.00000    0.00000    0.04502    -0.23831   3.12739    0.22751    4.22702    30.32615
A-T        0.00000    0.00000    0.00000    0.00000    0.00000    0.00000    0.03009    -0.03377   3.26572    -0.00800   7.83769    29.97122
T-A        0.00000    0.00000    0.00000    0.00000    0.00000    0.00000    -0.01253   -0.73789   3.13615    0.72751    -0.07907   28.52249
A-T        0.00000    0.00000    0.00000    0.00000    0.00000    0.00000    -0.01469   0.10878    3.30113    1.69664    4.29387    32.42929
A-T        0.00000    0.00000    0.00000    0.00000    0.00000    0.00000    -0.03849   -0.22336   3.16701    0.27912    0.60410    32.23965
C-G        0.00000    0.00000    0.00000    0.00000    0.00000    0.00000    0.01284    -0.77925   3.35951    -0.05176   -0.70764   32.13484
G-C        0.00000    0.00000    0.00000    0.00000    0.00000    0.00000    0.15577    0.25971    3.23669    0.16593    5.81017    33.27569
G-C        0.00000    0.00000    0.00000    0.00000    0.00000    0.00000    0.07707    -0.24320   3.27198    0.16732    5.22832    30.28522
A-T        0.00000    0.00000    0.00000    0.00000    0.00000    0.00000    -0.03104   -0.19132   3.25301    -0.82545   1.21138    33.98555
G-C        0.00000    0.00000    0.00000    0.00000    0.00000    0.00000    -0.03196   -0.33652   3.26614    -0.69752   4.26201    29.97561
A-T        0.00000    0.00000    0.00000    0.00000    0.00000    0.00000    -0.09341   -0.36719   3.38873    -0.36536   2.07597    36.20069
T-A        0.00000    0.00000    0.00000    0.00000    0.00000    0.00000    -0.00353   -0.65299   3.22965    -0.20806   2.20571    29.97389
C-G        0.00000    0.00000    0.00000    0.00000    0.00000    0.00000    0.04584    -0.25254   3.26646    -0.00507   3.07486    34.32490
C-G        0.00000    0.00000    0.00000    0.00000    0.00000    0.00000    -0.23097   -0.26341   3.25579    -0.89348   7.48507    29.62945
G-C        0.00000    0.00000    0.00000    0.00000    0.00000    0.00000    0.02054    0.39275    3.25681    1.04310    9.07439    30.90980
C-G        0.00000    0.00000    0.00000    0.00000    0.00000    0.00000    0.11447    -0.53655   3.41502    1.25339    1.32559    34.36853
T-A        0.00000    0.00000    0.00000    0.00000    0.00000    0.00000    0.35716    -0.45909   3.41478    3.53262    0.86179    33.65611
T-A        0.00000    0.00000    0.00000    0.00000    0.00000    0.00000    0.04541    -0.41176   3.23227    0.55648    -3.10181   35.00849
T-A        0.00000    0.00000    0.00000    0.00000    0.00000    0.00000    -0.03897   -0.35989   3.24127    -0.35120   -2.44274   34.19177
A-T        0.00000    0.00000    0.00000    0.00000    0.00000    0.00000    -0.07122   0.44925    3.25296    -1.12398   -1.51233   34.82347
A-T        0.00000    0.00000    0.00000    0.00000    0.00000    0.00000    -0.01564   -0.21678   3.15939    -1.84887   1.68888    31.65522
C-G        0.00000    0.00000    0.00000    0.00000    0.00000    0.00000    -0.00997   -0.71454   3.24815    -1.16247   2.51061    29.94925
A-T        0.00000    0.00000    0.00000    0.00000    0.00000    0.00000    -0.07863   -0.23718   3.30210    -0.71360   7.99386    31.67317
C-G        0.00000    0.00000    0.00000    0.00000    0.00000    0.00000    0.11400    -0.65900   3.26166    0.37777    3.22265    29.72396
T-A        0.00000    0.00000    0.00000    0.00000    0.00000    0.00000    0.11070    -0.69897   3.51842    0.47615    4.59934    32.97821
T-A        0.00000    0.00000    0.00000    0.00000    0.00000    0.00000    0.04481    -0.40547   3.22681    1.06325    -0.40086   34.39184
T-A        0.00000    0.00000    0.00000    0.00000    0.00000    0.00000    -0.01869   -0.30730   3.22335    0.64727    -0.58831   33.66626
A-T        0.00000    0.00000    0.00000    0.00000    0.00000    0.00000    0.05068    0.27772    3.35751    0.44204    -0.05041   36.29167
T-A        0.00000    0.00000    0.00000    0.00000    0.00000    0.00000    -0.01717   -0.74791   3.19845    0.19640    0.64645    27.58406
G-C        0.00000    0.00000    0.00000    0.00000    0.00000    0.00000    0.01245    -0.25531   3.30547    0.17646    5.40011    37.12766
C-G        0.00000    0.00000    0.00000    0.00000    0.00000    0.00000    0.23070    -0.42867   3.22493    -2.30066   2.20445    32.29234
T-A        0.00000    0.00000    0.00000    0.00000    0.00000    0.00000    -0.03509   -0.47074   3.38374    -0.48759   2.59336    33.18125
T-A        0.00000    0.00000    0.00000    0.00000    0.00000    0.00000    -0.08681   -0.24109   3.18009    -1.05793   3.86020    32.30815
C-G        0.00000    0.00000    0.00000    0.00000    0.00000    0.00000    -0.00102   -0.29793   3.24133    -0.81283   6.42498    32.00693
C-G        0.00000    0.00000    0.00000    0.00000    0.00000    0.00000    -0.39169   -0.25226   3.24204    -1.92845   8.85893    29.26706
G-C        0.00000    0.00000    0.00000    0.00000    0.00000    0.00000    0.10515    0.15476    3.02638    1.66105    8.95531    28.34570
G-C        0.00000    0.00000    0.00000    0.00000    0.00000    0.00000    0.48899    -0.32823   3.30278    3.44562    5.17291    31.72770
C-G        0.00000    0.00000    0.00000    0.00000    0.00000    0.00000    0.28692    -0.61129   3.29467    1.87900    2.09442    32.29692
T-A        0.00000    0.00000    0.00000    0.00000    0.00000    0.00000    -0.00958   -0.19699   3.26547    2.12089    0.02967    31.18997
C-G        0.00000    0.00000    0.00000    0.00000    0.00000    0.00000    0.19654    0.22381    3.25237    1.66659    0.23636    35.49825
G-C        0.00000    0.00000    0.00000    0.00000    0.00000    0.00000    -0.04020   0.44194    3.24569    -1.62297   1.08936    34.87754
T-A        0.00000    0.00000    0.00000    0.00000    0.00000    0.00000    0.21104    -0.57015   3.23854    -1.36845   1.74385    31.35459
A-T        0.00000    0.00000    0.00000    0.00000    0.00000    0.00000    -0.05767   -0.64699   3.37401    -1.71359   5.11959    33.29832
T-A        0.00000    0.00000    0.00000    0.00000    0.00000    0.00000    0.00066    -0.74455   3.12735    -1.41548   0.63745    28.47605
A-T        0.00000    0.00000    0.00000    0.00000    0.00000    0.00000    -0.05475   -0.12602   3.22226    -0.51476   11.42289   27.41731
A-T        0.00000    0.00000    0.00000    0.00000    0.00000    0.00000    -0.01460   -0.31162   3.20873    -0.03754   6.83804    32.10105
T-A        0.00000    0.00000    0.00000    0.00000    0.00000    0.00000    -0.02060   -0.64444   3.23468    1.00582    2.41354    29.43047
G-C        0.00000    0.00000    0.00000    0.00000    0.00000    0.00000    0.08138    -0.34901   3.40781    1.91969    7.92430    32.98098
T-A        0.00000    0.00000    0.00000    0.00000    0.00000    0.00000    0.23821    -0.52263   3.18515    2.79351    0.87553    28.17588
G-C        0.00000    0.00000    0.00000    0.00000    0.00000    0.00000    0.09308    -0.09992   3.27748    2.69444    2.36043    34.38652
T-A        0.00000    0.00000    0.00000    0.00000    0.00000    0.00000    -0.10160   -0.56733   3.20530    0.56377    0.32042    30.66801
C-G        0.00000    0.00000    0.00000    0.00000    0.00000    0.00000    0.05747    -0.06472   3.15626    0.56620    -1.29339   35.48084
G-C        0.00000    0.00000    0.00000    0.00000    0.00000    0.00000    -0.09206   0.54822    3.17656    -3.62736   3.61775    30.28164
A-T        0.00000    0.00000    0.00000    0.00000    0.00000    0.00000    -0.27729   -0.05900   3.10954    -3.31004   -0.00694   34.45215
C-G        0.00000    0.00000    0.00000    0.00000    0.00000    0.00000    -0.01742   -0.74998   3.20236    -1.73348   3.03265    30.81628
C-G        0.00000    0.00000    0.00000    0.00000    0.00000    0.00000    0.20858    -0.75841   3.32828    -1.19461   9.71937    28.31675
A-T        0.00000    0.00000    0.00000    0.00000    0.00000    0.00000    0.42931    -0.10642   3.32247    -1.01428   17.55347   25.31696
A-T        0.00000    0.00000    0.00000    0.00000    0.00000    0.00000    0.05578    -0.19265   3.24804    1.19701    4.37466    32.04715
A-T        0.00000    0.00000    0.00000    0.00000    0.00000    0.00000    0.00756    -0.40363   3.27405    0.99296    -1.37370   35.47281
T-A        0.00000    0.00000    0.00000    0.00000    0.00000    0.00000    -0.00267   -0.72509   3.25191    1.63898    0.12318    29.94407
G-C        0.00000    0.00000    0.00000    0.00000    0.00000    0.00000    -0.52900   -0.91300   3.45800    -1.68400   -11.70400  37.46900
T-A        0.00000    0.00000    0.00000    0.00000    0.00000    0.00000    -0.90500   -1.56500   3.20700    -2.32900   -8.23400   32.16600
G-C        0.00000    0.00000    0.00000    0.00000    0.00000    0.00000    -0.37700   -0.59600   3.22500    -2.12100   -0.58700   39.44300
A-T        0.00000    0.00000    0.00000    0.00000    0.00000    0.00000    0.13400    -1.01800   3.04900    2.58900    -6.06800   32.10200
G-C        0.00000    0.00000    0.00000    0.00000    0.00000    0.00000    0.92800    -0.52700   2.87900    -1.17100   -8.58500   33.49000
C-G        0.00000    0.00000    0.00000    0.00000    0.00000    0.00000    -0.67600   -0.12400   3.12600    12.53400   -5.63600   33.19400
G-C        0.00000    0.00000    0.00000    0.00000    0.00000    0.00000    0.05000    1.55100    5.41100    0.14800    60.11900   13.23800
C-G        0.00000    0.00000    0.00000    0.00000    0.00000    0.00000    0.71700    -0.08600   3.08700    -11.67300  -4.90200   33.30300
T-A        0.00000    0.00000    0.00000    0.00000    0.00000    0.00000    -0.96000   -0.48200   2.89500    0.89000    -7.57200   33.58000
C-G        0.00000    0.00000    0.00000    0.00000    0.00000    0.00000    -0.12100   -0.98300   3.10500    -2.86700   -6.38300   31.80500
A-T        0.00000    0.00000    0.00000    0.00000    0.00000    0.00000    0.32200    -0.59300   3.18200    1.64400    -0.34400   39.44100
C-G        0.00000    0.00000    0.00000    0.00000    0.00000    0.00000    0.92800    -1.59400   3.28000    2.05300    -8.66400   31.95900
A-T        0.00000    0.00000    0.00000    0.00000    0.00000    0.00000    0.27000    -1.09600   3.26800    -0.64500   -9.98600   39.97600
