147 # base pairs
  0 # ***local base-pair & step parameters***
#          Shear      Stretch    Stagger    Buckle     Prop-Tw    Opening    Shift      Slide      Rise       Tilt       Roll       Twist
A-T        0.00000    0.00000    0.00000    0.00000    0.00000    0.00000    0.00000    0.00000    0.00000    0.00000    0.00000    0.00000
G-C        0.00000    0.00000    0.00000    0.00000    0.00000    0.00000    -0.27100   -1.09500   3.26800    0.63200    -9.98900   39.97400
T-A        0.00000    0.00000    0.00000    0.00000    0.00000    0.00000    -0.92900   -1.59400   3.27900    -2.06100   -8.63900   31.93600
G-C        0.00000    0.00000    0.00000    0.00000    0.00000    0.00000    -0.32200   -0.59300   3.18200    -1.67200   -0.37400   39.43800
A-T        0.00000    0.00000    0.00000    0.00000    0.00000    0.00000    0.12100    -0.98400   3.10400    2.85600    -6.40100   31.82500
G-C        0.00000    0.00000    0.00000    0.00000    0.00000    0.00000    0.96000    -0.48500   2.89700    -0.88600   -7.60300   33.57600
C-G        0.00000    0.00000    0.00000    0.00000    0.00000    0.00000    -0.71600   -0.08700   3.08600    11.72100   -4.90400   33.29400
G-C        0.00000    0.00000    0.00000    0.00000    0.00000    0.00000    -0.04900   1.55300    5.41100    -0.15300   60.13400   13.21100
C-G        0.00000    0.00000    0.00000    0.00000    0.00000    0.00000    0.67500    -0.12200   3.12500    -12.52100  -5.64000   33.20500
T-A        0.00000    0.00000    0.00000    0.00000    0.00000    0.00000    -0.92800   -0.52700   2.87800    1.17200    -8.55900   33.49500
C-G        0.00000    0.00000    0.00000    0.00000    0.00000    0.00000    -0.13300   -1.01800   3.05100    -2.62600   -6.07500   32.10600
A-T        0.00000    0.00000    0.00000    0.00000    0.00000    0.00000    0.37700    -0.59600   3.22300    2.15700    -0.58600   39.43900
C-G        0.00000    0.00000    0.00000    0.00000    0.00000    0.00000    0.90400    -1.56400   3.20700    2.30100    -8.21100   32.14900
A-T        0.00000    0.00000    0.00000    0.00000    0.00000    0.00000    0.52900    -0.91300   3.45700    1.67600    -11.71500  37.48500
A-T        0.00000    0.00000    0.00000    0.00000    0.00000    0.00000    -0.16865   -0.17715   3.22130    -2.32410   0.31062    33.66881
T-A        0.00000    0.00000    0.00000    0.00000    0.00000    0.00000    -0.01394   -0.77604   3.29471    -0.87956   -2.18616   31.59592
T-A        0.00000    0.00000    0.00000    0.00000    0.00000    0.00000    -0.00604   -0.41154   3.27245    -0.71481   -1.27829   35.25887
T-A        0.00000    0.00000    0.00000    0.00000    0.00000    0.00000    -0.04382   -0.18586   3.18616    -0.59116   5.29081    31.68214
A-T        0.00000    0.00000    0.00000    0.00000    0.00000    0.00000    0.02946    -0.17916   3.19004    -0.32203   13.02047   25.34916
T-A        0.00000    0.00000    0.00000    0.00000    0.00000    0.00000    -0.03764   -0.74952   3.20485    0.56524    1.79117    28.94275
T-A        0.00000    0.00000    0.00000    0.00000    0.00000    0.00000    -0.02078   -0.33314   3.26471    1.37903    1.66293    32.55263
C-G        0.00000    0.00000    0.00000    0.00000    0.00000    0.00000    0.06412    -0.11086   3.26197    1.18375    2.07731    34.22301
G-C        0.00000    0.00000    0.00000    0.00000    0.00000    0.00000    0.35592    0.58669    3.27637    2.81677    6.99263    33.09095
C-G        0.00000    0.00000    0.00000    0.00000    0.00000    0.00000    -0.06041   -0.40160   3.23760    -0.62251   2.72767    31.28167
A-T        0.00000    0.00000    0.00000    0.00000    0.00000    0.00000    -0.13621   0.48953    3.25013    -1.19519   1.03611    34.51212
A-T        0.00000    0.00000    0.00000    0.00000    0.00000    0.00000    0.04626    -0.27010   3.27478    -0.69111   -1.58288   33.71922
A-T        0.00000    0.00000    0.00000    0.00000    0.00000    0.00000    -0.04755   -0.40673   3.23100    -1.66657   -1.66943   34.61648
G-C        0.00000    0.00000    0.00000    0.00000    0.00000    0.00000    0.01322    -0.52856   3.31743    -0.38927   4.56504    30.93211
G-C        0.00000    0.00000    0.00000    0.00000    0.00000    0.00000    0.00313    -0.54101   3.41488    -1.69971   7.53369    31.78814
C-G        0.00000    0.00000    0.00000    0.00000    0.00000    0.00000    0.01873    -0.59969   3.21148    0.11989    5.75626    31.03477
C-G        0.00000    0.00000    0.00000    0.00000    0.00000    0.00000    -0.15227   -0.39326   3.28664    0.86532    6.98821    31.77357
G-C        0.00000    0.00000    0.00000    0.00000    0.00000    0.00000    0.25403    0.15443    3.01578    3.19046    8.04863    28.47381
G-C        0.00000    0.00000    0.00000    0.00000    0.00000    0.00000    0.56806    -0.34459   3.32299    4.17127    3.83542    31.93238
C-G        0.00000    0.00000    0.00000    0.00000    0.00000    0.00000    0.23912    -0.37124   3.23829    2.25353    1.60366    32.74544
C-G        0.00000    0.00000    0.00000    0.00000    0.00000    0.00000    0.28788    -0.27403   3.37328    2.19073    -0.17857   34.04597
C-G        0.00000    0.00000    0.00000    0.00000    0.00000    0.00000    0.02395    -0.26888   3.34581    0.40828    1.24729    32.66201
G-C        0.00000    0.00000    0.00000    0.00000    0.00000    0.00000    -0.31290   1.00762    3.31691    -3.27181   2.56580    33.85976
A-T        0.00000    0.00000    0.00000    0.00000    0.00000    0.00000    -0.26903   -0.05330   3.11286    -3.18099   0.11905    34.60774
C-G        0.00000    0.00000    0.00000    0.00000    0.00000    0.00000    0.15403    -0.49715   3.14667    -1.47049   3.90618    29.90724
A-T        0.00000    0.00000    0.00000    0.00000    0.00000    0.00000    -0.09269   -0.23201   3.29359    -1.15874   8.50148    31.43665
C-G        0.00000    0.00000    0.00000    0.00000    0.00000    0.00000    0.20934    -0.53585   3.18028    -0.31362   5.69775    28.93135
G-C        0.00000    0.00000    0.00000    0.00000    0.00000    0.00000    0.08191    0.43751    3.29747    2.47733    7.72180    33.07158
A-T        0.00000    0.00000    0.00000    0.00000    0.00000    0.00000    0.01992    -0.08219   3.16405    0.60585    0.71349    35.00361
C-G        0.00000    0.00000    0.00000    0.00000    0.00000    0.00000    -0.12585   -0.71027   3.23112    1.43494    3.02632    30.86567
T-A        0.00000    0.00000    0.00000    0.00000    0.00000    0.00000    0.14821    -0.81711   3.55623    1.34812    -0.43352   32.75211
T-A        0.00000    0.00000    0.00000    0.00000    0.00000    0.00000    -0.18942   -0.55714   3.24320    0.25109    -3.06263   29.08244
A-T        0.00000    0.00000    0.00000    0.00000    0.00000    0.00000    -0.05244   0.27692    3.33193    -0.44516   -0.68891   37.42870
C-G        0.00000    0.00000    0.00000    0.00000    0.00000    0.00000    -0.04630   -0.67902   3.26261    -0.78450   0.36198    31.33007
T-A        0.00000    0.00000    0.00000    0.00000    0.00000    0.00000    -0.00839   -0.47526   3.32324    -0.87007   4.56393    31.22295
G-C        0.00000    0.00000    0.00000    0.00000    0.00000    0.00000    0.11378    -0.09590   3.36950    -2.52260   8.32125    32.34909
T-A        0.00000    0.00000    0.00000    0.00000    0.00000    0.00000    -0.06474   -0.60601   3.13462    -1.02132   5.03599    26.94964
A-T        0.00000    0.00000    0.00000    0.00000    0.00000    0.00000    0.18981    -1.13797   3.24725    -0.22885   16.16272   26.37932
G-C        0.00000    0.00000    0.00000    0.00000    0.00000    0.00000    -0.25179   -0.49306   3.16969    0.65088    6.99754    27.15291
G-C        0.00000    0.00000    0.00000    0.00000    0.00000    0.00000    -0.02875   -1.00521   3.55404    1.16228    5.33216    30.24156
T-A        0.00000    0.00000    0.00000    0.00000    0.00000    0.00000    0.16489    -0.53117   3.22397    1.55896    1.15648    29.80338
A-T        0.00000    0.00000    0.00000    0.00000    0.00000    0.00000    0.03470    -0.61324   3.35310    1.77732    3.11282    33.44392
T-A        0.00000    0.00000    0.00000    0.00000    0.00000    0.00000    -0.09137   -0.76860   3.22350    0.21674    -1.58872   29.29946
C-G        0.00000    0.00000    0.00000    0.00000    0.00000    0.00000    0.08288    -0.36430   3.34411    -0.87865   -0.88870   36.69008
T-A        0.00000    0.00000    0.00000    0.00000    0.00000    0.00000    0.04296    -0.34721   3.30713    -0.79021   3.01270    30.40114
C-G        0.00000    0.00000    0.00000    0.00000    0.00000    0.00000    0.01232    -0.02408   3.31401    -0.74553   2.31759    33.87467
G-C        0.00000    0.00000    0.00000    0.00000    0.00000    0.00000    -0.03747   0.40241    3.22375    -2.02376   10.75963   27.63267
A-T        0.00000    0.00000    0.00000    0.00000    0.00000    0.00000    -0.20949   0.06212    3.23942    -2.61156   4.50164    32.60662
G-C        0.00000    0.00000    0.00000    0.00000    0.00000    0.00000    0.15627    -0.43479   3.27588    -0.05660   4.63752    29.38980
C-G        0.00000    0.00000    0.00000    0.00000    0.00000    0.00000    0.02742    -0.56490   3.33431    0.35053    3.71169    33.67880
T-A        0.00000    0.00000    0.00000    0.00000    0.00000    0.00000    -0.11095   -0.39707   3.27289    0.85932    3.71220    29.71693
C-G        0.00000    0.00000    0.00000    0.00000    0.00000    0.00000    0.23891    0.09556    3.23616    2.80230    3.51733    33.23964
G-C        0.00000    0.00000    0.00000    0.00000    0.00000    0.00000    0.21291    0.73291    3.25087    1.54683    4.35432    32.04288
G-C        0.00000    0.00000    0.00000    0.00000    0.00000    0.00000    -0.06664   -0.27964   3.31487    -0.96076   2.91761    31.64287
G-C        0.00000    0.00000    0.00000    0.00000    0.00000    0.00000    -0.07244   -0.29195   3.32894    0.17785    5.67468    31.60202
A-T        0.00000    0.00000    0.00000    0.00000    0.00000    0.00000    -0.07409   -0.27043   3.29975    -0.04254   0.55136    35.42712
T-A        0.00000    0.00000    0.00000    0.00000    0.00000    0.00000    0.00155    -0.63770   3.24204    -0.27218   1.04027    30.34334
C-G        0.00000    0.00000    0.00000    0.00000    0.00000    0.00000    0.05550    -0.25923   3.28405    -0.69835   1.36379    35.02588
C-G        0.00000    0.00000    0.00000    0.00000    0.00000    0.00000    -0.29783   -0.24559   3.25864    -2.00776   7.18528    29.77796
G-C        0.00000    0.00000    0.00000    0.00000    0.00000    0.00000    -0.17368   0.29362    3.22460    -0.31899   10.58665   30.06208
T-A        0.00000    0.00000    0.00000    0.00000    0.00000    0.00000    -0.15781   -0.66874   3.23243    -1.56523   1.52316    29.46010
C-G        0.00000    0.00000    0.00000    0.00000    0.00000    0.00000    0.12796    -0.13290   3.17056    1.27404    4.27399    32.14002
A-T        0.00000    0.00000    0.00000    0.00000    0.00000    0.00000    -0.31875   -0.59992   3.37277    3.86686    7.92128    29.47353
T-A        0.00000    0.00000    0.00000    0.00000    0.00000    0.00000    -0.01692   -0.51011   3.19511    0.26985    2.38506    28.56967
G-C        0.00000    0.00000    0.00000    0.00000    0.00000    0.00000    -0.01305   -0.34359   3.39697    -0.30048   4.05189    34.05837
T-A        0.00000    0.00000    0.00000    0.00000    0.00000    0.00000    -0.03711   -0.66556   3.27557    -0.07667   0.27778    30.92698
T-A        0.00000    0.00000    0.00000    0.00000    0.00000    0.00000    0.02510    -0.21180   3.17178    0.40082    0.27400    32.31716
A-T        0.00000    0.00000    0.00000    0.00000    0.00000    0.00000    0.02551    0.19743    3.32049    -1.13255   2.68879    33.84130
T-A        0.00000    0.00000    0.00000    0.00000    0.00000    0.00000    0.01865    -0.72738   3.14553    -0.51689   -0.80533   28.70547
A-T        0.00000    0.00000    0.00000    0.00000    0.00000    0.00000    -0.01868   0.06472    3.29857    -0.06504   5.13941    32.14242
A-T        0.00000    0.00000    0.00000    0.00000    0.00000    0.00000    -0.01942   -0.23004   3.14538    -0.79771   2.75935    31.01588
C-G        0.00000    0.00000    0.00000    0.00000    0.00000    0.00000    0.02559    -0.81013   3.30885    -0.51219   1.91782    31.22419
G-C        0.00000    0.00000    0.00000    0.00000    0.00000    0.00000    0.17429    0.29772    3.22428    0.23963    10.97771   29.89663
G-C        0.00000    0.00000    0.00000    0.00000    0.00000    0.00000    0.32038    -0.24493   3.25796    2.15220    7.41573    29.81526
A-T        0.00000    0.00000    0.00000    0.00000    0.00000    0.00000    0.12427    -0.23289   3.22595    1.21666    3.97727    34.25502
C-G        0.00000    0.00000    0.00000    0.00000    0.00000    0.00000    -0.09960   -0.70387   3.23031    0.78829    2.75236    30.85990
T-A        0.00000    0.00000    0.00000    0.00000    0.00000    0.00000    0.14871    -0.78950   3.54525    0.25552    0.55863    32.62368
T-A        0.00000    0.00000    0.00000    0.00000    0.00000    0.00000    0.04585    -0.41416   3.22846    0.31612    -2.46434   34.79387
T-A        0.00000    0.00000    0.00000    0.00000    0.00000    0.00000    -0.03369   -0.33269   3.23661    -0.34750   -1.48453   33.97002
A-T        0.00000    0.00000    0.00000    0.00000    0.00000    0.00000    -0.04420   0.37284    3.26491    -0.85232   0.06866    34.44807
A-T        0.00000    0.00000    0.00000    0.00000    0.00000    0.00000    -0.00965   -0.22158   3.15652    -1.43276   1.94637    31.56375
C-G        0.00000    0.00000    0.00000    0.00000    0.00000    0.00000    0.00204    -0.71634   3.24971    -0.80975   2.24543    30.00309
A-T        0.00000    0.00000    0.00000    0.00000    0.00000    0.00000    -0.05925   -0.23331   3.30451    -0.54901   7.45683    31.89608
C-G        0.00000    0.00000    0.00000    0.00000    0.00000    0.00000    0.09863    -0.66963   3.26939    0.33810    2.85325    29.83022
T-A        0.00000    0.00000    0.00000    0.00000    0.00000    0.00000    0.11212    -0.71596   3.52317    0.32176    3.95406    32.90729
T-A        0.00000    0.00000    0.00000    0.00000    0.00000    0.00000    0.04104    -0.40915   3.22640    0.85537    -0.57910   34.38949
T-A        0.00000    0.00000    0.00000    0.00000    0.00000    0.00000    -0.02542   -0.30104   3.22406    0.46787    -0.41477   33.64141
A-T        0.00000    0.00000    0.00000    0.00000    0.00000    0.00000    0.04593    0.26889    3.34645    0.19973    0.82731    35.64022
T-A        0.00000    0.00000    0.00000    0.00000    0.00000    0.00000    -0.00995   -0.74726   3.19174    0.17062    1.02803    27.51336
G-C        0.00000    0.00000    0.00000    0.00000    0.00000    0.00000    0.01465    -0.25823   3.30842    0.22518    5.54073    37.07579
C-G        0.00000    0.00000    0.00000    0.00000    0.00000    0.00000    0.23869    -0.43158   3.22700    -2.02481   2.32362    32.29367
T-A        0.00000    0.00000    0.00000    0.00000    0.00000    0.00000    0.01591    -0.47180   3.38876    0.00623    2.43395    33.24586
T-A        0.00000    0.00000    0.00000    0.00000    0.00000    0.00000    -0.07836   -0.24551   3.18278    -0.88639   3.55023    32.46270
C-G        0.00000    0.00000    0.00000    0.00000    0.00000    0.00000    0.00433    -0.29696   3.25136    -0.72188   5.76756    32.34993
C-G        0.00000    0.00000    0.00000    0.00000    0.00000    0.00000    -0.38759   -0.24722   3.24509    -1.94818   8.54518    29.41208
G-C        0.00000    0.00000    0.00000    0.00000    0.00000    0.00000    0.06501    0.16669    3.02784    1.28987    8.65430    28.47298
G-C        0.00000    0.00000    0.00000    0.00000    0.00000    0.00000    0.45397    -0.32345   3.30343    3.04153    5.15542    31.84255
C-G        0.00000    0.00000    0.00000    0.00000    0.00000    0.00000    0.26700    -0.60927   3.29355    1.64361    2.18034    32.29400
T-A        0.00000    0.00000    0.00000    0.00000    0.00000    0.00000    -0.01072   -0.20698   3.26714    1.96340    0.43601    31.10241
C-G        0.00000    0.00000    0.00000    0.00000    0.00000    0.00000    0.21348    0.22422    3.24816    1.87444    0.58308    35.31012
G-C        0.00000    0.00000    0.00000    0.00000    0.00000    0.00000    -0.01890   0.44492    3.24751    -1.26643   1.32599    34.81563
T-A        0.00000    0.00000    0.00000    0.00000    0.00000    0.00000    0.21737    -0.57217   3.23868    -1.19446   1.72996    31.34774
A-T        0.00000    0.00000    0.00000    0.00000    0.00000    0.00000    -0.05029   -0.64223   3.37335    -1.53337   4.82601    33.40503
T-A        0.00000    0.00000    0.00000    0.00000    0.00000    0.00000    -0.00173   -0.74450   3.13181    -1.36519   0.43539    28.55604
A-T        0.00000    0.00000    0.00000    0.00000    0.00000    0.00000    -0.06222   -0.12021   3.23353    -0.56745   10.71759   28.03278
A-T        0.00000    0.00000    0.00000    0.00000    0.00000    0.00000    -0.02251   -0.31481   3.21029    -0.14761   6.58005    32.19566
T-A        0.00000    0.00000    0.00000    0.00000    0.00000    0.00000    -0.02635   -0.64118   3.23534    0.89946    2.39438    29.47841
G-C        0.00000    0.00000    0.00000    0.00000    0.00000    0.00000    0.07590    -0.33420   3.41313    1.78263    8.08140    33.03545
T-A        0.00000    0.00000    0.00000    0.00000    0.00000    0.00000    0.24029    -0.51650   3.18289    2.73549    1.02316    28.18420
G-C        0.00000    0.00000    0.00000    0.00000    0.00000    0.00000    0.10491    -0.09138   3.27771    2.73891    2.54084    34.37261
T-A        0.00000    0.00000    0.00000    0.00000    0.00000    0.00000    -0.09041   -0.56355   3.20504    0.65743    0.37938    30.69252
C-G        0.00000    0.00000    0.00000    0.00000    0.00000    0.00000    0.07216    -0.06438   3.15518    0.70278    -1.31552   35.49543
G-C        0.00000    0.00000    0.00000    0.00000    0.00000    0.00000    -0.08051   0.54900    3.17617    -3.46944   3.19778    30.49701
A-T        0.00000    0.00000    0.00000    0.00000    0.00000    0.00000    -0.27687   -0.06035   3.11112    -3.31741   -0.09654   34.51687
C-G        0.00000    0.00000    0.00000    0.00000    0.00000    0.00000    -0.01977   -0.75055   3.20440    -1.81835   2.95856    30.87270
C-G        0.00000    0.00000    0.00000    0.00000    0.00000    0.00000    0.19634    -0.75801   3.32751    -1.36179   9.71449    28.36136
A-T        0.00000    0.00000    0.00000    0.00000    0.00000    0.00000    0.41731    -0.11695   3.32332    -1.22047   17.82134   25.15665
A-T        0.00000    0.00000    0.00000    0.00000    0.00000    0.00000    0.04242    -0.18442   3.24623    1.14280    4.66187    31.97530
A-T        0.00000    0.00000    0.00000    0.00000    0.00000    0.00000    0.00672    -0.40051   3.27520    1.02395    -1.19778   35.45482
T-A        0.00000    0.00000    0.00000    0.00000    0.00000    0.00000    -0.00266   -0.71748   3.24978    1.74918    0.30144    29.91659
G-C        0.00000    0.00000    0.00000    0.00000    0.00000    0.00000    -0.52900   -0.91300   3.45800    -1.68400   -11.70400  37.46900
T-A        0.00000    0.00000    0.00000    0.00000    0.00000    0.00000    -0.90500   -1.56500   3.20700    -2.32900   -8.23400   32.16600
G-C        0.00000    0.00000    0.00000    0.00000    0.00000    0.00000    -0.37700   -0.59600   3.22500    -2.12100   -0.58700   39.44300
A-T        0.00000    0.00000    0.00000    0.00000    0.00000    0.00000    0.13400    -1.01800   3.04900    2.58900    -6.06800   32.10200
G-C        0.00000    0.00000    0.00000    0.00000    0.00000    0.00000    0.92800    -0.52700   2.87900    -1.17100   -8.58500   33.49000
C-G        0.00000    0.00000    0.00000    0.00000    0.00000    0.00000    -0.67600   -0.12400   3.12600    12.53400   -5.63600   33.19400
G-C        0.00000    0.00000    0.00000    0.00000    0.00000    0.00000    0.05000    1.55100    5.41100    0.14800    60.11900   13.23800
C-G        0.00000    0.00000    0.00000    0.00000    0.00000    0.00000    0.71700    -0.08600   3.08700    -11.67300  -4.90200   33.30300
T-A        0.00000    0.00000    0.00000    0.00000    0.00000    0.00000    -0.96000   -0.48200   2.89500    0.89000    -7.57200   33.58000
C-G        0.00000    0.00000    0.00000    0.00000    0.00000    0.00000    -0.12100   -0.98300   3.10500    -2.86700   -6.38300   31.80500
A-T        0.00000    0.00000    0.00000    0.00000    0.00000    0.00000    0.32200    -0.59300   3.18200    1.64400    -0.34400   39.44100
C-G        0.00000    0.00000    0.00000    0.00000    0.00000    0.00000    0.92800    -1.59400   3.28000    2.05300    -8.66400   31.95900
A-T        0.00000    0.00000    0.00000    0.00000    0.00000    0.00000    0.27000    -1.09600   3.26800    -0.64500   -9.98600   39.97600
