147 # base pairs
  0 # ***local base-pair & step parameters***
#          Shear      Stretch    Stagger    Buckle     Prop-Tw    Opening    Shift      Slide      Rise       Tilt       Roll       Twist
A-T        0.00000    0.00000    0.00000    0.00000    0.00000    0.00000    0.00000    0.00000    0.00000    0.00000    0.00000    0.00000
G-C        0.00000    0.00000    0.00000    0.00000    0.00000    0.00000    -0.27100   -1.09500   3.26800    0.63200    -9.98900   39.97400
T-A        0.00000    0.00000    0.00000    0.00000    0.00000    0.00000    -0.92900   -1.59400   3.27900    -2.06100   -8.63900   31.93600
G-C        0.00000    0.00000    0.00000    0.00000    0.00000    0.00000    -0.32200   -0.59300   3.18200    -1.67200   -0.37400   39.43800
A-T        0.00000    0.00000    0.00000    0.00000    0.00000    0.00000    0.12100    -0.98400   3.10400    2.85600    -6.40100   31.82500
G-C        0.00000    0.00000    0.00000    0.00000    0.00000    0.00000    0.96000    -0.48500   2.89700    -0.88600   -7.60300   33.57600
C-G        0.00000    0.00000    0.00000    0.00000    0.00000    0.00000    -0.71600   -0.08700   3.08600    11.72100   -4.90400   33.29400
G-C        0.00000    0.00000    0.00000    0.00000    0.00000    0.00000    -0.04900   1.55300    5.41100    -0.15300   60.13400   13.21100
C-G        0.00000    0.00000    0.00000    0.00000    0.00000    0.00000    0.67500    -0.12200   3.12500    -12.52100  -5.64000   33.20500
T-A        0.00000    0.00000    0.00000    0.00000    0.00000    0.00000    -0.92800   -0.52700   2.87800    1.17200    -8.55900   33.49500
C-G        0.00000    0.00000    0.00000    0.00000    0.00000    0.00000    -0.13300   -1.01800   3.05100    -2.62600   -6.07500   32.10600
A-T        0.00000    0.00000    0.00000    0.00000    0.00000    0.00000    0.37700    -0.59600   3.22300    2.15700    -0.58600   39.43900
C-G        0.00000    0.00000    0.00000    0.00000    0.00000    0.00000    0.90400    -1.56400   3.20700    2.30100    -8.21100   32.14900
A-T        0.00000    0.00000    0.00000    0.00000    0.00000    0.00000    0.52900    -0.91300   3.45700    1.67600    -11.71500  37.48500
A-T        0.00000    0.00000    0.00000    0.00000    0.00000    0.00000    0.00869    -0.34048   3.22440    -1.25885   -0.60868   33.07624
T-A        0.00000    0.00000    0.00000    0.00000    0.00000    0.00000    0.00440    -0.69507   3.20005    -0.94644   1.01691    28.90428
T-A        0.00000    0.00000    0.00000    0.00000    0.00000    0.00000    -0.04029   -0.30081   3.20893    -1.12884   2.85964    32.01020
T-A        0.00000    0.00000    0.00000    0.00000    0.00000    0.00000    -0.02943   -0.28978   3.20396    -0.54441   3.86771    31.65153
A-T        0.00000    0.00000    0.00000    0.00000    0.00000    0.00000    0.02046    -0.74253   3.27834    0.52504    13.59586   27.56003
T-A        0.00000    0.00000    0.00000    0.00000    0.00000    0.00000    0.00146    -0.69043   3.18722    0.74605    2.15240    28.59314
T-A        0.00000    0.00000    0.00000    0.00000    0.00000    0.00000    -0.00312   -0.31946   3.21660    1.32019    1.21804    32.57474
C-G        0.00000    0.00000    0.00000    0.00000    0.00000    0.00000    0.15298    -0.15058   3.24563    1.88871    1.65497    34.32919
G-C        0.00000    0.00000    0.00000    0.00000    0.00000    0.00000    0.12761    0.41016    3.27280    2.02485    4.25677    32.83083
C-G        0.00000    0.00000    0.00000    0.00000    0.00000    0.00000    0.01118    -0.39063   3.28127    0.21547    0.99210    32.31938
A-T        0.00000    0.00000    0.00000    0.00000    0.00000    0.00000    -0.09907   0.23427    3.27705    -0.78415   3.29051    33.95661
A-T        0.00000    0.00000    0.00000    0.00000    0.00000    0.00000    0.00830    -0.34423   3.22980    -1.22939   -1.45789   33.58299
A-T        0.00000    0.00000    0.00000    0.00000    0.00000    0.00000    0.00176    -0.32013   3.22112    -1.44125   0.43788    33.01067
G-C        0.00000    0.00000    0.00000    0.00000    0.00000    0.00000    -0.03993   -0.39608   3.25000    -2.24030   5.58436    29.44068
G-C        0.00000    0.00000    0.00000    0.00000    0.00000    0.00000    -0.05731   -0.48284   3.32405    -0.88381   7.83472    30.13555
C-G        0.00000    0.00000    0.00000    0.00000    0.00000    0.00000    0.02111    -0.53352   3.21423    0.25020    5.24336    30.65780
C-G        0.00000    0.00000    0.00000    0.00000    0.00000    0.00000    0.10996    -0.47154   3.32642    1.42410    7.45888    30.30133
G-C        0.00000    0.00000    0.00000    0.00000    0.00000    0.00000    0.22566    0.23615    3.29184    3.42140    8.31971    31.55573
G-C        0.00000    0.00000    0.00000    0.00000    0.00000    0.00000    0.18636    -0.40788   3.34461    2.60872    4.63053    31.52306
C-G        0.00000    0.00000    0.00000    0.00000    0.00000    0.00000    0.09725    -0.40491   3.28410    1.47917    1.31179    32.54145
C-G        0.00000    0.00000    0.00000    0.00000    0.00000    0.00000    0.06971    -0.30167   3.35265    0.60776    2.36303    32.59487
C-G        0.00000    0.00000    0.00000    0.00000    0.00000    0.00000    -0.04183   -0.31417   3.35208    -0.82950   2.53248    32.48414
G-C        0.00000    0.00000    0.00000    0.00000    0.00000    0.00000    -0.18671   0.41293    3.28424    -2.80937   4.48235    33.18735
A-T        0.00000    0.00000    0.00000    0.00000    0.00000    0.00000    -0.16740   -0.13857   3.24610    -2.11141   2.12383    34.51547
C-G        0.00000    0.00000    0.00000    0.00000    0.00000    0.00000    -0.01364   -0.63890   3.20522    -1.15580   3.00148    29.84041
A-T        0.00000    0.00000    0.00000    0.00000    0.00000    0.00000    -0.13105   -0.12698   3.32647    -0.83464   9.62141    31.26516
C-G        0.00000    0.00000    0.00000    0.00000    0.00000    0.00000    0.00256    -0.65813   3.18296    0.22313    4.24885    29.29467
G-C        0.00000    0.00000    0.00000    0.00000    0.00000    0.00000    0.12240    0.15440    3.29842    1.80366    10.30612   30.82286
A-T        0.00000    0.00000    0.00000    0.00000    0.00000    0.00000    0.08612    -0.16250   3.24597    1.63735    3.51594    34.07843
C-G        0.00000    0.00000    0.00000    0.00000    0.00000    0.00000    0.02999    -0.65377   3.23709    1.63365    1.75137    30.24778
T-A        0.00000    0.00000    0.00000    0.00000    0.00000    0.00000    0.05062    -0.36411   3.27747    1.96496    2.32485    30.71886
T-A        0.00000    0.00000    0.00000    0.00000    0.00000    0.00000    -0.02605   -0.35406   3.23887    0.51183    -2.89358   34.34972
A-T        0.00000    0.00000    0.00000    0.00000    0.00000    0.00000    -0.02823   0.39955    3.31981    -0.62073   -2.55158   37.68594
C-G        0.00000    0.00000    0.00000    0.00000    0.00000    0.00000    -0.00198   -0.62379   3.25098    -0.96957   0.71199    30.64653
T-A        0.00000    0.00000    0.00000    0.00000    0.00000    0.00000    0.02640    -0.35858   3.27484    -1.66551   3.58223    30.26271
G-C        0.00000    0.00000    0.00000    0.00000    0.00000    0.00000    0.00366    -0.05944   3.31862    -2.04359   8.04416    31.73138
T-A        0.00000    0.00000    0.00000    0.00000    0.00000    0.00000    0.00092    -0.65807   3.19505    -0.91715   3.70502    29.46236
A-T        0.00000    0.00000    0.00000    0.00000    0.00000    0.00000    0.01236    -0.65191   3.28577    0.01077    12.43215   28.53405
G-C        0.00000    0.00000    0.00000    0.00000    0.00000    0.00000    -0.01008   -0.40122   3.25535    0.62870    5.91810    29.29381
G-C        0.00000    0.00000    0.00000    0.00000    0.00000    0.00000    0.15987    -0.47132   3.33743    2.07497    6.41040    30.73038
T-A        0.00000    0.00000    0.00000    0.00000    0.00000    0.00000    0.00133    -0.63896   3.23074    1.08312    1.79554    30.21593
A-T        0.00000    0.00000    0.00000    0.00000    0.00000    0.00000    0.02801    0.14940    3.31371    1.28603    0.75096    35.63346
T-A        0.00000    0.00000    0.00000    0.00000    0.00000    0.00000    -0.00810   -0.70447   3.23182    0.26345    -1.35117   29.97271
C-G        0.00000    0.00000    0.00000    0.00000    0.00000    0.00000    0.00732    -0.14045   3.26987    -0.27908   0.28685    35.28531
T-A        0.00000    0.00000    0.00000    0.00000    0.00000    0.00000    0.03432    -0.34905   3.28097    -0.92077   2.38348    30.58203
C-G        0.00000    0.00000    0.00000    0.00000    0.00000    0.00000    -0.05929   -0.14757   3.25793    -1.34753   1.99063    34.64837
A-T        0.00000    0.00000    0.00000    0.00000    0.00000    0.00000    -0.13264   0.00558    3.31087    -1.25162   7.50173    32.23519
T-A        0.00000    0.00000    0.00000    0.00000    0.00000    0.00000    0.00856    -0.69045   3.19240    -0.44852   1.83534    28.78483
G-C        0.00000    0.00000    0.00000    0.00000    0.00000    0.00000    0.08483    -0.14128   3.32616    -0.49932   9.27222    31.14321
T-A        0.00000    0.00000    0.00000    0.00000    0.00000    0.00000    0.00900    -0.65483   3.19808    0.23969    3.47563    29.50050
T-A        0.00000    0.00000    0.00000    0.00000    0.00000    0.00000    -0.01264   -0.31068   3.21611    0.75335    1.78766    32.52240
A-T        0.00000    0.00000    0.00000    0.00000    0.00000    0.00000    0.03185    -0.19792   3.30121    1.33931    5.70010    32.51097
T-A        0.00000    0.00000    0.00000    0.00000    0.00000    0.00000    -0.00752   -0.70011   3.21807    0.62550    -0.23534   29.53236
A-T        0.00000    0.00000    0.00000    0.00000    0.00000    0.00000    0.01010    0.18608    3.31134    0.66002    0.40573    35.67404
A-T        0.00000    0.00000    0.00000    0.00000    0.00000    0.00000    0.02461    -0.34412   3.23408    -0.13894   -1.91894   33.86680
C-G        0.00000    0.00000    0.00000    0.00000    0.00000    0.00000    0.01404    -0.62786   3.24831    -0.42507   0.84127    30.41439
G-C        0.00000    0.00000    0.00000    0.00000    0.00000    0.00000    -0.12312   0.33952    3.28478    -1.99788   6.21566    32.25021
G-C        0.00000    0.00000    0.00000    0.00000    0.00000    0.00000    -0.09757   -0.41107   3.33518    -1.30696   5.58877    30.95564
A-T        0.00000    0.00000    0.00000    0.00000    0.00000    0.00000    -0.08076   -0.15921   3.23512    -0.93397   3.49850    33.68376
T-A        0.00000    0.00000    0.00000    0.00000    0.00000    0.00000    0.00345    -0.69401   3.19302    -0.19488   1.76974    28.70319
C-G        0.00000    0.00000    0.00000    0.00000    0.00000    0.00000    0.04154    -0.16582   3.23265    0.29401    4.02342    33.49789
G-C        0.00000    0.00000    0.00000    0.00000    0.00000    0.00000    0.08042    0.21086    3.29142    1.34904    8.82523    31.16099
A-T        0.00000    0.00000    0.00000    0.00000    0.00000    0.00000    0.03238    -0.15961   3.24763    0.99342    2.83002    34.11076
G-C        0.00000    0.00000    0.00000    0.00000    0.00000    0.00000    -0.04264   -0.36569   3.27212    0.91700    3.38890    30.04638
C-G        0.00000    0.00000    0.00000    0.00000    0.00000    0.00000    0.05382    -0.42343   3.26654    0.84492    2.04807    31.97484
T-A        0.00000    0.00000    0.00000    0.00000    0.00000    0.00000    0.05341    -0.35375   3.27770    0.63453    2.21721    30.51905
C-G        0.00000    0.00000    0.00000    0.00000    0.00000    0.00000    0.02131    -0.14527   3.26413    -0.23915   0.74556    34.97804
G-C        0.00000    0.00000    0.00000    0.00000    0.00000    0.00000    -0.09818   0.35884    3.28298    -1.66505   5.55658    32.47810
G-C        0.00000    0.00000    0.00000    0.00000    0.00000    0.00000    -0.10867   -0.40238   3.33855    -1.39626   5.05885    31.14270
G-C        0.00000    0.00000    0.00000    0.00000    0.00000    0.00000    -0.09421   -0.44029   3.33504    -1.21217   5.93443    30.71926
A-T        0.00000    0.00000    0.00000    0.00000    0.00000    0.00000    -0.07962   -0.16660   3.23229    -0.79855   3.75590    33.50477
T-A        0.00000    0.00000    0.00000    0.00000    0.00000    0.00000    -0.00585   -0.69383   3.19115    -0.07761   1.88809    28.61366
C-G        0.00000    0.00000    0.00000    0.00000    0.00000    0.00000    0.04961    -0.16106   3.23080    0.52781    4.01140    33.43785
C-G        0.00000    0.00000    0.00000    0.00000    0.00000    0.00000    0.07460    -0.43272   3.33033    1.09719    6.33047    30.60417
G-C        0.00000    0.00000    0.00000    0.00000    0.00000    0.00000    0.14584    0.30245    3.28542    2.32829    7.22519    31.80769
C-G        0.00000    0.00000    0.00000    0.00000    0.00000    0.00000    0.08897    -0.42902   3.26259    1.28133    2.26921    31.89298
T-A        0.00000    0.00000    0.00000    0.00000    0.00000    0.00000    0.06518    -0.35324   3.27728    1.13905    2.15451    30.56337
T-A        0.00000    0.00000    0.00000    0.00000    0.00000    0.00000    -0.02113   -0.35179   3.23606    0.01013    -2.34138   34.01005
T-A        0.00000    0.00000    0.00000    0.00000    0.00000    0.00000    -0.03272   -0.34815   3.23374    -0.68082   -1.77761   33.85035
A-T        0.00000    0.00000    0.00000    0.00000    0.00000    0.00000    -0.04029   -0.04434   3.30709    -1.55765   3.32338    33.95461
A-T        0.00000    0.00000    0.00000    0.00000    0.00000    0.00000    0.00366    -0.31696   3.21915    -1.14495   1.16856    32.79863
C-G        0.00000    0.00000    0.00000    0.00000    0.00000    0.00000    -0.02338   -0.65192   3.19774    -0.70497   3.46698    29.58615
A-T        0.00000    0.00000    0.00000    0.00000    0.00000    0.00000    -0.11903   -0.16131   3.32955    -0.07786   9.82971    31.00287
C-G        0.00000    0.00000    0.00000    0.00000    0.00000    0.00000    -0.01027   -0.65706   3.18959    0.69228    3.95428    29.38807
T-A        0.00000    0.00000    0.00000    0.00000    0.00000    0.00000    0.02938    -0.38937   3.25170    1.91448    5.60672    29.50713
T-A        0.00000    0.00000    0.00000    0.00000    0.00000    0.00000    -0.00493   -0.30957   3.22040    1.28178    0.77060    32.97531
T-A        0.00000    0.00000    0.00000    0.00000    0.00000    0.00000    -0.00454   -0.33256   3.22857    1.19137    -1.01075   33.51656
A-T        0.00000    0.00000    0.00000    0.00000    0.00000    0.00000    0.04016    0.29124    3.31143    0.84681    -1.17191   36.46086
T-A        0.00000    0.00000    0.00000    0.00000    0.00000    0.00000    0.00974    -0.70711   3.23283    -0.09712   -1.56163   29.89229
G-C        0.00000    0.00000    0.00000    0.00000    0.00000    0.00000    0.01965    0.14706    3.28697    -1.34160   4.07040    33.35934
C-G        0.00000    0.00000    0.00000    0.00000    0.00000    0.00000    -0.10666   -0.44550   3.25871    -1.65436   2.44672    31.68460
T-A        0.00000    0.00000    0.00000    0.00000    0.00000    0.00000    0.02014    -0.39239   3.26319    -1.53301   4.38766    29.47540
T-A        0.00000    0.00000    0.00000    0.00000    0.00000    0.00000    -0.04733   -0.30901   3.21027    -1.06322   2.66201    32.02451
C-G        0.00000    0.00000    0.00000    0.00000    0.00000    0.00000    -0.01771   -0.16843   3.22389    -0.44048   4.95585    33.06952
C-G        0.00000    0.00000    0.00000    0.00000    0.00000    0.00000    0.00949    -0.49008   3.32188    0.41712    7.88984    29.93231
G-C        0.00000    0.00000    0.00000    0.00000    0.00000    0.00000    0.16496    0.20112    3.28843    2.63529    9.58023    30.85834
G-C        0.00000    0.00000    0.00000    0.00000    0.00000    0.00000    0.20130    -0.42732   3.33384    2.70696    5.71802    30.90163
C-G        0.00000    0.00000    0.00000    0.00000    0.00000    0.00000    0.14398    -0.42121   3.26773    1.99621    2.00219    32.07980
T-A        0.00000    0.00000    0.00000    0.00000    0.00000    0.00000    0.07481    -0.34878   3.28283    1.59968    1.35497    30.95164
C-G        0.00000    0.00000    0.00000    0.00000    0.00000    0.00000    0.05209    -0.14496   3.27599    0.13231    -0.68254   35.63511
G-C        0.00000    0.00000    0.00000    0.00000    0.00000    0.00000    -0.13937   0.43086    3.27760    -2.22768   3.55603    33.33872
T-A        0.00000    0.00000    0.00000    0.00000    0.00000    0.00000    -0.04053   -0.65258   3.24943    -1.74145   1.06334    30.37062
A-T        0.00000    0.00000    0.00000    0.00000    0.00000    0.00000    -0.07495   -0.28612   3.29587    -2.18340   6.78896    31.74454
T-A        0.00000    0.00000    0.00000    0.00000    0.00000    0.00000    -0.00519   -0.69061   3.18690    -0.89002   2.16629    28.58770
A-T        0.00000    0.00000    0.00000    0.00000    0.00000    0.00000    -0.03561   -0.78387   3.27598    -0.76546   14.24865   27.14923
A-T        0.00000    0.00000    0.00000    0.00000    0.00000    0.00000    0.02547    -0.28359   3.20111    0.47463    4.33857    31.45371
T-A        0.00000    0.00000    0.00000    0.00000    0.00000    0.00000    -0.00343   -0.68728   3.18208    0.74356    2.45987    28.39865
G-C        0.00000    0.00000    0.00000    0.00000    0.00000    0.00000    0.18436    -0.00807   3.30525    2.07972    7.75291    31.93067
T-A        0.00000    0.00000    0.00000    0.00000    0.00000    0.00000    0.01398    -0.62590   3.23235    1.47942    1.37261    30.13888
G-C        0.00000    0.00000    0.00000    0.00000    0.00000    0.00000    0.14724    0.23868    3.27713    1.67700    3.34904    34.07389
T-A        0.00000    0.00000    0.00000    0.00000    0.00000    0.00000    -0.01607   -0.62623   3.27510    0.19064    -0.57791   30.85430
C-G        0.00000    0.00000    0.00000    0.00000    0.00000    0.00000    -0.01005   -0.15225   3.27513    -0.72490   -0.55230   35.47301
G-C        0.00000    0.00000    0.00000    0.00000    0.00000    0.00000    -0.22356   0.38447    3.27505    -3.40167   4.68292    32.72563
A-T        0.00000    0.00000    0.00000    0.00000    0.00000    0.00000    -0.19187   -0.15215   3.23599    -2.41699   2.52269    33.98030
C-G        0.00000    0.00000    0.00000    0.00000    0.00000    0.00000    -0.02548   -0.64355   3.19102    -1.26369   3.46534    29.34189
C-G        0.00000    0.00000    0.00000    0.00000    0.00000    0.00000    -0.13353   -0.52015   3.32034    -1.53502   8.30490    29.70887
A-T        0.00000    0.00000    0.00000    0.00000    0.00000    0.00000    -0.07576   -0.23873   3.33053    0.74574    11.01632   30.04669
A-T        0.00000    0.00000    0.00000    0.00000    0.00000    0.00000    0.04461    -0.29047   3.20422    1.19454    3.72028    31.70413
A-T        0.00000    0.00000    0.00000    0.00000    0.00000    0.00000    0.05453    -0.31356   3.21327    1.61101    1.84690    32.33528
T-A        0.00000    0.00000    0.00000    0.00000    0.00000    0.00000    -0.00004   -0.70129   3.21207    1.09361    -0.00662   29.21064
G-C        0.00000    0.00000    0.00000    0.00000    0.00000    0.00000    -0.52900   -0.91300   3.45800    -1.68400   -11.70400  37.46900
T-A        0.00000    0.00000    0.00000    0.00000    0.00000    0.00000    -0.90500   -1.56500   3.20700    -2.32900   -8.23400   32.16600
G-C        0.00000    0.00000    0.00000    0.00000    0.00000    0.00000    -0.37700   -0.59600   3.22500    -2.12100   -0.58700   39.44300
A-T        0.00000    0.00000    0.00000    0.00000    0.00000    0.00000    0.13400    -1.01800   3.04900    2.58900    -6.06800   32.10200
G-C        0.00000    0.00000    0.00000    0.00000    0.00000    0.00000    0.92800    -0.52700   2.87900    -1.17100   -8.58500   33.49000
C-G        0.00000    0.00000    0.00000    0.00000    0.00000    0.00000    -0.67600   -0.12400   3.12600    12.53400   -5.63600   33.19400
G-C        0.00000    0.00000    0.00000    0.00000    0.00000    0.00000    0.05000    1.55100    5.41100    0.14800    60.11900   13.23800
C-G        0.00000    0.00000    0.00000    0.00000    0.00000    0.00000    0.71700    -0.08600   3.08700    -11.67300  -4.90200   33.30300
T-A        0.00000    0.00000    0.00000    0.00000    0.00000    0.00000    -0.96000   -0.48200   2.89500    0.89000    -7.57200   33.58000
C-G        0.00000    0.00000    0.00000    0.00000    0.00000    0.00000    -0.12100   -0.98300   3.10500    -2.86700   -6.38300   31.80500
A-T        0.00000    0.00000    0.00000    0.00000    0.00000    0.00000    0.32200    -0.59300   3.18200    1.64400    -0.34400   39.44100
C-G        0.00000    0.00000    0.00000    0.00000    0.00000    0.00000    0.92800    -1.59400   3.28000    2.05300    -8.66400   31.95900
A-T        0.00000    0.00000    0.00000    0.00000    0.00000    0.00000    0.27000    -1.09600   3.26800    -0.64500   -9.98600   39.97600
