147 # base pairs
  0 # ***local base-pair & step parameters***
#          Shear      Stretch    Stagger    Buckle     Prop-Tw    Opening    Shift      Slide      Rise       Tilt       Roll       Twist
A-T        0.00000    0.00000    0.00000    0.00000    0.00000    0.00000    0.00000    0.00000    0.00000    0.00000    0.00000    0.00000
G-C        0.00000    0.00000    0.00000    0.00000    0.00000    0.00000    -0.27100   -1.09500   3.26800    0.63200    -9.98900   39.97400
T-A        0.00000    0.00000    0.00000    0.00000    0.00000    0.00000    -0.92900   -1.59400   3.27900    -2.06100   -8.63900   31.93600
G-C        0.00000    0.00000    0.00000    0.00000    0.00000    0.00000    -0.32200   -0.59300   3.18200    -1.67200   -0.37400   39.43800
A-T        0.00000    0.00000    0.00000    0.00000    0.00000    0.00000    0.12100    -0.98400   3.10400    2.85600    -6.40100   31.82500
G-C        0.00000    0.00000    0.00000    0.00000    0.00000    0.00000    0.96000    -0.48500   2.89700    -0.88600   -7.60300   33.57600
C-G        0.00000    0.00000    0.00000    0.00000    0.00000    0.00000    -0.71600   -0.08700   3.08600    11.72100   -4.90400   33.29400
G-C        0.00000    0.00000    0.00000    0.00000    0.00000    0.00000    -0.04900   1.55300    5.41100    -0.15300   60.13400   13.21100
C-G        0.00000    0.00000    0.00000    0.00000    0.00000    0.00000    0.67500    -0.12200   3.12500    -12.52100  -5.64000   33.20500
T-A        0.00000    0.00000    0.00000    0.00000    0.00000    0.00000    -0.92800   -0.52700   2.87800    1.17200    -8.55900   33.49500
C-G        0.00000    0.00000    0.00000    0.00000    0.00000    0.00000    -0.13300   -1.01800   3.05100    -2.62600   -6.07500   32.10600
A-T        0.00000    0.00000    0.00000    0.00000    0.00000    0.00000    0.37700    -0.59600   3.22300    2.15700    -0.58600   39.43900
C-G        0.00000    0.00000    0.00000    0.00000    0.00000    0.00000    0.90400    -1.56400   3.20700    2.30100    -8.21100   32.14900
A-T        0.00000    0.00000    0.00000    0.00000    0.00000    0.00000    0.52900    -0.91300   3.45700    1.67600    -11.71500  37.48500
A-T        0.00000    0.00000    0.00000    0.00000    0.00000    0.00000    -0.15408   -0.18534   3.22323    -2.05179   0.21730    33.67811
T-A        0.00000    0.00000    0.00000    0.00000    0.00000    0.00000    -0.01219   -0.77751   3.29724    -0.80716   -2.31746   31.58049
T-A        0.00000    0.00000    0.00000    0.00000    0.00000    0.00000    -0.00660   -0.41515   3.27090    -0.70422   -1.51281   35.26171
T-A        0.00000    0.00000    0.00000    0.00000    0.00000    0.00000    -0.05079   -0.20137   3.18817    -0.65549   4.83506    31.72950
A-T        0.00000    0.00000    0.00000    0.00000    0.00000    0.00000    0.01901    -0.17725   3.18866    -0.57497   12.90333   25.21901
T-A        0.00000    0.00000    0.00000    0.00000    0.00000    0.00000    -0.04161   -0.74991   3.20339    0.42875    1.86515    28.82575
T-A        0.00000    0.00000    0.00000    0.00000    0.00000    0.00000    -0.03151   -0.33671   3.26507    1.16036    2.03589    32.22634
C-G        0.00000    0.00000    0.00000    0.00000    0.00000    0.00000    0.06325    -0.11166   3.25965    1.13492    2.33792    34.02577
G-C        0.00000    0.00000    0.00000    0.00000    0.00000    0.00000    0.38887    0.58429    3.28074    3.11599    7.26908    33.03829
C-G        0.00000    0.00000    0.00000    0.00000    0.00000    0.00000    -0.04652   -0.40076   3.23654    -0.49758   2.74374    31.25896
A-T        0.00000    0.00000    0.00000    0.00000    0.00000    0.00000    -0.09758   0.48869    3.25340    -0.87272   0.93735    34.47699
A-T        0.00000    0.00000    0.00000    0.00000    0.00000    0.00000    0.05810    -0.28120   3.27596    -0.61221   -1.87083   33.73224
A-T        0.00000    0.00000    0.00000    0.00000    0.00000    0.00000    -0.04673   -0.40945   3.23229    -1.72010   -2.00572   34.66935
G-C        0.00000    0.00000    0.00000    0.00000    0.00000    0.00000    0.01235    -0.52738   3.31839    -0.48843   4.35989    30.98153
G-C        0.00000    0.00000    0.00000    0.00000    0.00000    0.00000    -0.01971   -0.53574   3.41514    -1.95838   7.48203    31.75535
C-G        0.00000    0.00000    0.00000    0.00000    0.00000    0.00000    -0.01770   -0.60468   3.20980    -0.16230   5.84930    30.94240
C-G        0.00000    0.00000    0.00000    0.00000    0.00000    0.00000    -0.16518   -0.39196   3.28203    0.69904    7.22194    31.63301
G-C        0.00000    0.00000    0.00000    0.00000    0.00000    0.00000    0.25567    0.14899    3.01608    3.21990    8.39536    28.32556
G-C        0.00000    0.00000    0.00000    0.00000    0.00000    0.00000    0.58421    -0.34213   3.31842    4.38623    4.04483    31.79337
C-G        0.00000    0.00000    0.00000    0.00000    0.00000    0.00000    0.27857    -0.37352   3.23675    2.56597    1.65833    32.67107
C-G        0.00000    0.00000    0.00000    0.00000    0.00000    0.00000    0.31298    -0.26516   3.37426    2.56403    -0.40485   34.07250
C-G        0.00000    0.00000    0.00000    0.00000    0.00000    0.00000    0.04179    -0.26579   3.34661    0.58197    1.03161    32.66833
G-C        0.00000    0.00000    0.00000    0.00000    0.00000    0.00000    -0.30857   1.03311    3.32219    -3.30852   2.28306    33.97833
A-T        0.00000    0.00000    0.00000    0.00000    0.00000    0.00000    -0.28239   -0.05359   3.11040    -3.34831   0.03256    34.57277
C-G        0.00000    0.00000    0.00000    0.00000    0.00000    0.00000    0.14779    -0.49779   3.14762    -1.64775   3.88007    29.86276
A-T        0.00000    0.00000    0.00000    0.00000    0.00000    0.00000    -0.11526   -0.23767   3.28893    -1.36320   8.68539    31.25186
C-G        0.00000    0.00000    0.00000    0.00000    0.00000    0.00000    0.20358    -0.53589   3.17245    -0.43523   6.00111    28.79750
G-C        0.00000    0.00000    0.00000    0.00000    0.00000    0.00000    0.08064    0.43956    3.29939    2.51501    8.16251    32.85566
A-T        0.00000    0.00000    0.00000    0.00000    0.00000    0.00000    0.03038    -0.08258   3.16371    0.73868    0.83562    34.93100
C-G        0.00000    0.00000    0.00000    0.00000    0.00000    0.00000    -0.12634   -0.71161   3.22982    1.57009    3.11060    30.79355
T-A        0.00000    0.00000    0.00000    0.00000    0.00000    0.00000    0.15790    -0.82391   3.55795    1.60713    -0.65672   32.64568
T-A        0.00000    0.00000    0.00000    0.00000    0.00000    0.00000    -0.19818   -0.58036   3.24746    0.36063    -3.43031   28.94901
A-T        0.00000    0.00000    0.00000    0.00000    0.00000    0.00000    -0.05479   0.31750    3.33579    -0.45473   -1.54202   37.91419
C-G        0.00000    0.00000    0.00000    0.00000    0.00000    0.00000    -0.05395   -0.67989   3.26569    -0.93999   0.11775    31.32508
T-A        0.00000    0.00000    0.00000    0.00000    0.00000    0.00000    -0.00527   -0.47231   3.32404    -1.15551   4.49884    31.23870
G-C        0.00000    0.00000    0.00000    0.00000    0.00000    0.00000    0.11009    -0.10653   3.36981    -2.82112   8.52276    32.15680
T-A        0.00000    0.00000    0.00000    0.00000    0.00000    0.00000    -0.08250   -0.61316   3.13176    -1.17353   5.42338    26.57340
A-T        0.00000    0.00000    0.00000    0.00000    0.00000    0.00000    0.20310    -1.28867   3.24153    -0.28209   17.80716   25.22234
G-C        0.00000    0.00000    0.00000    0.00000    0.00000    0.00000    -0.26072   -0.50988   3.16348    0.84650    7.34489    26.89404
G-C        0.00000    0.00000    0.00000    0.00000    0.00000    0.00000    -0.02177   -1.01218   3.55641    1.38927    5.45763    30.07504
T-A        0.00000    0.00000    0.00000    0.00000    0.00000    0.00000    -0.09335   -0.76400   3.30847    1.05950    0.01387    32.54166
T-A        0.00000    0.00000    0.00000    0.00000    0.00000    0.00000    0.00093    -0.26299   3.21717    0.19605    -0.38709   34.34878
C-G        0.00000    0.00000    0.00000    0.00000    0.00000    0.00000    0.09986    0.25719    3.28730    1.23302    0.25409    34.84893
A-T        0.00000    0.00000    0.00000    0.00000    0.00000    0.00000    -0.39533   -0.12265   3.33716    0.88201    5.50305    31.48663
T-A        0.00000    0.00000    0.00000    0.00000    0.00000    0.00000    -0.01156   -0.51286   3.19803    -0.41256   1.42445    28.67854
G-C        0.00000    0.00000    0.00000    0.00000    0.00000    0.00000    -0.05373   -0.36227   3.42381    -2.56531   4.18939    33.45141
T-A        0.00000    0.00000    0.00000    0.00000    0.00000    0.00000    -0.02075   -0.71214   3.23467    -1.07290   1.46122    29.72292
T-A        0.00000    0.00000    0.00000    0.00000    0.00000    0.00000    0.06464    -0.23738   3.12415    -0.64185   4.22158    30.29915
A-T        0.00000    0.00000    0.00000    0.00000    0.00000    0.00000    0.03563    -0.05287   3.23838    -0.88587   9.33206    28.34128
T-A        0.00000    0.00000    0.00000    0.00000    0.00000    0.00000    0.01171    -0.74759   3.12184    0.28953    0.64065    28.12691
A-T        0.00000    0.00000    0.00000    0.00000    0.00000    0.00000    0.00193    -0.04652   3.25766    1.55071    7.79188    29.37870
A-T        0.00000    0.00000    0.00000    0.00000    0.00000    0.00000    -0.04005   -0.24387   3.14299    0.73288    2.61781    31.10838
C-G        0.00000    0.00000    0.00000    0.00000    0.00000    0.00000    0.05186    -0.81819   3.34476    0.41459    0.19298    31.64706
G-C        0.00000    0.00000    0.00000    0.00000    0.00000    0.00000    0.19481    0.26634    3.23580    1.58575    6.27213    32.80449
G-C        0.00000    0.00000    0.00000    0.00000    0.00000    0.00000    0.11815    -0.23982   3.27226    0.86979    5.14533    30.25007
A-T        0.00000    0.00000    0.00000    0.00000    0.00000    0.00000    -0.12066   -0.26433   3.30464    -0.65848   0.88648    34.09673
A-T        0.00000    0.00000    0.00000    0.00000    0.00000    0.00000    0.01366    -0.32340   3.26207    -0.87356   -0.63373   33.86430
T-A        0.00000    0.00000    0.00000    0.00000    0.00000    0.00000    -0.02760   -0.76835   3.23271    -0.42522   0.32545    29.01121
C-G        0.00000    0.00000    0.00000    0.00000    0.00000    0.00000    0.10403    -0.38792   3.36721    -0.93764   1.37010    36.17421
T-A        0.00000    0.00000    0.00000    0.00000    0.00000    0.00000    0.07300    -0.34788   3.27719    -0.53312   5.23758    29.44173
C-G        0.00000    0.00000    0.00000    0.00000    0.00000    0.00000    0.16692    -0.05385   3.26814    1.57009    4.84073    32.27163
G-C        0.00000    0.00000    0.00000    0.00000    0.00000    0.00000    0.03378    0.28333    3.23902    1.19002    13.11135   26.68455
A-T        0.00000    0.00000    0.00000    0.00000    0.00000    0.00000    -0.03108   -0.12155   3.31712    0.47964    3.54593    33.04405
G-C        0.00000    0.00000    0.00000    0.00000    0.00000    0.00000    0.05502    -0.35922   3.29002    1.11630    2.90360    29.83232
C-G        0.00000    0.00000    0.00000    0.00000    0.00000    0.00000    0.03633    -0.48601   3.37061    0.73379    2.10519    34.61695
T-A        0.00000    0.00000    0.00000    0.00000    0.00000    0.00000    -0.05952   -0.25714   3.27416    0.85447    0.95622    30.65785
C-G        0.00000    0.00000    0.00000    0.00000    0.00000    0.00000    0.11263    0.11599    3.27637    0.76738    1.43299    34.59410
G-C        0.00000    0.00000    0.00000    0.00000    0.00000    0.00000    0.09510    0.80163    3.26082    -0.26797   3.53101    32.48811
G-C        0.00000    0.00000    0.00000    0.00000    0.00000    0.00000    -0.14458   -0.21394   3.30370    -3.05849   3.28959    31.82287
G-C        0.00000    0.00000    0.00000    0.00000    0.00000    0.00000    -0.11341   -0.33006   3.32667    -0.82448   6.61439    31.16770
A-T        0.00000    0.00000    0.00000    0.00000    0.00000    0.00000    -0.06058   -0.26077   3.27684    -0.46539   2.59975    34.59959
T-A        0.00000    0.00000    0.00000    0.00000    0.00000    0.00000    0.00050    -0.65322   3.22938    -0.12576   2.23845    29.98983
C-G        0.00000    0.00000    0.00000    0.00000    0.00000    0.00000    0.05167    -0.25546   3.26940    0.12061    2.97583    34.40689
C-G        0.00000    0.00000    0.00000    0.00000    0.00000    0.00000    -0.19955   -0.26848   3.25885    -0.69383   7.23829    29.72121
G-C        0.00000    0.00000    0.00000    0.00000    0.00000    0.00000    0.01870    0.39577    3.25529    1.01974    8.71046    31.12244
C-G        0.00000    0.00000    0.00000    0.00000    0.00000    0.00000    0.09963    -0.53395   3.41613    1.10756    1.24942    34.41250
T-A        0.00000    0.00000    0.00000    0.00000    0.00000    0.00000    0.32836    -0.45747   3.41382    3.27975    0.88809    33.69361
T-A        0.00000    0.00000    0.00000    0.00000    0.00000    0.00000    0.04397    -0.41165   3.23143    0.44229    -2.95657   34.97938
T-A        0.00000    0.00000    0.00000    0.00000    0.00000    0.00000    -0.03946   -0.34785   3.24043    -0.38921   -2.10657   34.15690
A-T        0.00000    0.00000    0.00000    0.00000    0.00000    0.00000    -0.06531   0.42676    3.25957    -1.07389   -0.78331   34.74378
A-T        0.00000    0.00000    0.00000    0.00000    0.00000    0.00000    -0.01022   -0.21709   3.15768    -1.69418   1.87863    31.63521
C-G        0.00000    0.00000    0.00000    0.00000    0.00000    0.00000    -0.00277   -0.71503   3.24869    -1.02668   2.44832    29.98869
A-T        0.00000    0.00000    0.00000    0.00000    0.00000    0.00000    -0.06395   -0.23556   3.30494    -0.60096   7.82396    31.80233
C-G        0.00000    0.00000    0.00000    0.00000    0.00000    0.00000    0.11443    -0.66273   3.26519    0.39966    3.08211    29.81252
T-A        0.00000    0.00000    0.00000    0.00000    0.00000    0.00000    0.11028    -0.70636   3.52108    0.45083    4.31286    33.00321
T-A        0.00000    0.00000    0.00000    0.00000    0.00000    0.00000    0.04272    -0.40644   3.22754    0.99887    -0.53289   34.43970
T-A        0.00000    0.00000    0.00000    0.00000    0.00000    0.00000    -0.02378   -0.30667   3.22457    0.56713    -0.59094   33.70619
A-T        0.00000    0.00000    0.00000    0.00000    0.00000    0.00000    0.04449    0.27763    3.35506    0.32084    0.20671    36.17060
T-A        0.00000    0.00000    0.00000    0.00000    0.00000    0.00000    -0.01781   -0.74652   3.19527    0.17303    0.81409    27.58563
G-C        0.00000    0.00000    0.00000    0.00000    0.00000    0.00000    0.01292    -0.25562   3.30682    0.19194    5.46491    37.11735
C-G        0.00000    0.00000    0.00000    0.00000    0.00000    0.00000    0.23414    -0.42910   3.22624    -2.16675   2.26177    32.31954
T-A        0.00000    0.00000    0.00000    0.00000    0.00000    0.00000    -0.00655   -0.46990   3.38705    -0.22417   2.51123    33.24964
T-A        0.00000    0.00000    0.00000    0.00000    0.00000    0.00000    -0.07951   -0.24322   3.18169    -0.95682   3.69163    32.42013
C-G        0.00000    0.00000    0.00000    0.00000    0.00000    0.00000    0.00467    -0.29678   3.24784    -0.75864   6.04159    32.24711
C-G        0.00000    0.00000    0.00000    0.00000    0.00000    0.00000    -0.38292   -0.25174   3.24472    -1.92458   8.66573    29.38314
G-C        0.00000    0.00000    0.00000    0.00000    0.00000    0.00000    0.08265    0.15913    3.02746    1.43021    8.78369    28.44660
G-C        0.00000    0.00000    0.00000    0.00000    0.00000    0.00000    0.46452    -0.32819   3.30387    3.16865    5.17557    31.81371
C-G        0.00000    0.00000    0.00000    0.00000    0.00000    0.00000    0.26873    -0.61192   3.29425    1.71424    2.16541    32.31863
T-A        0.00000    0.00000    0.00000    0.00000    0.00000    0.00000    -0.01800   -0.20560   3.26676    2.02407    0.34453    31.15252
C-G        0.00000    0.00000    0.00000    0.00000    0.00000    0.00000    0.20535    0.22840    3.24936    1.84063    0.48793    35.40494
G-C        0.00000    0.00000    0.00000    0.00000    0.00000    0.00000    -0.02571   0.44740    3.24745    -1.31670   1.25714    34.87737
T-A        0.00000    0.00000    0.00000    0.00000    0.00000    0.00000    0.21395    -0.56608   3.23868    -1.21109   1.70747    31.36460
A-T        0.00000    0.00000    0.00000    0.00000    0.00000    0.00000    -0.04996   -0.63371   3.37342    -1.55553   4.78648    33.47580
T-A        0.00000    0.00000    0.00000    0.00000    0.00000    0.00000    0.00242    -0.74313   3.13194    -1.36919   0.43334    28.58357
A-T        0.00000    0.00000    0.00000    0.00000    0.00000    0.00000    -0.05610   -0.11299   3.23459    -0.56807   10.63518   28.13917
A-T        0.00000    0.00000    0.00000    0.00000    0.00000    0.00000    -0.01808   -0.31540   3.21029    -0.15641   6.52894    32.21416
T-A        0.00000    0.00000    0.00000    0.00000    0.00000    0.00000    -0.02320   -0.64338   3.23590    0.87911    2.36331    29.49648
G-C        0.00000    0.00000    0.00000    0.00000    0.00000    0.00000    0.07361    -0.34333   3.41472    1.71764    8.07392    33.03113
T-A        0.00000    0.00000    0.00000    0.00000    0.00000    0.00000    0.23252    -0.51906   3.18382    2.66138    1.05826    28.19557
G-C        0.00000    0.00000    0.00000    0.00000    0.00000    0.00000    0.09685    -0.09806   3.27962    2.67442    2.66855    34.32997
T-A        0.00000    0.00000    0.00000    0.00000    0.00000    0.00000    -0.09883   -0.56167   3.20320    0.66427    0.48024    30.68215
C-G        0.00000    0.00000    0.00000    0.00000    0.00000    0.00000    0.07447    -0.06332   3.15444    0.75349    -1.26658   35.48332
G-C        0.00000    0.00000    0.00000    0.00000    0.00000    0.00000    -0.07588   0.55898    3.17779    -3.23330   3.27922    30.53094
A-T        0.00000    0.00000    0.00000    0.00000    0.00000    0.00000    -0.26592   -0.05944   3.11337    -3.19125   -0.12931   34.57176
C-G        0.00000    0.00000    0.00000    0.00000    0.00000    0.00000    -0.01707   -0.75043   3.20554    -1.76837   2.89209    30.90889
C-G        0.00000    0.00000    0.00000    0.00000    0.00000    0.00000    0.19591    -0.74747   3.32959    -1.30705   9.51382    28.48424
A-T        0.00000    0.00000    0.00000    0.00000    0.00000    0.00000    0.39911    -0.08675   3.32059    -1.27859   17.21790   25.51827
A-T        0.00000    0.00000    0.00000    0.00000    0.00000    0.00000    0.04274    -0.18868   3.24769    1.06239    4.45438    32.03797
A-T        0.00000    0.00000    0.00000    0.00000    0.00000    0.00000    0.00660    -0.40256   3.27457    0.91803    -1.22416   35.44464
T-A        0.00000    0.00000    0.00000    0.00000    0.00000    0.00000    -0.00489   -0.71455   3.24979    1.63884    0.38320    29.90428
G-C        0.00000    0.00000    0.00000    0.00000    0.00000    0.00000    -0.52900   -0.91300   3.45800    -1.68400   -11.70400  37.46900
T-A        0.00000    0.00000    0.00000    0.00000    0.00000    0.00000    -0.90500   -1.56500   3.20700    -2.32900   -8.23400   32.16600
G-C        0.00000    0.00000    0.00000    0.00000    0.00000    0.00000    -0.37700   -0.59600   3.22500    -2.12100   -0.58700   39.44300
A-T        0.00000    0.00000    0.00000    0.00000    0.00000    0.00000    0.13400    -1.01800   3.04900    2.58900    -6.06800   32.10200
G-C        0.00000    0.00000    0.00000    0.00000    0.00000    0.00000    0.92800    -0.52700   2.87900    -1.17100   -8.58500   33.49000
C-G        0.00000    0.00000    0.00000    0.00000    0.00000    0.00000    -0.67600   -0.12400   3.12600    12.53400   -5.63600   33.19400
G-C        0.00000    0.00000    0.00000    0.00000    0.00000    0.00000    0.05000    1.55100    5.41100    0.14800    60.11900   13.23800
C-G        0.00000    0.00000    0.00000    0.00000    0.00000    0.00000    0.71700    -0.08600   3.08700    -11.67300  -4.90200   33.30300
T-A        0.00000    0.00000    0.00000    0.00000    0.00000    0.00000    -0.96000   -0.48200   2.89500    0.89000    -7.57200   33.58000
C-G        0.00000    0.00000    0.00000    0.00000    0.00000    0.00000    -0.12100   -0.98300   3.10500    -2.86700   -6.38300   31.80500
A-T        0.00000    0.00000    0.00000    0.00000    0.00000    0.00000    0.32200    -0.59300   3.18200    1.64400    -0.34400   39.44100
C-G        0.00000    0.00000    0.00000    0.00000    0.00000    0.00000    0.92800    -1.59400   3.28000    2.05300    -8.66400   31.95900
A-T        0.00000    0.00000    0.00000    0.00000    0.00000    0.00000    0.27000    -1.09600   3.26800    -0.64500   -9.98600   39.97600
