147 # base pairs
  0 # ***local base-pair & step parameters***
#          Shear      Stretch    Stagger    Buckle     Prop-Tw    Opening    Shift      Slide      Rise       Tilt       Roll       Twist
A-T        0.00000    0.00000    0.00000    0.00000    0.00000    0.00000    0.00000    0.00000    0.00000    0.00000    0.00000    0.00000
G-C        0.00000    0.00000    0.00000    0.00000    0.00000    0.00000    -0.27100   -1.09500   3.26800    0.63200    -9.98900   39.97400
T-A        0.00000    0.00000    0.00000    0.00000    0.00000    0.00000    -0.92900   -1.59400   3.27900    -2.06100   -8.63900   31.93600
G-C        0.00000    0.00000    0.00000    0.00000    0.00000    0.00000    -0.32200   -0.59300   3.18200    -1.67200   -0.37400   39.43800
A-T        0.00000    0.00000    0.00000    0.00000    0.00000    0.00000    0.12100    -0.98400   3.10400    2.85600    -6.40100   31.82500
G-C        0.00000    0.00000    0.00000    0.00000    0.00000    0.00000    0.96000    -0.48500   2.89700    -0.88600   -7.60300   33.57600
C-G        0.00000    0.00000    0.00000    0.00000    0.00000    0.00000    -0.71600   -0.08700   3.08600    11.72100   -4.90400   33.29400
G-C        0.00000    0.00000    0.00000    0.00000    0.00000    0.00000    -0.04900   1.55300    5.41100    -0.15300   60.13400   13.21100
C-G        0.00000    0.00000    0.00000    0.00000    0.00000    0.00000    0.67500    -0.12200   3.12500    -12.52100  -5.64000   33.20500
T-A        0.00000    0.00000    0.00000    0.00000    0.00000    0.00000    -0.92800   -0.52700   2.87800    1.17200    -8.55900   33.49500
C-G        0.00000    0.00000    0.00000    0.00000    0.00000    0.00000    -0.13300   -1.01800   3.05100    -2.62600   -6.07500   32.10600
A-T        0.00000    0.00000    0.00000    0.00000    0.00000    0.00000    0.37700    -0.59600   3.22300    2.15700    -0.58600   39.43900
C-G        0.00000    0.00000    0.00000    0.00000    0.00000    0.00000    0.90400    -1.56400   3.20700    2.30100    -8.21100   32.14900
A-T        0.00000    0.00000    0.00000    0.00000    0.00000    0.00000    0.52900    -0.91300   3.45700    1.67600    -11.71500  37.48500
A-T        0.00000    0.00000    0.00000    0.00000    0.00000    0.00000    -0.15265   -0.18120   3.22363    -2.04517   0.28801    33.73270
T-A        0.00000    0.00000    0.00000    0.00000    0.00000    0.00000    -0.01198   -0.77675   3.29712    -0.79267   -2.28636   31.62427
T-A        0.00000    0.00000    0.00000    0.00000    0.00000    0.00000    -0.00650   -0.41409   3.27101    -0.67354   -1.49041   35.28911
T-A        0.00000    0.00000    0.00000    0.00000    0.00000    0.00000    -0.04876   -0.20021   3.18975    -0.62131   4.77396    31.81612
A-T        0.00000    0.00000    0.00000    0.00000    0.00000    0.00000    0.02040    -0.16494   3.19529    -0.51038   12.55175   25.65192
T-A        0.00000    0.00000    0.00000    0.00000    0.00000    0.00000    -0.04218   -0.74802   3.20538    0.43346    1.74810    28.93949
T-A        0.00000    0.00000    0.00000    0.00000    0.00000    0.00000    -0.02923   -0.33376   3.26473    1.18590    1.87771    32.39365
C-G        0.00000    0.00000    0.00000    0.00000    0.00000    0.00000    0.06093    -0.10805   3.26107    1.11602    2.27174    34.13029
G-C        0.00000    0.00000    0.00000    0.00000    0.00000    0.00000    0.37231    0.58567    3.28152    2.95837    7.25819    33.07057
C-G        0.00000    0.00000    0.00000    0.00000    0.00000    0.00000    -0.05017   -0.40134   3.23714    -0.53494   2.75196    31.27593
A-T        0.00000    0.00000    0.00000    0.00000    0.00000    0.00000    -0.10237   0.48832    3.25427    -0.92210   1.03690    34.51969
A-T        0.00000    0.00000    0.00000    0.00000    0.00000    0.00000    0.05723    -0.27717   3.27599    -0.60309   -1.76145   33.76893
A-T        0.00000    0.00000    0.00000    0.00000    0.00000    0.00000    -0.04656   -0.40828   3.23249    -1.67791   -1.92045   34.68625
G-C        0.00000    0.00000    0.00000    0.00000    0.00000    0.00000    0.01201    -0.52790   3.31933    -0.45271   4.37571    31.01666
G-C        0.00000    0.00000    0.00000    0.00000    0.00000    0.00000    -0.01648   -0.53392   3.41614    -1.87968   7.42118    31.84821
C-G        0.00000    0.00000    0.00000    0.00000    0.00000    0.00000    -0.01312   -0.59960   3.21150    -0.11193   5.77875    31.03633
C-G        0.00000    0.00000    0.00000    0.00000    0.00000    0.00000    -0.16495   -0.38796   3.28434    0.71522    7.12045    31.72093
G-C        0.00000    0.00000    0.00000    0.00000    0.00000    0.00000    0.24940    0.15642    3.01846    3.16463    8.28822    28.43953
G-C        0.00000    0.00000    0.00000    0.00000    0.00000    0.00000    0.57563    -0.33722   3.31964    4.28935    4.00002    31.87997
C-G        0.00000    0.00000    0.00000    0.00000    0.00000    0.00000    0.27046    -0.37042   3.23776    2.48783    1.65272    32.73728
C-G        0.00000    0.00000    0.00000    0.00000    0.00000    0.00000    0.31248    -0.26427   3.37453    2.48792    -0.34514   34.11278
C-G        0.00000    0.00000    0.00000    0.00000    0.00000    0.00000    0.04243    -0.26598   3.34766    0.56878    1.08168    32.73616
G-C        0.00000    0.00000    0.00000    0.00000    0.00000    0.00000    -0.30797   1.03027    3.32227    -3.29383   2.32717    34.00900
A-T        0.00000    0.00000    0.00000    0.00000    0.00000    0.00000    -0.27904   -0.05396   3.11199    -3.30510   0.04439    34.61787
C-G        0.00000    0.00000    0.00000    0.00000    0.00000    0.00000    0.14687    -0.49774   3.14798    -1.61458   3.88008    29.91271
A-T        0.00000    0.00000    0.00000    0.00000    0.00000    0.00000    -0.11320   -0.23563   3.29135    -1.33913   8.63957    31.35921
C-G        0.00000    0.00000    0.00000    0.00000    0.00000    0.00000    0.20178    -0.53514   3.17410    -0.41668   5.96780    28.87485
G-C        0.00000    0.00000    0.00000    0.00000    0.00000    0.00000    0.07965    0.44132    3.30004    2.52529    8.10859    32.96207
A-T        0.00000    0.00000    0.00000    0.00000    0.00000    0.00000    0.03006    -0.08171   3.16473    0.74335    0.81638    34.98669
C-G        0.00000    0.00000    0.00000    0.00000    0.00000    0.00000    -0.12630   -0.70820   3.23068    1.56842    3.08449    30.86006
T-A        0.00000    0.00000    0.00000    0.00000    0.00000    0.00000    0.15540    -0.82112   3.55820    1.60146    -0.65608   32.73502
T-A        0.00000    0.00000    0.00000    0.00000    0.00000    0.00000    -0.19420   -0.57399   3.24734    0.32359    -3.46603   29.09900
A-T        0.00000    0.00000    0.00000    0.00000    0.00000    0.00000    -0.05124   0.33620    3.33846    -0.46097   -1.75270   38.18194
C-G        0.00000    0.00000    0.00000    0.00000    0.00000    0.00000    -0.05305   -0.67995   3.26637    -0.96007   0.11026    31.37838
T-A        0.00000    0.00000    0.00000    0.00000    0.00000    0.00000    -0.00234   -0.46923   3.32584    -1.21391   4.49716    31.31935
G-C        0.00000    0.00000    0.00000    0.00000    0.00000    0.00000    0.10914    -0.10960   3.37130    -2.84351   8.57944    32.20521
T-A        0.00000    0.00000    0.00000    0.00000    0.00000    0.00000    -0.08460   -0.61350   3.13238    -1.18123   5.46468    26.62683
A-T        0.00000    0.00000    0.00000    0.00000    0.00000    0.00000    0.20241    -1.29434   3.24381    -0.28498   17.96053   25.24442
G-C        0.00000    0.00000    0.00000    0.00000    0.00000    0.00000    -0.26747   -0.50491   3.16441    0.86351    7.43890    26.98852
G-C        0.00000    0.00000    0.00000    0.00000    0.00000    0.00000    -0.01964   -1.00423   3.55592    1.43342    5.52359    30.20494
T-A        0.00000    0.00000    0.00000    0.00000    0.00000    0.00000    0.17957    -0.53795   3.22472    1.85963    1.11364    29.78187
A-T        0.00000    0.00000    0.00000    0.00000    0.00000    0.00000    0.04616    -0.60034   3.34932    2.04367    2.59396    33.55162
T-A        0.00000    0.00000    0.00000    0.00000    0.00000    0.00000    -0.09455   -0.77651   3.22778    0.23963    -2.07070   29.40068
C-G        0.00000    0.00000    0.00000    0.00000    0.00000    0.00000    -0.11258   -0.15876   3.29235    -1.19593   1.13519    37.63063
A-T        0.00000    0.00000    0.00000    0.00000    0.00000    0.00000    -0.40518   0.00219    3.33301    -0.41554   5.63700    32.09520
T-A        0.00000    0.00000    0.00000    0.00000    0.00000    0.00000    -0.00080   -0.50728   3.19345    -0.57621   2.19607    28.55313
G-C        0.00000    0.00000    0.00000    0.00000    0.00000    0.00000    -0.03241   -0.37484   3.44637    -2.45929   5.92031    32.97446
T-A        0.00000    0.00000    0.00000    0.00000    0.00000    0.00000    -0.00218   -0.73021   3.22417    -0.66553   2.26466    29.33028
T-A        0.00000    0.00000    0.00000    0.00000    0.00000    0.00000    0.06587    -0.24007   3.11902    -0.17122   4.79597    29.99741
A-T        0.00000    0.00000    0.00000    0.00000    0.00000    0.00000    0.04158    -0.07492   3.24584    -0.23555   9.20936    28.69318
T-A        0.00000    0.00000    0.00000    0.00000    0.00000    0.00000    0.00048    -0.74476   3.12880    0.69482    0.32932    28.31651
A-T        0.00000    0.00000    0.00000    0.00000    0.00000    0.00000    -0.00371   0.02287    3.28366    1.84600    5.73560    31.09346
A-T        0.00000    0.00000    0.00000    0.00000    0.00000    0.00000    -0.04429   -0.23516   3.15918    0.59045    1.22385    31.88011
C-G        0.00000    0.00000    0.00000    0.00000    0.00000    0.00000    0.02191    -0.79538   3.35897    0.17374    -0.59969   32.00746
G-C        0.00000    0.00000    0.00000    0.00000    0.00000    0.00000    0.16253    0.25780    3.23749    0.69410    5.56167    33.36164
G-C        0.00000    0.00000    0.00000    0.00000    0.00000    0.00000    0.06110    -0.24130   3.27342    0.24237    5.00853    30.30585
A-T        0.00000    0.00000    0.00000    0.00000    0.00000    0.00000    -0.08037   -0.27384   3.30050    -0.37802   0.55801    35.39095
T-A        0.00000    0.00000    0.00000    0.00000    0.00000    0.00000    0.00029    -0.64061   3.23971    -0.45875   1.22324    30.24654
C-G        0.00000    0.00000    0.00000    0.00000    0.00000    0.00000    0.10356    -0.38893   3.36589    -0.93833   1.27241    36.15385
T-A        0.00000    0.00000    0.00000    0.00000    0.00000    0.00000    0.07024    -0.34980   3.27815    -0.55217   5.14931    29.44015
C-G        0.00000    0.00000    0.00000    0.00000    0.00000    0.00000    0.15805    -0.05750   3.27038    1.45087    4.75916    32.28944
G-C        0.00000    0.00000    0.00000    0.00000    0.00000    0.00000    0.02803    0.28459    3.23768    1.05242    13.06996   26.64613
A-T        0.00000    0.00000    0.00000    0.00000    0.00000    0.00000    -0.04093   -0.11481   3.31299    0.35130    3.61595    32.97060
G-C        0.00000    0.00000    0.00000    0.00000    0.00000    0.00000    0.05747    -0.36283   3.28904    1.09482    2.99030    29.77897
C-G        0.00000    0.00000    0.00000    0.00000    0.00000    0.00000    0.03742    -0.48851   3.36858    0.74031    2.17247    34.55953
T-A        0.00000    0.00000    0.00000    0.00000    0.00000    0.00000    -0.05846   -0.26071   3.27337    0.88265    1.02601    30.60685
C-G        0.00000    0.00000    0.00000    0.00000    0.00000    0.00000    0.12227    0.11858    3.27314    0.87398    1.48580    34.52682
G-C        0.00000    0.00000    0.00000    0.00000    0.00000    0.00000    0.09927    0.80066    3.26046    -0.21048   3.52489    32.46190
G-C        0.00000    0.00000    0.00000    0.00000    0.00000    0.00000    -0.14278   -0.21730   3.30387    -3.01950   3.24561    31.78505
G-C        0.00000    0.00000    0.00000    0.00000    0.00000    0.00000    -0.11594   -0.32982   3.32629    -0.83905   6.57794    31.14770
A-T        0.00000    0.00000    0.00000    0.00000    0.00000    0.00000    -0.06254   -0.26144   3.27676    -0.48733   2.56721    34.58475
T-A        0.00000    0.00000    0.00000    0.00000    0.00000    0.00000    -0.00088   -0.65339   3.22931    -0.14619   2.23601    29.96785
C-G        0.00000    0.00000    0.00000    0.00000    0.00000    0.00000    0.04992    -0.25451   3.26799    0.09071    3.01633    34.35929
C-G        0.00000    0.00000    0.00000    0.00000    0.00000    0.00000    -0.20790   -0.26755   3.25770    -0.73980   7.30503    29.67411
G-C        0.00000    0.00000    0.00000    0.00000    0.00000    0.00000    0.01942    0.39496    3.25503    1.03616    8.81181    31.03760
C-G        0.00000    0.00000    0.00000    0.00000    0.00000    0.00000    0.10470    -0.53457   3.41572    1.15642    1.26662    34.39262
T-A        0.00000    0.00000    0.00000    0.00000    0.00000    0.00000    0.33763    -0.45809   3.41372    3.35588    0.86683    33.66873
T-A        0.00000    0.00000    0.00000    0.00000    0.00000    0.00000    0.04438    -0.41246   3.23142    0.46568    -3.01011   34.97472
T-A        0.00000    0.00000    0.00000    0.00000    0.00000    0.00000    -0.03971   -0.35203   3.24042    -0.38698   -2.20483   34.15258
A-T        0.00000    0.00000    0.00000    0.00000    0.00000    0.00000    -0.06850   0.42785    3.25761    -1.10515   -0.93316   34.72340
A-T        0.00000    0.00000    0.00000    0.00000    0.00000    0.00000    -0.01269   -0.21724   3.15740    -1.74700   1.87277    31.59407
C-G        0.00000    0.00000    0.00000    0.00000    0.00000    0.00000    -0.00539   -0.71597   3.24742    -1.06980   2.50258    29.93613
A-T        0.00000    0.00000    0.00000    0.00000    0.00000    0.00000    -0.06874   -0.23740   3.30351    -0.61729   7.91949    31.71629
C-G        0.00000    0.00000    0.00000    0.00000    0.00000    0.00000    0.11459    -0.66114   3.26385    0.40800    3.13722    29.76764
T-A        0.00000    0.00000    0.00000    0.00000    0.00000    0.00000    0.11156    -0.70487   3.52028    0.48068    4.38346    32.97354
T-A        0.00000    0.00000    0.00000    0.00000    0.00000    0.00000    0.04342    -0.40649   3.22727    1.02967    -0.51633   34.42083
T-A        0.00000    0.00000    0.00000    0.00000    0.00000    0.00000    -0.02234   -0.30861   3.22411    0.59403    -0.63394   33.68881
A-T        0.00000    0.00000    0.00000    0.00000    0.00000    0.00000    0.04613    0.27741    3.35558    0.34335    0.10438    36.18904
T-A        0.00000    0.00000    0.00000    0.00000    0.00000    0.00000    -0.01651   -0.74710   3.19637    0.16327    0.75496    27.57294
G-C        0.00000    0.00000    0.00000    0.00000    0.00000    0.00000    0.01270    -0.25571   3.30644    0.18227    5.44857    37.11509
C-G        0.00000    0.00000    0.00000    0.00000    0.00000    0.00000    0.23402    -0.42973   3.22459    -2.22845   2.27388    32.28316
T-A        0.00000    0.00000    0.00000    0.00000    0.00000    0.00000    -0.01650   -0.47065   3.38543    -0.31706   2.56102    33.20265
T-A        0.00000    0.00000    0.00000    0.00000    0.00000    0.00000    -0.08220   -0.24253   3.18087    -0.97879   3.78048    32.36190
C-G        0.00000    0.00000    0.00000    0.00000    0.00000    0.00000    0.00404    -0.29727   3.24488    -0.75693   6.18925    32.13000
C-G        0.00000    0.00000    0.00000    0.00000    0.00000    0.00000    -0.38220   -0.25318   3.24381    -1.89656   8.71526    29.32851
G-C        0.00000    0.00000    0.00000    0.00000    0.00000    0.00000    0.09248    0.15713    3.02634    1.53193    8.81720    28.39698
G-C        0.00000    0.00000    0.00000    0.00000    0.00000    0.00000    0.47448    -0.32923   3.30374    3.27426    5.14711    31.77691
C-G        0.00000    0.00000    0.00000    0.00000    0.00000    0.00000    0.27357    -0.61172   3.29444    1.76030    2.12622    32.29779
T-A        0.00000    0.00000    0.00000    0.00000    0.00000    0.00000    -0.01547   -0.20331   3.26619    2.03383    0.22019    31.14818
C-G        0.00000    0.00000    0.00000    0.00000    0.00000    0.00000    0.19933    0.22357    3.25113    1.73604    0.40447    35.41483
G-C        0.00000    0.00000    0.00000    0.00000    0.00000    0.00000    -0.03207   0.44516    3.24688    -1.45534   1.23129    34.84889
T-A        0.00000    0.00000    0.00000    0.00000    0.00000    0.00000    0.21274    -0.56668   3.23753    -1.26639   1.74308    31.33547
A-T        0.00000    0.00000    0.00000    0.00000    0.00000    0.00000    -0.05181   -0.64154   3.37354    -1.59629   4.96127    33.36701
T-A        0.00000    0.00000    0.00000    0.00000    0.00000    0.00000    0.00206    -0.74379   3.12975    -1.37083   0.51519    28.52440
A-T        0.00000    0.00000    0.00000    0.00000    0.00000    0.00000    -0.05471   -0.11865   3.22949    -0.52391   10.93566   27.83305
A-T        0.00000    0.00000    0.00000    0.00000    0.00000    0.00000    -0.01574   -0.31504   3.20952    -0.09890   6.59972    32.16479
T-A        0.00000    0.00000    0.00000    0.00000    0.00000    0.00000    -0.02210   -0.64509   3.23559    0.92666    2.35558    29.46751
G-C        0.00000    0.00000    0.00000    0.00000    0.00000    0.00000    0.07569    -0.34737   3.41153    1.77332    7.97172    32.99984
T-A        0.00000    0.00000    0.00000    0.00000    0.00000    0.00000    0.23222    -0.52035   3.18450    2.68753    0.98171    28.17460
G-C        0.00000    0.00000    0.00000    0.00000    0.00000    0.00000    0.09410    -0.09977   3.27861    2.65530    2.57224    34.32093
T-A        0.00000    0.00000    0.00000    0.00000    0.00000    0.00000    -0.10055   -0.56374   3.20358    0.61476    0.43853    30.66065
C-G        0.00000    0.00000    0.00000    0.00000    0.00000    0.00000    0.06799    -0.06391   3.15484    0.68168    -1.26126   35.46676
G-C        0.00000    0.00000    0.00000    0.00000    0.00000    0.00000    -0.08120   0.55274    3.17729    -3.36004   3.48722    30.38218
A-T        0.00000    0.00000    0.00000    0.00000    0.00000    0.00000    -0.26869   -0.05942   3.11192    -3.21863   -0.07593   34.51642
C-G        0.00000    0.00000    0.00000    0.00000    0.00000    0.00000    -0.01727   -0.75078   3.20422    -1.73859   2.94648    30.86328
C-G        0.00000    0.00000    0.00000    0.00000    0.00000    0.00000    0.20166    -0.75179   3.32921    -1.24440   9.57659    28.41292
A-T        0.00000    0.00000    0.00000    0.00000    0.00000    0.00000    0.40914    -0.09235   3.32071    -1.16851   17.27909   25.46288
A-T        0.00000    0.00000    0.00000    0.00000    0.00000    0.00000    0.04811    -0.19145   3.24797    1.11089    4.38429    32.04093
A-T        0.00000    0.00000    0.00000    0.00000    0.00000    0.00000    0.00688    -0.40340   3.27417    0.93502    -1.29821   35.45166
T-A        0.00000    0.00000    0.00000    0.00000    0.00000    0.00000    -0.00441   -0.71884   3.25063    1.62140    0.27814    29.91241
G-C        0.00000    0.00000    0.00000    0.00000    0.00000    0.00000    -0.52900   -0.91300   3.45800    -1.68400   -11.70400  37.46900
T-A        0.00000    0.00000    0.00000    0.00000    0.00000    0.00000    -0.90500   -1.56500   3.20700    -2.32900   -8.23400   32.16600
G-C        0.00000    0.00000    0.00000    0.00000    0.00000    0.00000    -0.37700   -0.59600   3.22500    -2.12100   -0.58700   39.44300
A-T        0.00000    0.00000    0.00000    0.00000    0.00000    0.00000    0.13400    -1.01800   3.04900    2.58900    -6.06800   32.10200
G-C        0.00000    0.00000    0.00000    0.00000    0.00000    0.00000    0.92800    -0.52700   2.87900    -1.17100   -8.58500   33.49000
C-G        0.00000    0.00000    0.00000    0.00000    0.00000    0.00000    -0.67600   -0.12400   3.12600    12.53400   -5.63600   33.19400
G-C        0.00000    0.00000    0.00000    0.00000    0.00000    0.00000    0.05000    1.55100    5.41100    0.14800    60.11900   13.23800
C-G        0.00000    0.00000    0.00000    0.00000    0.00000    0.00000    0.71700    -0.08600   3.08700    -11.67300  -4.90200   33.30300
T-A        0.00000    0.00000    0.00000    0.00000    0.00000    0.00000    -0.96000   -0.48200   2.89500    0.89000    -7.57200   33.58000
C-G        0.00000    0.00000    0.00000    0.00000    0.00000    0.00000    -0.12100   -0.98300   3.10500    -2.86700   -6.38300   31.80500
A-T        0.00000    0.00000    0.00000    0.00000    0.00000    0.00000    0.32200    -0.59300   3.18200    1.64400    -0.34400   39.44100
C-G        0.00000    0.00000    0.00000    0.00000    0.00000    0.00000    0.92800    -1.59400   3.28000    2.05300    -8.66400   31.95900
A-T        0.00000    0.00000    0.00000    0.00000    0.00000    0.00000    0.27000    -1.09600   3.26800    -0.64500   -9.98600   39.97600
