147 # base pairs
  0 # ***local base-pair & step parameters***
#          Shear      Stretch    Stagger    Buckle     Prop-Tw    Opening    Shift      Slide      Rise       Tilt       Roll       Twist
T-A        0.00000    0.00000    0.00000    0.00000    0.00000    0.00000    0.00000    0.00000    0.00000    0.00000    0.00000    0.00000
G-C        0.00000    0.00000    0.00000    0.00000    0.00000    0.00000    -0.52900   -0.91400   3.45700    -1.68900   -11.71200  37.48600
T-A        0.00000    0.00000    0.00000    0.00000    0.00000    0.00000    -0.90500   -1.56600   3.20600    -2.28600   -8.20700   32.14700
G-C        0.00000    0.00000    0.00000    0.00000    0.00000    0.00000    -0.37800   -0.59600   3.22500    -2.16700   -0.60300   39.43900
A-T        0.00000    0.00000    0.00000    0.00000    0.00000    0.00000    0.13400    -1.01800   3.05000    2.61000    -6.09300   32.09300
G-C        0.00000    0.00000    0.00000    0.00000    0.00000    0.00000    0.92900    -0.52800   2.87800    -1.17000   -8.57000   33.49400
C-G        0.00000    0.00000    0.00000    0.00000    0.00000    0.00000    -0.67600   -0.12200   3.12700    12.55900   -5.64700   33.21100
G-C        0.00000    0.00000    0.00000    0.00000    0.00000    0.00000    0.04900    1.55300    5.41000    0.14200    60.15100   13.21000
C-G        0.00000    0.00000    0.00000    0.00000    0.00000    0.00000    0.71500    -0.08700   3.08800    -11.72400  -4.90600   33.28700
T-A        0.00000    0.00000    0.00000    0.00000    0.00000    0.00000    -0.96000   -0.48500   2.89400    0.89600    -7.58500   33.58500
C-G        0.00000    0.00000    0.00000    0.00000    0.00000    0.00000    -0.12000   -0.98300   3.10600    -2.86200   -6.42300   31.82500
A-T        0.00000    0.00000    0.00000    0.00000    0.00000    0.00000    0.32200    -0.59300   3.18200    1.65600    -0.34900   39.43600
C-G        0.00000    0.00000    0.00000    0.00000    0.00000    0.00000    0.92900    -1.59300   3.28000    2.06100    -8.65300   31.94300
A-T        0.00000    0.00000    0.00000    0.00000    0.00000    0.00000    0.27000    -1.09600   3.26800    -0.64500   -9.98900   39.97000
A-T        0.00000    0.00000    0.00000    0.00000    0.00000    0.00000    -0.14726   -0.14831   3.23002    -1.81344   -0.06105   34.87793
T-A        0.00000    0.00000    0.00000    0.00000    0.00000    0.00000    -0.01965   -0.75306   3.30395    -0.71618   -2.44389   32.40267
T-A        0.00000    0.00000    0.00000    0.00000    0.00000    0.00000    -0.00380   -0.38825   3.26987    -0.62398   -1.77972   35.89027
T-A        0.00000    0.00000    0.00000    0.00000    0.00000    0.00000    -0.01099   -0.18111   3.21852    -0.50100   3.40471    33.28454
A-T        0.00000    0.00000    0.00000    0.00000    0.00000    0.00000    0.06470    0.03083    3.27780    -0.37493   7.99547    31.27416
T-A        0.00000    0.00000    0.00000    0.00000    0.00000    0.00000    -0.00944   -0.73070   3.22643    0.12402    0.70647    30.31783
T-A        0.00000    0.00000    0.00000    0.00000    0.00000    0.00000    -0.00471   -0.31151   3.26073    1.00004    0.80731    33.94705
C-G        0.00000    0.00000    0.00000    0.00000    0.00000    0.00000    0.03455    -0.08124   3.27720    0.73640    2.12688    35.12068
G-C        0.00000    0.00000    0.00000    0.00000    0.00000    0.00000    0.14604    0.55647    3.31644    1.14978    8.17699    33.42869
C-G        0.00000    0.00000    0.00000    0.00000    0.00000    0.00000    -0.12007   -0.41352   3.24586    -0.86063   3.02886    31.47736
A-T        0.00000    0.00000    0.00000    0.00000    0.00000    0.00000    -0.14075   0.47685    3.27278    -0.86419   2.85663    35.00314
A-T        0.00000    0.00000    0.00000    0.00000    0.00000    0.00000    0.04593    -0.20748   3.27535    -0.02707   -0.39706   34.43427
A-T        0.00000    0.00000    0.00000    0.00000    0.00000    0.00000    -0.04830   -0.37990   3.23442    -0.76723   -1.50181   35.16314
G-C        0.00000    0.00000    0.00000    0.00000    0.00000    0.00000    0.02267    -0.47814   3.33264    0.11115    3.47712    31.86849
G-C        0.00000    0.00000    0.00000    0.00000    0.00000    0.00000    0.04283    -0.40778   3.41780    -0.78527   4.93270    33.78528
C-G        0.00000    0.00000    0.00000    0.00000    0.00000    0.00000    0.03816    -0.47938   3.23950    0.05796    3.79274    32.62311
C-G        0.00000    0.00000    0.00000    0.00000    0.00000    0.00000    -0.25246   -0.35535   3.32520    -0.46585   4.97486    32.77844
G-C        0.00000    0.00000    0.00000    0.00000    0.00000    0.00000    0.04094    0.19780    3.03822    0.50548    7.00525    29.66664
G-C        0.00000    0.00000    0.00000    0.00000    0.00000    0.00000    0.31933    -0.34802   3.33108    1.26606    4.47607    32.80049
C-G        0.00000    0.00000    0.00000    0.00000    0.00000    0.00000    0.00432    -0.44374   3.24373    0.32404    3.13747    32.88807
C-G        0.00000    0.00000    0.00000    0.00000    0.00000    0.00000    0.19501    -0.40074   3.37398    1.02320    3.72105    33.20619
C-G        0.00000    0.00000    0.00000    0.00000    0.00000    0.00000    0.06459    -0.21851   3.33024    1.90740    3.26755    33.01263
G-C        0.00000    0.00000    0.00000    0.00000    0.00000    0.00000    -0.17344   0.87498    3.28789    -0.74341   3.66263    33.51910
A-T        0.00000    0.00000    0.00000    0.00000    0.00000    0.00000    -0.08988   -0.05536   3.15532    -0.97316   -0.14340   35.54137
C-G        0.00000    0.00000    0.00000    0.00000    0.00000    0.00000    0.16543    -0.52382   3.17297    -0.08346   2.27775    30.85327
A-T        0.00000    0.00000    0.00000    0.00000    0.00000    0.00000    0.04150    -0.12692   3.32545    -0.85705   4.29931    34.50162
C-G        0.00000    0.00000    0.00000    0.00000    0.00000    0.00000    0.20815    -0.53225   3.25192    -0.35237   2.59662    30.16343
G-C        0.00000    0.00000    0.00000    0.00000    0.00000    0.00000    -0.04019   0.45542    3.27859    -0.87403   4.60249    34.58116
A-T        0.00000    0.00000    0.00000    0.00000    0.00000    0.00000    -0.15027   -0.07196   3.14716    -1.48486   0.48058    35.16035
C-G        0.00000    0.00000    0.00000    0.00000    0.00000    0.00000    -0.19070   -0.72290   3.20900    0.24376    4.12555    31.09245
T-A        0.00000    0.00000    0.00000    0.00000    0.00000    0.00000    0.06624    -0.69667   3.52397    -0.30215   3.98933    33.78037
T-A        0.00000    0.00000    0.00000    0.00000    0.00000    0.00000    -0.10185   -0.32154   3.19752    0.62574    1.94399    29.11461
A-T        0.00000    0.00000    0.00000    0.00000    0.00000    0.00000    0.02276    -0.11487   3.29341    0.73873    6.66952    33.20317
C-G        0.00000    0.00000    0.00000    0.00000    0.00000    0.00000    0.09282    -0.68235   3.26410    1.32417    1.52429    31.64676
T-A        0.00000    0.00000    0.00000    0.00000    0.00000    0.00000    -0.03970   -0.51582   3.32103    1.92630    4.40156    31.27326
G-C        0.00000    0.00000    0.00000    0.00000    0.00000    0.00000    0.10065    0.08582    3.33191    -0.55022   4.13868    34.79445
T-A        0.00000    0.00000    0.00000    0.00000    0.00000    0.00000    0.09501    -0.54245   3.16223    -0.15826   0.66955    30.68145
A-T        0.00000    0.00000    0.00000    0.00000    0.00000    0.00000    0.02812    0.29422    3.29928    -1.16413   0.63295    37.17740
G-C        0.00000    0.00000    0.00000    0.00000    0.00000    0.00000    -0.25969   -0.29745   3.22306    -2.44864   4.83578    29.34953
G-C        0.00000    0.00000    0.00000    0.00000    0.00000    0.00000    -0.10862   -0.90596   3.51212    -1.44078   5.60856    31.53150
T-A        0.00000    0.00000    0.00000    0.00000    0.00000    0.00000    0.04224    -0.47604   3.18864    -0.68087   3.11487    30.07953
A-T        0.00000    0.00000    0.00000    0.00000    0.00000    0.00000    -0.01672   -0.74762   3.38812    0.43336    9.30298    32.52686
T-A        0.00000    0.00000    0.00000    0.00000    0.00000    0.00000    -0.07388   -0.69025   3.18356    0.73745    2.86957    29.12719
C-G        0.00000    0.00000    0.00000    0.00000    0.00000    0.00000    0.08965    -0.29482   3.41586    1.18818    2.84193    37.58151
T-A        0.00000    0.00000    0.00000    0.00000    0.00000    0.00000    0.09060    -0.28518   3.27254    1.64087    3.69772    31.64099
C-G        0.00000    0.00000    0.00000    0.00000    0.00000    0.00000    0.35242    0.37229    3.21017    4.09959    0.99505    36.11747
G-C        0.00000    0.00000    0.00000    0.00000    0.00000    0.00000    0.07187    0.67166    3.19736    1.02118    1.21114    32.94260
A-T        0.00000    0.00000    0.00000    0.00000    0.00000    0.00000    -0.17657   0.25331    3.26557    -2.18863   -0.15651   36.80221
G-C        0.00000    0.00000    0.00000    0.00000    0.00000    0.00000    0.04141    -0.19527   3.27548    -2.81774   0.27754    32.10377
C-G        0.00000    0.00000    0.00000    0.00000    0.00000    0.00000    -0.13565   -0.52000   3.37008    -2.07076   2.61513    35.00348
T-A        0.00000    0.00000    0.00000    0.00000    0.00000    0.00000    -0.17847   -0.44244   3.30537    -2.30375   5.74405    30.01776
C-G        0.00000    0.00000    0.00000    0.00000    0.00000    0.00000    -0.01597   -0.15290   3.32797    -0.02148   5.70455    32.82440
G-C        0.00000    0.00000    0.00000    0.00000    0.00000    0.00000    0.29309    0.33361    3.17035    1.35633    8.42101    30.52307
G-C        0.00000    0.00000    0.00000    0.00000    0.00000    0.00000    0.11781    -0.34665   3.30496    1.27885    5.83106    31.95283
G-C        0.00000    0.00000    0.00000    0.00000    0.00000    0.00000    0.23781    -0.35208   3.34808    3.23570    6.92818    32.39159
A-T        0.00000    0.00000    0.00000    0.00000    0.00000    0.00000    0.00468    -0.26903   3.31276    2.22531    -0.42077   36.56405
T-A        0.00000    0.00000    0.00000    0.00000    0.00000    0.00000    0.02751    -0.61809   3.25901    0.76262    -0.59391   31.47493
C-G        0.00000    0.00000    0.00000    0.00000    0.00000    0.00000    0.09440    -0.31805   3.35817    -0.27781   -2.98338   37.66718
C-G        0.00000    0.00000    0.00000    0.00000    0.00000    0.00000    -0.17986   -0.19410   3.28532    -1.86611   3.89835    31.58324
G-C        0.00000    0.00000    0.00000    0.00000    0.00000    0.00000    -0.04531   0.44601    3.23551    -2.93756   5.10473    33.36311
C-G        0.00000    0.00000    0.00000    0.00000    0.00000    0.00000    -0.28842   -0.53092   3.40782    -3.31187   1.55692    34.41537
T-A        0.00000    0.00000    0.00000    0.00000    0.00000    0.00000    -0.23506   -0.47189   3.37694    -2.05143   4.85348    33.19199
T-A        0.00000    0.00000    0.00000    0.00000    0.00000    0.00000    0.04386    -0.43081   3.19535    -1.16446   3.90057    32.97980
T-A        0.00000    0.00000    0.00000    0.00000    0.00000    0.00000    -0.01116   -0.09635   3.18775    0.15511    6.95601    32.22681
A-T        0.00000    0.00000    0.00000    0.00000    0.00000    0.00000    0.18048    -0.08628   3.36094    2.10235    11.59760   33.05990
A-T        0.00000    0.00000    0.00000    0.00000    0.00000    0.00000    0.02703    -0.24074   3.15564    2.71962    2.31828    33.29124
C-G        0.00000    0.00000    0.00000    0.00000    0.00000    0.00000    0.09573    -0.64915   3.30512    2.54605    -1.72959   32.72725
A-T        0.00000    0.00000    0.00000    0.00000    0.00000    0.00000    0.14345    -0.04694   3.32976    0.23554    0.32489    36.54903
C-G        0.00000    0.00000    0.00000    0.00000    0.00000    0.00000    0.00932    -0.76938   3.33964    -0.64807   -1.09280   31.85502
T-A        0.00000    0.00000    0.00000    0.00000    0.00000    0.00000    0.10020    -0.82811   3.54790    -2.18096   -1.48674   33.41803
T-A        0.00000    0.00000    0.00000    0.00000    0.00000    0.00000    0.02653    -0.42197   3.21834    -1.67549   -1.51974   34.79424
T-A        0.00000    0.00000    0.00000    0.00000    0.00000    0.00000    -0.07707   -0.19053   3.22955    -1.50735   2.82255    33.79214
A-T        0.00000    0.00000    0.00000    0.00000    0.00000    0.00000    -0.01451   0.04479    3.23425    -2.27762   10.84026   29.36136
T-A        0.00000    0.00000    0.00000    0.00000    0.00000    0.00000    0.02853    -0.73794   3.09988    -0.16494   5.68155    27.04379
G-C        0.00000    0.00000    0.00000    0.00000    0.00000    0.00000    0.03167    -0.28890   3.34089    0.70303    7.24869    36.59762
C-G        0.00000    0.00000    0.00000    0.00000    0.00000    0.00000    0.29472    -0.46669   3.23671    1.08958    4.23882    32.41796
T-A        0.00000    0.00000    0.00000    0.00000    0.00000    0.00000    0.58293    -0.47064   3.44376    5.84125    1.00196    34.28432
T-A        0.00000    0.00000    0.00000    0.00000    0.00000    0.00000    0.03045    -0.28188   3.20762    1.74482    0.42936    34.48944
C-G        0.00000    0.00000    0.00000    0.00000    0.00000    0.00000    0.12173    -0.25233   3.36641    1.00924    -2.54878   36.84328
C-G        0.00000    0.00000    0.00000    0.00000    0.00000    0.00000    -0.15116   -0.17641   3.28482    -1.17964   3.77255    31.71611
G-C        0.00000    0.00000    0.00000    0.00000    0.00000    0.00000    -0.27898   0.32510    3.03244    -2.83204   3.83267    30.57527
G-C        0.00000    0.00000    0.00000    0.00000    0.00000    0.00000    0.04745    -0.29723   3.32920    -2.31553   4.06494    33.66271
C-G        0.00000    0.00000    0.00000    0.00000    0.00000    0.00000    -0.01083   -0.61088   3.28057    -2.02943   3.10033    32.53208
T-A        0.00000    0.00000    0.00000    0.00000    0.00000    0.00000    -0.09357   -0.41866   3.29331    -1.34923   6.12486    29.79053
C-G        0.00000    0.00000    0.00000    0.00000    0.00000    0.00000    0.28851    -0.16657   3.21963    1.07849    6.32308    32.72578
A-T        0.00000    0.00000    0.00000    0.00000    0.00000    0.00000    -0.20427   -0.77656   3.39032    5.01717    9.82835    29.06942
T-A        0.00000    0.00000    0.00000    0.00000    0.00000    0.00000    0.02876    -0.50436   3.19341    0.69053    3.66873    28.76547
G-C        0.00000    0.00000    0.00000    0.00000    0.00000    0.00000    0.04026    -0.35578   3.39331    1.46923    4.94647    34.72307
T-A        0.00000    0.00000    0.00000    0.00000    0.00000    0.00000    -0.03799   -0.65556   3.30723    0.80773    -0.21242   32.01145
T-A        0.00000    0.00000    0.00000    0.00000    0.00000    0.00000    -0.04263   -0.21097   3.20507    1.16930    -2.14078   34.09923
A-T        0.00000    0.00000    0.00000    0.00000    0.00000    0.00000    -0.02570   0.32867    3.38736    -1.08473   -1.84017   38.34505
T-A        0.00000    0.00000    0.00000    0.00000    0.00000    0.00000    -0.02169   -0.70835   3.16617    -0.87327   -1.53010   29.55606
A-T        0.00000    0.00000    0.00000    0.00000    0.00000    0.00000    -0.05847   0.28151    3.33418    -0.85060   2.81109    35.36675
A-T        0.00000    0.00000    0.00000    0.00000    0.00000    0.00000    0.00162    -0.19938   3.15398    -1.25468   2.55632    31.97247
C-G        0.00000    0.00000    0.00000    0.00000    0.00000    0.00000    0.03510    -0.75884   3.29728    -0.67911   2.39608    31.81601
G-C        0.00000    0.00000    0.00000    0.00000    0.00000    0.00000    0.20163    0.32307    3.22872    0.20635    11.14280   30.44327
G-C        0.00000    0.00000    0.00000    0.00000    0.00000    0.00000    0.43235    -0.21228   3.25695    2.60628    7.90265    30.37347
A-T        0.00000    0.00000    0.00000    0.00000    0.00000    0.00000    -0.02584   -0.27310   3.29914    0.82521    1.46418    35.67892
T-A        0.00000    0.00000    0.00000    0.00000    0.00000    0.00000    0.00071    -0.63950   3.24350    0.37159    1.09853    30.85688
C-G        0.00000    0.00000    0.00000    0.00000    0.00000    0.00000    0.10609    -0.07637   3.32959    0.79947    1.58147    36.23019
G-C        0.00000    0.00000    0.00000    0.00000    0.00000    0.00000    -0.03161   0.46759    3.27194    -0.21161   3.06740    35.01847
T-A        0.00000    0.00000    0.00000    0.00000    0.00000    0.00000    0.17282    -0.53606   3.22787    -0.27085   2.07468    31.40777
A-T        0.00000    0.00000    0.00000    0.00000    0.00000    0.00000    -0.02682   -0.53557   3.37419    -0.09717   4.01938    34.52077
T-A        0.00000    0.00000    0.00000    0.00000    0.00000    0.00000    0.00607    -0.71552   3.15813    -0.34814   -0.57686   29.48366
A-T        0.00000    0.00000    0.00000    0.00000    0.00000    0.00000    -0.00513   0.22636    3.32399    0.21215    3.75511    34.52488
A-T        0.00000    0.00000    0.00000    0.00000    0.00000    0.00000    0.03270    -0.34889   3.21732    -0.17003   2.10773    33.55294
T-A        0.00000    0.00000    0.00000    0.00000    0.00000    0.00000    0.02695    -0.68782   3.26118    0.13682    0.30612    30.62623
G-C        0.00000    0.00000    0.00000    0.00000    0.00000    0.00000    -0.00048   -0.35111   3.43688    -0.66310   5.43892    34.51803
T-A        0.00000    0.00000    0.00000    0.00000    0.00000    0.00000    0.05867    -0.52513   3.22172    0.15729    1.25037    29.10926
G-C        0.00000    0.00000    0.00000    0.00000    0.00000    0.00000    -0.03034   -0.18335   3.32779    0.44852    5.23918    33.76076
T-A        0.00000    0.00000    0.00000    0.00000    0.00000    0.00000    -0.17313   -0.52900   3.16622    -0.00844   2.81646    30.56807
C-G        0.00000    0.00000    0.00000    0.00000    0.00000    0.00000    0.09061    -0.06347   3.15250    1.05450    0.21226    35.27580
G-C        0.00000    0.00000    0.00000    0.00000    0.00000    0.00000    -0.01750   0.51009    3.24488    0.48428    9.32071    29.69529
A-T        0.00000    0.00000    0.00000    0.00000    0.00000    0.00000    -0.08207   -0.05817   3.15627    -0.71194   0.09002    35.41343
C-G        0.00000    0.00000    0.00000    0.00000    0.00000    0.00000    -0.09304   -0.78636   3.20486    0.07303    2.44711    31.49734
C-G        0.00000    0.00000    0.00000    0.00000    0.00000    0.00000    0.18396    -0.53122   3.37077    0.89278    6.12910    30.99710
A-T        0.00000    0.00000    0.00000    0.00000    0.00000    0.00000    0.02986    0.65611    3.27701    -0.72172   4.37309    34.36201
A-T        0.00000    0.00000    0.00000    0.00000    0.00000    0.00000    0.09840    -0.24575   3.27799    0.15633    -0.49496   34.34136
A-T        0.00000    0.00000    0.00000    0.00000    0.00000    0.00000    0.00979    -0.42495   3.25562    -0.65882   -2.75262   35.84941
T-A        0.00000    0.00000    0.00000    0.00000    0.00000    0.00000    -0.00709   -0.69028   3.26330    -0.49005   0.22259    30.69578
G-C        0.00000    0.00000    0.00000    0.00000    0.00000    0.00000    -0.52900   -0.91300   3.45600    -1.67700   -11.71400  37.49400
T-A        0.00000    0.00000    0.00000    0.00000    0.00000    0.00000    -0.90500   -1.56500   3.20800    -2.32800   -8.21500   32.14400
G-C        0.00000    0.00000    0.00000    0.00000    0.00000    0.00000    -0.37700   -0.59700   3.22400    -2.12800   -0.61200   39.44800
A-T        0.00000    0.00000    0.00000    0.00000    0.00000    0.00000    0.13400    -1.01800   3.05000    2.61500    -6.07800   32.10400
G-C        0.00000    0.00000    0.00000    0.00000    0.00000    0.00000    0.92900    -0.52800   2.87800    -1.17000   -8.56800   33.48600
C-G        0.00000    0.00000    0.00000    0.00000    0.00000    0.00000    -0.67600   -0.12300   3.12700    12.52000   -5.63700   33.19300
G-C        0.00000    0.00000    0.00000    0.00000    0.00000    0.00000    0.04800    1.55200    5.40900    0.16300    60.14800   13.23700
C-G        0.00000    0.00000    0.00000    0.00000    0.00000    0.00000    0.71600    -0.08700   3.08800    -11.70600  -4.92500   33.30400
T-A        0.00000    0.00000    0.00000    0.00000    0.00000    0.00000    -0.96100   -0.48200   2.89500    0.91000    -7.58900   33.57800
C-G        0.00000    0.00000    0.00000    0.00000    0.00000    0.00000    -0.12000   -0.98200   3.10500    -2.85700   -6.37300   31.80800
A-T        0.00000    0.00000    0.00000    0.00000    0.00000    0.00000    0.32300    -0.59400   3.18200    1.62300    -0.34600   39.45200
C-G        0.00000    0.00000    0.00000    0.00000    0.00000    0.00000    0.92900    -1.59400   3.28000    2.05500    -8.65500   31.92100
A-T        0.00000    0.00000    0.00000    0.00000    0.00000    0.00000    0.27000    -1.09600   3.26800    -0.62400   -9.99700   39.99000
