147 # base pairs
  0 # ***local base-pair & step parameters***
#          Shear      Stretch    Stagger    Buckle     Prop-Tw    Opening    Shift      Slide      Rise       Tilt       Roll       Twist
T-A        0.00000    0.00000    0.00000    0.00000    0.00000    0.00000    0.00000    0.00000    0.00000    0.00000    0.00000    0.00000
G-C        0.00000    0.00000    0.00000    0.00000    0.00000    0.00000    -0.52900   -0.91400   3.45700    -1.68900   -11.71200  37.48600
T-A        0.00000    0.00000    0.00000    0.00000    0.00000    0.00000    -0.90500   -1.56600   3.20600    -2.28600   -8.20700   32.14700
G-C        0.00000    0.00000    0.00000    0.00000    0.00000    0.00000    -0.37800   -0.59600   3.22500    -2.16700   -0.60300   39.43900
A-T        0.00000    0.00000    0.00000    0.00000    0.00000    0.00000    0.13400    -1.01800   3.05000    2.61000    -6.09300   32.09300
G-C        0.00000    0.00000    0.00000    0.00000    0.00000    0.00000    0.92900    -0.52800   2.87800    -1.17000   -8.57000   33.49400
C-G        0.00000    0.00000    0.00000    0.00000    0.00000    0.00000    -0.67600   -0.12200   3.12700    12.55900   -5.64700   33.21100
G-C        0.00000    0.00000    0.00000    0.00000    0.00000    0.00000    0.04900    1.55300    5.41000    0.14200    60.15100   13.21000
C-G        0.00000    0.00000    0.00000    0.00000    0.00000    0.00000    0.71500    -0.08700   3.08800    -11.72400  -4.90600   33.28700
T-A        0.00000    0.00000    0.00000    0.00000    0.00000    0.00000    -0.96000   -0.48500   2.89400    0.89600    -7.58500   33.58500
C-G        0.00000    0.00000    0.00000    0.00000    0.00000    0.00000    -0.12000   -0.98300   3.10600    -2.86200   -6.42300   31.82500
A-T        0.00000    0.00000    0.00000    0.00000    0.00000    0.00000    0.32200    -0.59300   3.18200    1.65600    -0.34900   39.43600
C-G        0.00000    0.00000    0.00000    0.00000    0.00000    0.00000    0.92900    -1.59300   3.28000    2.06100    -8.65300   31.94300
A-T        0.00000    0.00000    0.00000    0.00000    0.00000    0.00000    0.27000    -1.09600   3.26800    -0.64500   -9.98900   39.97000
A-T        0.00000    0.00000    0.00000    0.00000    0.00000    0.00000    -0.00448   -0.31345   3.23996    -0.57879   -1.93613   34.87834
T-A        0.00000    0.00000    0.00000    0.00000    0.00000    0.00000    -0.01341   -0.68689   3.22424    -0.60492   -0.34959   30.31164
T-A        0.00000    0.00000    0.00000    0.00000    0.00000    0.00000    -0.03988   -0.27262   3.22947    -0.92035   0.44643    34.23592
T-A        0.00000    0.00000    0.00000    0.00000    0.00000    0.00000    -0.02235   -0.26113   3.22453    -0.70669   1.53180    33.89181
A-T        0.00000    0.00000    0.00000    0.00000    0.00000    0.00000    0.02675    -0.20812   3.31883    -0.26381   7.85742    33.19517
T-A        0.00000    0.00000    0.00000    0.00000    0.00000    0.00000    0.02130    -0.68450   3.20347    0.15011    1.48590    29.70724
T-A        0.00000    0.00000    0.00000    0.00000    0.00000    0.00000    0.00230    -0.28641   3.22572    0.46721    1.29862    33.81089
C-G        0.00000    0.00000    0.00000    0.00000    0.00000    0.00000    0.09222    -0.14615   3.26384    0.97553    2.41147    35.31901
G-C        0.00000    0.00000    0.00000    0.00000    0.00000    0.00000    0.07556    0.31857    3.32018    1.34386    6.16809    33.52639
C-G        0.00000    0.00000    0.00000    0.00000    0.00000    0.00000    0.00525    -0.43707   3.28863    0.43371    2.13259    32.97024
A-T        0.00000    0.00000    0.00000    0.00000    0.00000    0.00000    -0.08629   0.20902    3.31245    0.10321    4.56406    34.78182
A-T        0.00000    0.00000    0.00000    0.00000    0.00000    0.00000    0.00669    -0.29453   3.23721    -0.23961   -1.10054   34.77075
A-T        0.00000    0.00000    0.00000    0.00000    0.00000    0.00000    0.01292    -0.28422   3.23487    -0.41174   -0.60480   34.63397
G-C        0.00000    0.00000    0.00000    0.00000    0.00000    0.00000    -0.02636   -0.33416   3.28756    -1.02805   3.70099    31.50145
G-C        0.00000    0.00000    0.00000    0.00000    0.00000    0.00000    -0.01639   -0.34955   3.35028    -0.51034   5.36779    32.40599
C-G        0.00000    0.00000    0.00000    0.00000    0.00000    0.00000    0.01274    -0.46926   3.27007    -0.19970   3.25035    32.53577
C-G        0.00000    0.00000    0.00000    0.00000    0.00000    0.00000    0.02776    -0.40248   3.35483    -0.01143   5.68006    32.16583
G-C        0.00000    0.00000    0.00000    0.00000    0.00000    0.00000    0.02714    0.26475    3.32575    0.31088    7.46924    33.07198
G-C        0.00000    0.00000    0.00000    0.00000    0.00000    0.00000    0.01303    -0.40729   3.35791    0.37219    5.42919    32.25746
C-G        0.00000    0.00000    0.00000    0.00000    0.00000    0.00000    -0.00079   -0.46403   3.27708    0.30271    2.92069    32.68438
C-G        0.00000    0.00000    0.00000    0.00000    0.00000    0.00000    0.00306    -0.35451   3.35504    0.35966    4.96207    32.55194
C-G        0.00000    0.00000    0.00000    0.00000    0.00000    0.00000    0.01204    -0.32672   3.35334    0.36355    4.73875    32.68879
G-C        0.00000    0.00000    0.00000    0.00000    0.00000    0.00000    0.01972    0.40007    3.31898    0.42280    5.89334    33.82337
A-T        0.00000    0.00000    0.00000    0.00000    0.00000    0.00000    -0.01425   -0.10830   3.27581    0.03439    1.46105    35.96419
C-G        0.00000    0.00000    0.00000    0.00000    0.00000    0.00000    0.03028    -0.63052   3.25677    0.10780    1.25038    31.44821
A-T        0.00000    0.00000    0.00000    0.00000    0.00000    0.00000    -0.04543   0.17913    3.31752    -0.25793   5.16329    34.62804
C-G        0.00000    0.00000    0.00000    0.00000    0.00000    0.00000    0.02343    -0.64562   3.25204    -0.18963   1.56986    31.30809
G-C        0.00000    0.00000    0.00000    0.00000    0.00000    0.00000    -0.05866   0.29024    3.32479    -1.02786   6.87916    33.34516
A-T        0.00000    0.00000    0.00000    0.00000    0.00000    0.00000    -0.06909   -0.14491   3.26382    -0.61280   2.68945    35.30792
C-G        0.00000    0.00000    0.00000    0.00000    0.00000    0.00000    -0.03389   -0.65373   3.23111    -0.00806   2.60906    30.93995
T-A        0.00000    0.00000    0.00000    0.00000    0.00000    0.00000    -0.00550   -0.36495   3.28219    0.48373    4.82348    31.06694
T-A        0.00000    0.00000    0.00000    0.00000    0.00000    0.00000    -0.03092   -0.26877   3.22616    0.30867    1.21783    33.96903
A-T        0.00000    0.00000    0.00000    0.00000    0.00000    0.00000    0.01200    0.06666    3.32591    0.81751    4.28940    35.40559
C-G        0.00000    0.00000    0.00000    0.00000    0.00000    0.00000    0.02213    -0.63109   3.25023    0.90155    1.58230    31.30606
T-A        0.00000    0.00000    0.00000    0.00000    0.00000    0.00000    0.07252    -0.32561   3.29475    1.17503    2.72875    31.80389
G-C        0.00000    0.00000    0.00000    0.00000    0.00000    0.00000    0.10543    0.25503    3.30814    0.35192    3.90315    35.19140
T-A        0.00000    0.00000    0.00000    0.00000    0.00000    0.00000    0.01902    -0.64289   3.27252    -0.42873   0.55636    31.67049
A-T        0.00000    0.00000    0.00000    0.00000    0.00000    0.00000    -0.01306   0.22007    3.34009    -0.95489   0.30959    37.57771
G-C        0.00000    0.00000    0.00000    0.00000    0.00000    0.00000    -0.04933   -0.37444   3.29130    -1.81175   3.65008    31.48482
G-C        0.00000    0.00000    0.00000    0.00000    0.00000    0.00000    -0.15177   -0.40268   3.35314    -1.58938   5.93056    32.14917
T-A        0.00000    0.00000    0.00000    0.00000    0.00000    0.00000    -0.03853   -0.65741   3.21874    -0.79477   3.27468    30.67488
A-T        0.00000    0.00000    0.00000    0.00000    0.00000    0.00000    -0.03791   -0.33014   3.31451    0.00030    9.63836    32.15579
T-A        0.00000    0.00000    0.00000    0.00000    0.00000    0.00000    -0.01378   -0.67490   3.19779    0.43893    1.83251    29.63699
C-G        0.00000    0.00000    0.00000    0.00000    0.00000    0.00000    0.12140    -0.10416   3.25385    1.54836    3.06853    35.18600
T-A        0.00000    0.00000    0.00000    0.00000    0.00000    0.00000    0.07286    -0.32918   3.28590    2.20390    3.41083    31.59110
C-G        0.00000    0.00000    0.00000    0.00000    0.00000    0.00000    0.14758    -0.11234   3.27754    1.47105    0.45044    36.20894
G-C        0.00000    0.00000    0.00000    0.00000    0.00000    0.00000    0.08832    0.46658    3.30951    0.85307    3.17167    34.74362
A-T        0.00000    0.00000    0.00000    0.00000    0.00000    0.00000    -0.06630   -0.13542   3.28949    -0.76158   -0.33615   36.54524
G-C        0.00000    0.00000    0.00000    0.00000    0.00000    0.00000    -0.05187   -0.36479   3.29877    -2.14871   2.27367    31.92011
C-G        0.00000    0.00000    0.00000    0.00000    0.00000    0.00000    -0.16520   -0.46632   3.27778    -2.13516   2.84115    32.70376
T-A        0.00000    0.00000    0.00000    0.00000    0.00000    0.00000    -0.02947   -0.37408   3.28055    -1.57874   5.25198    30.80261
C-G        0.00000    0.00000    0.00000    0.00000    0.00000    0.00000    -0.07149   -0.13326   3.24566    -0.93351   4.86344    34.49389
G-C        0.00000    0.00000    0.00000    0.00000    0.00000    0.00000    0.00970    0.18881    3.32531    0.48912    10.89841   31.78252
G-C        0.00000    0.00000    0.00000    0.00000    0.00000    0.00000    0.16044    -0.40701   3.33551    2.01908    7.44656    31.55360
G-C        0.00000    0.00000    0.00000    0.00000    0.00000    0.00000    0.24967    -0.37154   3.34433    2.96887    5.96406    32.18397
A-T        0.00000    0.00000    0.00000    0.00000    0.00000    0.00000    0.14691    -0.12033   3.28582    2.24112    0.99312    36.29104
T-A        0.00000    0.00000    0.00000    0.00000    0.00000    0.00000    0.02105    -0.70142   3.24575    0.75434    -2.06129   30.99807
C-G        0.00000    0.00000    0.00000    0.00000    0.00000    0.00000    0.06417    -0.13439   3.29636    0.26077    -1.28558   36.89624
T-A        0.00000    0.00000    0.00000    0.00000    0.00000    0.00000    0.03620    -0.33890   3.31281    -1.13325   0.71350    32.34263
C-G        0.00000    0.00000    0.00000    0.00000    0.00000    0.00000    -0.13651   -0.14564   3.28753    -2.26489   0.71890    36.24490
A-T        0.00000    0.00000    0.00000    0.00000    0.00000    0.00000    -0.23081   0.08218    3.32191    -2.72279   6.89409    33.87316
T-A        0.00000    0.00000    0.00000    0.00000    0.00000    0.00000    -0.01805   -0.67650   3.18891    -0.96726   2.43310    29.34002
G-C        0.00000    0.00000    0.00000    0.00000    0.00000    0.00000    0.02835    -0.13215   3.34824    -1.08139   10.78868   31.69608
T-A        0.00000    0.00000    0.00000    0.00000    0.00000    0.00000    0.02686    -0.64203   3.17897    0.34503    4.77308    30.06768
T-A        0.00000    0.00000    0.00000    0.00000    0.00000    0.00000    0.01484    -0.24740   3.21241    1.32875    3.22842    33.12884
A-T        0.00000    0.00000    0.00000    0.00000    0.00000    0.00000    0.11534    -0.03019   3.31908    2.64482    4.99859    34.70908
T-A        0.00000    0.00000    0.00000    0.00000    0.00000    0.00000    0.01694    -0.69731   3.23172    1.23599    -1.03163   30.52273
A-T        0.00000    0.00000    0.00000    0.00000    0.00000    0.00000    0.05598    0.61305    3.34112    1.27352    -5.63549   40.59112
A-T        0.00000    0.00000    0.00000    0.00000    0.00000    0.00000    0.01657    -0.36212   3.24913    -0.45493   -4.48983   35.54612
C-G        0.00000    0.00000    0.00000    0.00000    0.00000    0.00000    -0.02885   -0.62532   3.27651    -1.23564   -0.22818   31.62674
G-C        0.00000    0.00000    0.00000    0.00000    0.00000    0.00000    -0.31969   0.36926    3.30101    -4.51303   5.73938    33.37004
G-C        0.00000    0.00000    0.00000    0.00000    0.00000    0.00000    -0.24869   -0.36857   3.33252    -2.94031   6.35356    31.57868
A-T        0.00000    0.00000    0.00000    0.00000    0.00000    0.00000    -0.11788   -0.12764   3.22549    -1.50116   5.10549    33.80746
C-G        0.00000    0.00000    0.00000    0.00000    0.00000    0.00000    -0.00015   -0.64877   3.17589    0.15237    4.75716    29.65319
G-C        0.00000    0.00000    0.00000    0.00000    0.00000    0.00000    0.16706    0.15630    3.31092    2.19883    10.95206   31.20233
C-G        0.00000    0.00000    0.00000    0.00000    0.00000    0.00000    0.18011    -0.49857   3.24522    2.25446    4.14447    31.78400
T-A        0.00000    0.00000    0.00000    0.00000    0.00000    0.00000    0.07513    -0.37702   3.27696    2.93533    3.61756    30.96444
T-A        0.00000    0.00000    0.00000    0.00000    0.00000    0.00000    -0.00216   -0.34520   3.23904    1.35486    -2.47663   34.68927
T-A        0.00000    0.00000    0.00000    0.00000    0.00000    0.00000    -0.03200   -0.35895   3.24443    0.49484    -3.64664   35.02883
A-T        0.00000    0.00000    0.00000    0.00000    0.00000    0.00000    -0.06736   0.51397    3.33243    -0.91611   -4.01603   39.27841
A-T        0.00000    0.00000    0.00000    0.00000    0.00000    0.00000    -0.01785   -0.31589   3.23562    -1.42116   -1.69285   34.53345
C-G        0.00000    0.00000    0.00000    0.00000    0.00000    0.00000    -0.04122   -0.61869   3.22787    -1.41137   2.08951    30.78566
A-T        0.00000    0.00000    0.00000    0.00000    0.00000    0.00000    -0.15120   0.04407    3.32399    -1.57442   8.33566    32.78754
C-G        0.00000    0.00000    0.00000    0.00000    0.00000    0.00000    0.01030    -0.63941   3.19208    -0.25752   4.01033    29.98827
T-A        0.00000    0.00000    0.00000    0.00000    0.00000    0.00000    0.06285    -0.37846   3.25880    0.82322    6.43696    29.92218
T-A        0.00000    0.00000    0.00000    0.00000    0.00000    0.00000    0.01530    -0.28137   3.21556    0.82858    2.55643    32.93692
T-A        0.00000    0.00000    0.00000    0.00000    0.00000    0.00000    0.01100    -0.30858   3.22324    1.17083    0.92109    33.41839
A-T        0.00000    0.00000    0.00000    0.00000    0.00000    0.00000    0.04799    0.01868    3.32118    1.50355    2.37190    35.29200
T-A        0.00000    0.00000    0.00000    0.00000    0.00000    0.00000    -0.01319   -0.70615   3.23156    0.46416    -1.06666   30.18005
G-C        0.00000    0.00000    0.00000    0.00000    0.00000    0.00000    0.02606    0.21648    3.29404    -0.02485   3.59055    34.51211
C-G        0.00000    0.00000    0.00000    0.00000    0.00000    0.00000    -0.08095   -0.40955   3.28309    -0.75068   1.61520    32.65108
T-A        0.00000    0.00000    0.00000    0.00000    0.00000    0.00000    0.00878    -0.33729   3.28322    -0.89154   2.88956    30.95100
T-A        0.00000    0.00000    0.00000    0.00000    0.00000    0.00000    -0.04302   -0.29131   3.22564    -0.92359   0.39077    33.68967
C-G        0.00000    0.00000    0.00000    0.00000    0.00000    0.00000    -0.02409   -0.12864   3.25107    -0.82826   3.24924    34.62972
C-G        0.00000    0.00000    0.00000    0.00000    0.00000    0.00000    -0.00406   -0.41604   3.33618    -0.48627   6.66993    31.21921
G-C        0.00000    0.00000    0.00000    0.00000    0.00000    0.00000    0.07089    0.22320    3.30934    0.61712    8.92209    31.88609
G-C        0.00000    0.00000    0.00000    0.00000    0.00000    0.00000    0.12054    -0.45217   3.34607    1.18652    6.18088    31.36089
C-G        0.00000    0.00000    0.00000    0.00000    0.00000    0.00000    0.07827    -0.47586   3.26512    1.01758    3.09781    32.12614
T-A        0.00000    0.00000    0.00000    0.00000    0.00000    0.00000    0.03199    -0.38231   3.28379    1.25986    3.32137    30.90093
C-G        0.00000    0.00000    0.00000    0.00000    0.00000    0.00000    0.04304    -0.14593   3.26895    0.48871    1.24783    35.38619
G-C        0.00000    0.00000    0.00000    0.00000    0.00000    0.00000    -0.04090   0.37918    3.30196    -0.16485   5.31924    33.34621
T-A        0.00000    0.00000    0.00000    0.00000    0.00000    0.00000    -0.04611   -0.63217   3.25108    -0.48783   1.19846    30.90516
A-T        0.00000    0.00000    0.00000    0.00000    0.00000    0.00000    -0.03291   0.13648    3.31807    -0.60062   2.63388    35.51886
T-A        0.00000    0.00000    0.00000    0.00000    0.00000    0.00000    0.00508    -0.68528   3.21260    -0.31179   0.41235    29.76728
A-T        0.00000    0.00000    0.00000    0.00000    0.00000    0.00000    0.01359    -0.05934   3.31323    -0.41390   5.29391    33.92478
A-T        0.00000    0.00000    0.00000    0.00000    0.00000    0.00000    0.03973    -0.29258   3.22401    -0.09287   1.00077    33.49618
T-A        0.00000    0.00000    0.00000    0.00000    0.00000    0.00000    0.01859    -0.69292   3.20825    -0.00332   0.88276    29.56664
G-C        0.00000    0.00000    0.00000    0.00000    0.00000    0.00000    0.09847    -0.00404   3.32337    0.02148    7.00922    32.97820
T-A        0.00000    0.00000    0.00000    0.00000    0.00000    0.00000    -0.00303   -0.65666   3.23433    0.01212    2.16269    30.57402
G-C        0.00000    0.00000    0.00000    0.00000    0.00000    0.00000    0.06548    0.03878    3.31880    0.15394    6.41867    33.30920
T-A        0.00000    0.00000    0.00000    0.00000    0.00000    0.00000    -0.03524   -0.64503   3.24002    0.01717    1.82342    30.71299
C-G        0.00000    0.00000    0.00000    0.00000    0.00000    0.00000    0.02308    -0.13054   3.26222    0.26793    2.02657    35.15577
G-C        0.00000    0.00000    0.00000    0.00000    0.00000    0.00000    -0.00106   0.36831    3.30421    0.23921    6.32986    33.04118
A-T        0.00000    0.00000    0.00000    0.00000    0.00000    0.00000    -0.02488   -0.11882   3.26361    -0.00430   1.82367    35.27565
C-G        0.00000    0.00000    0.00000    0.00000    0.00000    0.00000    0.02763    -0.62890   3.24415    0.18087    1.50374    30.84756
C-G        0.00000    0.00000    0.00000    0.00000    0.00000    0.00000    0.03903    -0.35160   3.34751    -0.08832   4.68717    32.10133
A-T        0.00000    0.00000    0.00000    0.00000    0.00000    0.00000    -0.04568   0.10793    3.31202    -0.10797   5.71206    33.68219
A-T        0.00000    0.00000    0.00000    0.00000    0.00000    0.00000    0.03053    -0.31602   3.22949    -0.29878   -0.06035   33.83149
A-T        0.00000    0.00000    0.00000    0.00000    0.00000    0.00000    0.01740    -0.31323   3.22739    -0.37717   0.40912    33.67883
T-A        0.00000    0.00000    0.00000    0.00000    0.00000    0.00000    -0.01012   -0.69543   3.20920    -0.26041   0.87457    29.60889
G-C        0.00000    0.00000    0.00000    0.00000    0.00000    0.00000    -0.52900   -0.91300   3.45600    -1.67700   -11.71400  37.49400
T-A        0.00000    0.00000    0.00000    0.00000    0.00000    0.00000    -0.90500   -1.56500   3.20800    -2.32800   -8.21500   32.14400
G-C        0.00000    0.00000    0.00000    0.00000    0.00000    0.00000    -0.37700   -0.59700   3.22400    -2.12800   -0.61200   39.44800
A-T        0.00000    0.00000    0.00000    0.00000    0.00000    0.00000    0.13400    -1.01800   3.05000    2.61500    -6.07800   32.10400
G-C        0.00000    0.00000    0.00000    0.00000    0.00000    0.00000    0.92900    -0.52800   2.87800    -1.17000   -8.56800   33.48600
C-G        0.00000    0.00000    0.00000    0.00000    0.00000    0.00000    -0.67600   -0.12300   3.12700    12.52000   -5.63700   33.19300
G-C        0.00000    0.00000    0.00000    0.00000    0.00000    0.00000    0.04800    1.55200    5.40900    0.16300    60.14800   13.23700
C-G        0.00000    0.00000    0.00000    0.00000    0.00000    0.00000    0.71600    -0.08700   3.08800    -11.70600  -4.92500   33.30400
T-A        0.00000    0.00000    0.00000    0.00000    0.00000    0.00000    -0.96100   -0.48200   2.89500    0.91000    -7.58900   33.57800
C-G        0.00000    0.00000    0.00000    0.00000    0.00000    0.00000    -0.12000   -0.98200   3.10500    -2.85700   -6.37300   31.80800
A-T        0.00000    0.00000    0.00000    0.00000    0.00000    0.00000    0.32300    -0.59400   3.18200    1.62300    -0.34600   39.45200
C-G        0.00000    0.00000    0.00000    0.00000    0.00000    0.00000    0.92900    -1.59400   3.28000    2.05500    -8.65500   31.92100
A-T        0.00000    0.00000    0.00000    0.00000    0.00000    0.00000    0.27000    -1.09600   3.26800    -0.62400   -9.99700   39.99000
