 147 # base-pairs
   0 # ***local base-pair & step parameters***
#        Shear    Stretch   Stagger   Buckle   Prop-Tw   Opening     Shift     Slide     Rise      Tilt      Roll      Twist
T-A      0.000     0.000     0.000    -0.001     0.010     0.002     0.000     0.000     0.000     0.000     0.000     0.000
G-C     -0.000    -0.001     0.001    -0.008    -0.011     0.003    -0.529    -0.914     3.457    -1.689   -11.712    37.486
T-A      0.001    -0.000    -0.001     0.018    -0.003     0.007    -0.905    -1.566     3.206    -2.286    -8.207    32.147
G-C      0.000     0.000     0.001    -0.002    -0.002     0.009    -0.378    -0.596     3.225    -2.167    -0.603    39.439
A-T     -0.000     0.001     0.000     0.006     0.019     0.005     0.134    -1.018     3.050     2.610    -6.093    32.093
G-C     -0.000    -0.000     0.000     0.007     0.052     0.004     0.929    -0.528     2.878    -1.170    -8.570    33.494
C-G      0.001    -0.000     0.000    -0.010    -0.027    -0.001    -0.676    -0.122     3.127    12.559    -5.647    33.211
G-C      0.000     0.000     0.000     0.018    -0.006    -0.002     0.049     1.553     5.410     0.142    60.151    13.210
C-G     -0.001     0.000     0.002    -0.003    -0.005    -0.005     0.715    -0.087     3.088   -11.724    -4.906    33.287
T-A     -0.000     0.000    -0.000     0.023    -0.006    -0.001    -0.960    -0.485     2.894     0.896    -7.585    33.585
C-G      0.001    -0.000     0.001    -0.001    -0.003     0.010    -0.120    -0.983     3.106    -2.862    -6.423    31.825
A-T      0.000    -0.000     0.000    -0.017    -0.030    -0.009     0.322    -0.593     3.182     1.656    -0.349    39.436
C-G     -0.000    -0.001     0.001    -0.024     0.003    -0.003     0.929    -1.593     3.280     2.061    -8.653    31.943
A-T     -0.000     0.000     0.000     0.008    -0.001     0.008     0.270    -1.096     3.268    -0.645    -9.989    39.970
A-T      0.000     0.000    -0.001    -0.003     0.000    -0.001    -0.000     0.003     3.401    -1.256    -0.138    32.820
T-A     -0.000    -0.000    -0.002    -0.009     0.006    -0.002     0.002     0.003     3.401    -1.053     0.524    32.808
T-A     -0.001    -0.001     0.000    -0.003     0.016    -0.004     0.003     0.001     3.400    -0.582     0.930    32.816
T-A     -0.001    -0.000     0.001    -0.005     0.005     0.002     0.003    -0.001     3.401     0.002     1.003    32.818
A-T     -0.000     0.000     0.001     0.012     0.011     0.011     0.003    -0.002     3.400     0.489     0.739    32.827
T-A      0.000     0.000     0.001    -0.008     0.022     0.000     0.001    -0.004     3.401     0.747     0.364    32.816
T-A      0.001     0.000    -0.000     0.015    -0.011     0.012    -0.001    -0.003     3.400     0.738    -0.089    32.818
C-G      0.001    -0.000    -0.001    -0.001     0.007     0.010    -0.003    -0.001     3.401     0.514    -0.381    32.821
G-C     -0.001    -0.000    -0.000    -0.004     0.006    -0.000    -0.004    -0.000     3.401     0.202    -0.525    32.810
C-G     -0.000    -0.000    -0.000     0.004     0.006     0.001    -0.003     0.001     3.401    -0.069    -0.474    32.825
A-T     -0.000     0.001    -0.001    -0.004     0.021     0.004    -0.001     0.003     3.401    -0.226    -0.321    32.817
A-T      0.001     0.000     0.001    -0.015    -0.020    -0.012    -0.000     0.003     3.401    -0.290    -0.137    32.820
A-T     -0.000    -0.000     0.001    -0.006     0.016    -0.003     0.002     0.002     3.401    -0.241    -0.017    32.810
G-C      0.001    -0.000    -0.000    -0.003     0.013     0.004     0.003     0.001     3.401    -0.181     0.029    32.822
G-C     -0.000    -0.001    -0.000    -0.008     0.001     0.002     0.003    -0.000     3.401    -0.158     0.033    32.821
C-G      0.000     0.000     0.001     0.013     0.015     0.009     0.003    -0.002     3.400    -0.175     0.061    32.815
C-G     -0.001     0.000    -0.000    -0.004     0.019    -0.007     0.000    -0.004     3.402    -0.195     0.137    32.809
G-C      0.000     0.000     0.002    -0.011     0.014    -0.002    -0.001    -0.004     3.401    -0.196     0.237    32.826
G-C      0.001     0.000    -0.000    -0.008    -0.014     0.013    -0.002    -0.002     3.400    -0.051     0.374    32.827
C-G      0.001    -0.000     0.000     0.002    -0.010     0.016    -0.003    -0.000     3.401     0.140     0.445    32.813
C-G     -0.001    -0.000    -0.000     0.008    -0.001    -0.008    -0.004     0.002     3.401     0.415     0.361    32.810
C-G      0.000     0.000    -0.001     0.002     0.008    -0.001    -0.001     0.003     3.401     0.624     0.119    32.825
G-C      0.001     0.001     0.000     0.001     0.010    -0.011     0.000     0.003     3.401     0.680    -0.241    32.818
A-T      0.001    -0.000    -0.000    -0.006     0.009     0.003     0.003     0.002     3.401     0.511    -0.622    32.819
C-G      0.000    -0.000     0.001    -0.014    -0.010    -0.011     0.003     0.001     3.401     0.097    -0.903    32.812
A-T     -0.000    -0.000    -0.000    -0.011     0.015    -0.007     0.003    -0.001     3.400    -0.410    -0.888    32.821
C-G     -0.001    -0.000     0.000    -0.003     0.015    -0.000     0.002    -0.003     3.401    -0.910    -0.575    32.810
G-C      0.000     0.000    -0.001     0.000    -0.000    -0.004     0.001    -0.003     3.400    -1.157    -0.006    32.824
A-T      0.000     0.000     0.000    -0.018     0.009    -0.002    -0.001    -0.003     3.402    -1.065     0.666    32.816
C-G      0.000    -0.000     0.001    -0.000    -0.000     0.006    -0.002    -0.002     3.400    -0.580     1.224    32.812
T-A      0.001    -0.000    -0.001     0.021    -0.006     0.000    -0.003     0.001     3.400     0.193     1.421    32.826
T-A     -0.002    -0.000     0.001    -0.004     0.002    -0.002    -0.003     0.002     3.401     0.961     1.180    32.809
A-T      0.000     0.000    -0.001     0.003    -0.002    -0.004    -0.001     0.003     3.400     1.555     0.501    32.824
C-G     -0.000     0.000    -0.000     0.001     0.002    -0.004    -0.000     0.003     3.400     1.649    -0.449    32.810
T-A     -0.000     0.001    -0.001     0.011     0.001    -0.003     0.002     0.003     3.400     1.212    -1.347    32.818
G-C     -0.000    -0.000    -0.000    -0.010    -0.022    -0.002     0.004     0.001     3.400     0.324    -1.875    32.823
T-A      0.000    -0.000    -0.001    -0.024    -0.003    -0.007     0.003    -0.001     3.400    -0.788    -1.812    32.824
A-T     -0.000     0.000     0.000    -0.011    -0.001     0.016     0.003    -0.003     3.399    -1.727    -1.168    32.815
G-C      0.001    -0.000     0.002    -0.016    -0.020     0.022     0.001    -0.003     3.400    -2.177    -0.043    32.822
G-C      0.001    -0.000     0.001    -0.012    -0.003    -0.011    -0.002    -0.003     3.399    -1.927     1.181    32.815
T-A      0.001    -0.000    -0.001     0.005    -0.002    -0.003    -0.002    -0.002     3.399    -0.999     2.109    32.815
A-T     -0.000    -0.001    -0.001     0.002     0.009    -0.025    -0.003     0.000     3.399     0.315     2.441    32.816
T-A     -0.001     0.000     0.001    -0.011    -0.014    -0.001    -0.001     0.002     3.399     1.617     1.939    32.819
C-G     -0.001    -0.000     0.000    -0.004     0.016    -0.014    -0.001     0.002     3.399     2.510     0.769    32.813
T-A     -0.000    -0.000     0.002    -0.026     0.010    -0.013     0.000     0.002     3.400     2.595    -0.733    32.822
C-G      0.000    -0.000    -0.001    -0.004    -0.020    -0.003     0.002     0.002     3.398     1.864    -2.092    32.820
G-C      0.000    -0.001     0.001    -0.024     0.007     0.004     0.003     0.001     3.399     0.412    -2.848    32.818
A-T      0.000    -0.000     0.001    -0.001     0.018    -0.011     0.002    -0.001     3.398    -1.218    -2.685    32.820
G-C     -0.000     0.000    -0.001    -0.010     0.011    -0.008     0.002    -0.002     3.398    -2.535    -1.652    32.814
C-G      0.001    -0.000     0.001    -0.005    -0.001     0.009     0.001    -0.003     3.398    -3.116     0.005    32.827
T-A      0.000    -0.000     0.001    -0.008     0.002     0.004    -0.001    -0.002     3.398    -2.656     1.732    32.808
T-A      0.001    -0.000     0.000    -0.011     0.022    -0.003    -0.002    -0.001     3.398    -1.330     2.971    32.826
C-G      0.001    -0.000     0.000    -0.004     0.009     0.001    -0.002     0.000     3.398     0.501     3.263    32.819
A-T      0.000    -0.001    -0.001     0.006    -0.015    -0.009    -0.002     0.001     3.397     2.246     2.520    32.812
T-A     -0.000    -0.000    -0.000     0.004    -0.009    -0.006    -0.001     0.002     3.398     3.307     0.918    32.815
G-C      0.000    -0.000    -0.000    -0.003     0.016     0.005     0.000     0.002     3.398     3.316    -1.043    32.818
T-A      0.001    -0.000    -0.000     0.002     0.008     0.016     0.001     0.001     3.397     2.259    -2.715    32.824
T-A     -0.000    -0.000     0.001    -0.033     0.009    -0.007     0.001     0.000     3.398     0.408    -3.548    32.812
A-T     -0.001    -0.000    -0.000    -0.019     0.011    -0.002     0.001    -0.000     3.396    -1.574    -3.252    32.809
T-A     -0.000    -0.000    -0.001     0.030    -0.011    -0.010     0.001    -0.001     3.396    -3.121    -1.855    32.819
A-T     -0.000    -0.000    -0.001     0.020    -0.028     0.004     0.001    -0.001     3.397    -3.668     0.103    32.822
A-T      0.000    -0.000     0.001    -0.031     0.016     0.004     0.001    -0.001     3.399    -3.035     2.122    32.818
C-G      0.000    -0.001     0.000    -0.019     0.009     0.002    -0.000    -0.000     3.397    -1.403     3.420    32.820
G-C     -0.001    -0.000     0.000    -0.007    -0.013    -0.002    -0.001    -0.000     3.396     0.686     3.667    32.815
G-C     -0.000     0.000     0.000     0.008    -0.002     0.011    -0.000    -0.000     3.397     2.553     2.694    32.814
A-T     -0.000     0.000     0.001     0.008     0.004    -0.002    -0.001    -0.000     3.397     3.605     0.869    32.822
C-G     -0.001     0.000    -0.001     0.008     0.002     0.002    -0.000    -0.000     3.397     3.507    -1.240    32.811
G-C      0.001    -0.000    -0.001     0.007    -0.000     0.006    -0.000     0.000     3.397     2.264    -2.919    32.831
G-C     -0.000    -0.000     0.000    -0.007     0.004    -0.004    -0.001     0.000     3.397     0.304    -3.661    32.812
G-C     -0.000    -0.000     0.000    -0.000     0.006     0.001    -0.001     0.001     3.397    -1.718    -3.200    32.816
A-T     -0.001     0.000    -0.001    -0.000     0.013    -0.008    -0.001     0.001     3.397    -3.158    -1.756    32.816
T-A      0.000    -0.000     0.001    -0.012     0.001     0.009     0.001     0.001     3.398    -3.587     0.224    32.817
C-G      0.001    -0.000     0.000     0.004     0.012     0.020     0.001     0.001     3.396    -2.827     2.120    32.828
C-G     -0.001    -0.000     0.001    -0.015    -0.011     0.009     0.001    -0.000     3.398    -1.218     3.276    32.812
G-C     -0.001     0.000    -0.001    -0.001    -0.001     0.002     0.002    -0.000     3.397     0.758     3.339    32.812
C-G     -0.001     0.000    -0.000     0.022    -0.012     0.004     0.001    -0.001     3.397     2.404     2.384    32.818
T-A      0.001     0.000     0.000    -0.001     0.003     0.011     0.001    -0.002     3.398     3.250     0.658    32.828
T-A     -0.001    -0.000    -0.000    -0.006    -0.016    -0.012    -0.001    -0.002     3.398     3.042    -1.175    32.803
T-A      0.000    -0.000    -0.000     0.000     0.001    -0.011    -0.002    -0.001     3.398     1.866    -2.575    32.829
A-T     -0.001    -0.001    -0.001    -0.003     0.005     0.006    -0.002     0.001     3.398     0.174    -3.112    32.815
A-T     -0.000     0.000    -0.000     0.001    -0.003    -0.001    -0.002     0.002     3.398    -1.518    -2.639    32.821
C-G      0.000     0.001     0.000    -0.010    -0.003     0.007    -0.000     0.003     3.399    -2.630    -1.357    32.817
A-T      0.001    -0.000     0.000    -0.015     0.019     0.008     0.001     0.003     3.398    -2.868     0.288    32.822
C-G      0.000    -0.000     0.000    -0.010    -0.001     0.000     0.002     0.002     3.399    -2.190     1.751    32.813
T-A     -0.000    -0.001    -0.000     0.021     0.002    -0.002     0.003     0.001     3.398    -0.869     2.574    32.821
T-A     -0.000    -0.000     0.000     0.021    -0.006     0.010     0.003    -0.001     3.399     0.640     2.549    32.814
T-A      0.001     0.000    -0.001     0.018    -0.000     0.007     0.002    -0.002     3.399     1.866     1.737    32.825
A-T     -0.001     0.000     0.000     0.003    -0.009     0.016     0.001    -0.003     3.399     2.413     0.431    32.807
T-A     -0.000    -0.000     0.001     0.001     0.019     0.001    -0.002    -0.003     3.399     2.178    -0.907    32.816
G-C      0.000    -0.000    -0.000    -0.019    -0.001    -0.000    -0.003    -0.001     3.400     1.293    -1.889    32.825
C-G     -0.001    -0.000    -0.000     0.010     0.008     0.005    -0.003     0.000     3.399     0.065    -2.174    32.812
T-A     -0.000     0.001    -0.001     0.003    -0.007     0.004    -0.003     0.002     3.400    -1.070    -1.798    32.824
T-A      0.000    -0.000    -0.001     0.014    -0.014     0.005    -0.001     0.004     3.399    -1.795    -0.875    32.815
C-G     -0.001     0.000     0.001     0.014    -0.003     0.017     0.002     0.004     3.400    -1.909     0.214    32.811
C-G      0.001    -0.000    -0.001     0.008     0.001     0.005     0.002     0.003     3.400    -1.393     1.156    32.827
G-C     -0.000    -0.001     0.000    -0.003     0.010    -0.003     0.003     0.001     3.400    -0.533     1.636    32.817
G-C     -0.001     0.000     0.000     0.005    -0.004    -0.001     0.004    -0.002     3.400     0.415     1.586    32.813
C-G      0.000     0.000    -0.001    -0.003     0.013     0.002     0.002    -0.003     3.400     1.136     1.063    32.826
T-A      0.001     0.000    -0.000    -0.004    -0.006     0.009     0.000    -0.003     3.401     1.422     0.233    32.819
C-G      0.001     0.000    -0.000     0.014    -0.033     0.005    -0.002    -0.003     3.400     1.256    -0.510    32.817
G-C      0.000    -0.000    -0.001     0.003     0.021    -0.006    -0.004    -0.001     3.401     0.731    -1.038    32.812
T-A     -0.000    -0.000    -0.000    -0.011     0.001     0.004    -0.003     0.001     3.401     0.054    -1.187    32.820
A-T      0.000     0.000     0.000    -0.022    -0.009    -0.010    -0.003     0.002     3.401    -0.539    -0.936    32.819
T-A      0.000     0.000    -0.000     0.009    -0.005    -0.000    -0.001     0.003     3.400    -0.878    -0.466    32.814
A-T      0.001     0.000     0.000     0.003    -0.021     0.018     0.002     0.003     3.401    -0.909     0.056    32.821
A-T     -0.000    -0.001    -0.001    -0.009     0.018    -0.005     0.002     0.002     3.401    -0.660     0.490    32.814
T-A     -0.000    -0.000    -0.001    -0.021    -0.007    -0.008     0.003     0.001     3.401    -0.277     0.676    32.823
G-C      0.000     0.000    -0.000    -0.001     0.030    -0.001     0.003    -0.001     3.400     0.090     0.639    32.817
T-A      0.000     0.000     0.000    -0.006    -0.006    -0.005     0.002    -0.003     3.401     0.357     0.420    32.817
G-C      0.001     0.001     0.001     0.009     0.013    -0.001     0.000    -0.004     3.400     0.442     0.177    32.822
T-A      0.001    -0.000    -0.001     0.004     0.012     0.003    -0.002    -0.003     3.401     0.405    -0.054    32.813
C-G     -0.001    -0.001    -0.000     0.011    -0.019    -0.006    -0.004    -0.001     3.401     0.259    -0.183    32.805
G-C      0.000    -0.000    -0.000    -0.006    -0.003    -0.004    -0.003     0.001     3.402     0.137    -0.199    32.830
A-T     -0.000     0.000     0.001    -0.000     0.015     0.004    -0.002     0.002     3.401     0.058    -0.182    32.816
C-G     -0.000     0.000    -0.001     0.017    -0.020     0.003    -0.001     0.004     3.400     0.054    -0.144    32.818
C-G      0.001    -0.000    -0.000    -0.024     0.000    -0.001     0.001     0.004     3.402     0.017    -0.178    32.826
A-T      0.000    -0.000     0.000     0.004    -0.001     0.000     0.002     0.002     3.400    -0.020    -0.237    32.808
A-T     -0.000    -0.000     0.001    -0.004    -0.002     0.012     0.004    -0.000     3.401    -0.138    -0.279    32.818
A-T     -0.000     0.000    -0.000    -0.008     0.008     0.010     0.003    -0.002     3.401    -0.292    -0.246    32.820
T-A     -0.001     0.001    -0.000    -0.020    -0.015     0.007     0.002    -0.003     3.401    -0.456    -0.087    32.811
G-C      0.001     0.000    -0.001    -0.004    -0.005    -0.004    -0.529    -0.913     3.456    -1.677   -11.714    37.494
T-A      0.000    -0.000     0.001    -0.005    -0.017    -0.006    -0.905    -1.565     3.208    -2.328    -8.215    32.144
G-C     -0.000    -0.000     0.001     0.026    -0.005     0.004    -0.377    -0.597     3.224    -2.128    -0.612    39.448
A-T     -0.000    -0.000     0.000    -0.013    -0.015     0.003     0.134    -1.018     3.050     2.615    -6.078    32.104
G-C      0.001     0.000     0.000    -0.008    -0.010    -0.005     0.929    -0.528     2.878    -1.170    -8.568    33.486
C-G     -0.000     0.001     0.000    -0.006     0.007     0.008    -0.676    -0.123     3.127    12.520    -5.637    33.193
G-C     -0.000     0.000    -0.000    -0.001     0.008     0.012     0.048     1.552     5.409     0.163    60.148    13.237
C-G      0.000    -0.000     0.001    -0.001    -0.004     0.014     0.716    -0.087     3.088   -11.706    -4.925    33.304
T-A     -0.000     0.000    -0.001     0.015     0.005    -0.011    -0.961    -0.482     2.895     0.910    -7.589    33.578
C-G     -0.001    -0.000    -0.001     0.000    -0.002    -0.010    -0.120    -0.982     3.105    -2.857    -6.373    31.808
A-T      0.000     0.000     0.001     0.003     0.001     0.007     0.323    -0.594     3.182     1.623    -0.346    39.452
C-G     -0.001     0.000     0.000    -0.006     0.009     0.007     0.929    -1.594     3.280     2.055    -8.655    31.921
A-T      0.000     0.000    -0.001     0.001     0.023    -0.001     0.270    -1.096     3.268    -0.624    -9.997    39.990
