147 # base pairs
  0 # ***local base-pair & step parameters***
#          Shear      Stretch    Stagger    Buckle     Prop-Tw    Opening    Shift      Slide      Rise       Tilt       Roll       Twist
T-A        0.00000    0.00000    0.00000    0.00000    0.00000    0.00000    0.00000    0.00000    0.00000    0.00000    0.00000    0.00000
G-C        0.00000    0.00000    0.00000    0.00000    0.00000    0.00000    -0.52900   -0.91400   3.45700    -1.68900   -11.71200  37.48600
T-A        0.00000    0.00000    0.00000    0.00000    0.00000    0.00000    -0.90500   -1.56600   3.20600    -2.28600   -8.20700   32.14700
G-C        0.00000    0.00000    0.00000    0.00000    0.00000    0.00000    -0.37800   -0.59600   3.22500    -2.16700   -0.60300   39.43900
A-T        0.00000    0.00000    0.00000    0.00000    0.00000    0.00000    0.13400    -1.01800   3.05000    2.61000    -6.09300   32.09300
G-C        0.00000    0.00000    0.00000    0.00000    0.00000    0.00000    0.92900    -0.52800   2.87800    -1.17000   -8.57000   33.49400
C-G        0.00000    0.00000    0.00000    0.00000    0.00000    0.00000    -0.67600   -0.12200   3.12700    12.55900   -5.64700   33.21100
G-C        0.00000    0.00000    0.00000    0.00000    0.00000    0.00000    0.04900    1.55300    5.41000    0.14200    60.15100   13.21000
C-G        0.00000    0.00000    0.00000    0.00000    0.00000    0.00000    0.71500    -0.08700   3.08800    -11.72400  -4.90600   33.28700
T-A        0.00000    0.00000    0.00000    0.00000    0.00000    0.00000    -0.96000   -0.48500   2.89400    0.89600    -7.58500   33.58500
C-G        0.00000    0.00000    0.00000    0.00000    0.00000    0.00000    -0.12000   -0.98300   3.10600    -2.86200   -6.42300   31.82500
A-T        0.00000    0.00000    0.00000    0.00000    0.00000    0.00000    0.32200    -0.59300   3.18200    1.65600    -0.34900   39.43600
C-G        0.00000    0.00000    0.00000    0.00000    0.00000    0.00000    0.92900    -1.59300   3.28000    2.06100    -8.65300   31.94300
A-T        0.00000    0.00000    0.00000    0.00000    0.00000    0.00000    0.27000    -1.09600   3.26800    -0.64500   -9.98900   39.97000
A-T        0.00000    0.00000    0.00000    0.00000    0.00000    0.00000    -0.00818   -0.30904   3.23823    -0.74479   -1.66235   34.72846
T-A        0.00000    0.00000    0.00000    0.00000    0.00000    0.00000    -0.01119   -0.68438   3.22013    -0.66320   -0.05343   30.17200
T-A        0.00000    0.00000    0.00000    0.00000    0.00000    0.00000    -0.03535   -0.26759   3.22687    -0.90623   0.91772    34.01680
T-A        0.00000    0.00000    0.00000    0.00000    0.00000    0.00000    -0.01575   -0.25979   3.22255    -0.59664   1.86580    33.70152
A-T        0.00000    0.00000    0.00000    0.00000    0.00000    0.00000    0.04042    -0.24824   3.31714    -0.03829   8.23204    32.84240
T-A        0.00000    0.00000    0.00000    0.00000    0.00000    0.00000    0.02270    -0.68683   3.20434    0.25433    1.41234    29.68322
T-A        0.00000    0.00000    0.00000    0.00000    0.00000    0.00000    0.00238    -0.29457   3.22681    0.56308    1.01795    33.82309
C-G        0.00000    0.00000    0.00000    0.00000    0.00000    0.00000    0.08934    -0.14950   3.26532    0.96747    2.16731    35.33847
G-C        0.00000    0.00000    0.00000    0.00000    0.00000    0.00000    0.05546    0.32728    3.31755    1.13176    5.91333    33.53411
C-G        0.00000    0.00000    0.00000    0.00000    0.00000    0.00000    -0.01214   -0.43403   3.28776    0.25632    2.08218    32.91794
A-T        0.00000    0.00000    0.00000    0.00000    0.00000    0.00000    -0.09728   0.21046    3.31102    -0.06020   4.66273    34.66121
A-T        0.00000    0.00000    0.00000    0.00000    0.00000    0.00000    0.00664    -0.29189   3.23556    -0.29606   -0.86736   34.61032
A-T        0.00000    0.00000    0.00000    0.00000    0.00000    0.00000    0.01596    -0.28199   3.23307    -0.40500   -0.33436   34.45864
G-C        0.00000    0.00000    0.00000    0.00000    0.00000    0.00000    -0.01846   -0.33741   3.28490    -0.95100   3.86207    31.34261
G-C        0.00000    0.00000    0.00000    0.00000    0.00000    0.00000    0.00352    -0.36040   3.34956    -0.34132   5.45475    32.27052
C-G        0.00000    0.00000    0.00000    0.00000    0.00000    0.00000    0.02338    -0.47119   3.26925    -0.08451   3.24154    32.46348
C-G        0.00000    0.00000    0.00000    0.00000    0.00000    0.00000    0.03376    -0.40944   3.35534    0.06436    5.59341    32.10142
G-C        0.00000    0.00000    0.00000    0.00000    0.00000    0.00000    0.02319    0.26346    3.32359    0.30413    7.32842    33.02803
G-C        0.00000    0.00000    0.00000    0.00000    0.00000    0.00000    -0.00075   -0.40870   3.35761    0.29220    5.34529    32.19968
C-G        0.00000    0.00000    0.00000    0.00000    0.00000    0.00000    -0.01197   -0.46275   3.27575    0.21429    2.90499    32.61866
C-G        0.00000    0.00000    0.00000    0.00000    0.00000    0.00000    -0.00844   -0.35442   3.35315    0.26149    5.01038    32.45063
C-G        0.00000    0.00000    0.00000    0.00000    0.00000    0.00000    0.00856    -0.32592   3.35102    0.32292    4.82541    32.57450
G-C        0.00000    0.00000    0.00000    0.00000    0.00000    0.00000    0.02550    0.39968    3.31664    0.46898    6.01245    33.68877
A-T        0.00000    0.00000    0.00000    0.00000    0.00000    0.00000    -0.00688   -0.10882   3.27432    0.09408    1.51263    35.86644
C-G        0.00000    0.00000    0.00000    0.00000    0.00000    0.00000    0.03807    -0.63130   3.25621    0.15051    1.23920    31.36713
A-T        0.00000    0.00000    0.00000    0.00000    0.00000    0.00000    -0.04022   0.17057    3.31617    -0.21472   5.12140    34.53345
C-G        0.00000    0.00000    0.00000    0.00000    0.00000    0.00000    0.02544    -0.64776   3.25248    -0.20190   1.51518    31.24208
G-C        0.00000    0.00000    0.00000    0.00000    0.00000    0.00000    -0.06790   0.28341    3.32262    -1.13528   6.85460    33.24930
A-T        0.00000    0.00000    0.00000    0.00000    0.00000    0.00000    -0.07855   -0.14846   3.26188    -0.69914   2.72616    35.19396
C-G        0.00000    0.00000    0.00000    0.00000    0.00000    0.00000    -0.04043   -0.65379   3.22820    -0.05379   2.68916    30.82865
T-A        0.00000    0.00000    0.00000    0.00000    0.00000    0.00000    -0.01056   -0.36612   3.27928    0.46739    4.95996    30.92041
T-A        0.00000    0.00000    0.00000    0.00000    0.00000    0.00000    -0.03170   -0.26725   3.22465    0.33420    1.39665    33.82627
A-T        0.00000    0.00000    0.00000    0.00000    0.00000    0.00000    0.01678    0.05128    3.32301    0.91146    4.56722    35.12269
C-G        0.00000    0.00000    0.00000    0.00000    0.00000    0.00000    0.02904    -0.63004   3.24928    0.98858    1.57491    31.22879
T-A        0.00000    0.00000    0.00000    0.00000    0.00000    0.00000    0.08022    -0.32579   3.29369    1.27096    2.62898    31.73896
G-C        0.00000    0.00000    0.00000    0.00000    0.00000    0.00000    0.11175    0.25797    3.30548    0.38858    3.71026    35.17951
T-A        0.00000    0.00000    0.00000    0.00000    0.00000    0.00000    0.01936    -0.64460   3.27438    -0.46999   0.42782    31.63537
A-T        0.00000    0.00000    0.00000    0.00000    0.00000    0.00000    -0.01841   0.21101    3.33903    -1.08741   0.18556    37.49887
G-C        0.00000    0.00000    0.00000    0.00000    0.00000    0.00000    -0.05488   -0.37920   3.28936    -1.98784   3.70122    31.37209
G-C        0.00000    0.00000    0.00000    0.00000    0.00000    0.00000    -0.17027   -0.41028   3.35120    -1.75980   6.09833    31.99854
T-A        0.00000    0.00000    0.00000    0.00000    0.00000    0.00000    -0.04397   -0.65795   3.21335    -0.83888   3.48325    30.51948
A-T        0.00000    0.00000    0.00000    0.00000    0.00000    0.00000    -0.03970   -0.38548   3.31030    0.04551    10.47746   31.54176
T-A        0.00000    0.00000    0.00000    0.00000    0.00000    0.00000    -0.01383   -0.67351   3.19490    0.51031    2.00483    29.52604
C-G        0.00000    0.00000    0.00000    0.00000    0.00000    0.00000    0.13664    -0.10304   3.25088    1.74927    3.13947    35.07468
T-A        0.00000    0.00000    0.00000    0.00000    0.00000    0.00000    0.08018    -0.32874   3.28435    2.40499    3.31541    31.53691
C-G        0.00000    0.00000    0.00000    0.00000    0.00000    0.00000    0.15966    -0.11392   3.27762    1.59196    0.22343    36.21432
G-C        0.00000    0.00000    0.00000    0.00000    0.00000    0.00000    0.08871    0.47629    3.30567    0.82324    2.79349    34.79185
A-T        0.00000    0.00000    0.00000    0.00000    0.00000    0.00000    -0.07813   -0.13868   3.28939    -0.91771   -0.53933   36.53746
G-C        0.00000    0.00000    0.00000    0.00000    0.00000    0.00000    -0.05747   -0.36834   3.29699    -2.39538   2.23362    31.84350
C-G        0.00000    0.00000    0.00000    0.00000    0.00000    0.00000    -0.18528   -0.47019   3.27415    -2.37099   2.95846    32.58676
T-A        0.00000    0.00000    0.00000    0.00000    0.00000    0.00000    -0.03599   -0.37722   3.27643    -1.73146   5.54040    30.60362
C-G        0.00000    0.00000    0.00000    0.00000    0.00000    0.00000    -0.07434   -0.13388   3.24048    -0.94900   5.22738    34.26264
G-C        0.00000    0.00000    0.00000    0.00000    0.00000    0.00000    0.02540    0.17365    3.32271    0.71259    11.33236   31.52091
G-C        0.00000    0.00000    0.00000    0.00000    0.00000    0.00000    0.18912    -0.41499   3.33288    2.32414    7.62501    31.39997
G-C        0.00000    0.00000    0.00000    0.00000    0.00000    0.00000    0.27992    -0.37658   3.34318    3.29799    5.95022    32.11138
A-T        0.00000    0.00000    0.00000    0.00000    0.00000    0.00000    0.15983    -0.12359   3.28702    2.42199    0.77873    36.32130
T-A        0.00000    0.00000    0.00000    0.00000    0.00000    0.00000    0.02085    -0.70415   3.24850    0.77740    -2.33102   31.04379
C-G        0.00000    0.00000    0.00000    0.00000    0.00000    0.00000    0.05574    -0.13731   3.29780    0.15094    -1.56627   36.94208
C-G        0.00000    0.00000    0.00000    0.00000    0.00000    0.00000    -0.12343   -0.32113   3.36701    -1.86818   2.12439    33.36024
G-C        0.00000    0.00000    0.00000    0.00000    0.00000    0.00000    -0.31461   0.37399    3.30377    -4.50172   4.91229    33.79077
C-G        0.00000    0.00000    0.00000    0.00000    0.00000    0.00000    -0.21521   -0.47812   3.25616    -2.76178   3.56422    32.13236
T-A        0.00000    0.00000    0.00000    0.00000    0.00000    0.00000    -0.02420   -0.37333   3.26152    -1.72171   6.44834    30.01603
T-A        0.00000    0.00000    0.00000    0.00000    0.00000    0.00000    -0.03580   -0.23548   3.20200    -0.63565   5.06242    32.24725
T-A        0.00000    0.00000    0.00000    0.00000    0.00000    0.00000    -0.00675   -0.23545   3.20243    0.48315    4.91063    32.29103
A-T        0.00000    0.00000    0.00000    0.00000    0.00000    0.00000    0.09240    -0.43331   3.30116    2.17986    11.05036   30.90364
A-T        0.00000    0.00000    0.00000    0.00000    0.00000    0.00000    0.07562    -0.28594   3.22479    2.06820    0.76847    33.96969
C-G        0.00000    0.00000    0.00000    0.00000    0.00000    0.00000    0.06876    -0.65014   3.27057    2.06240    0.49679    31.39924
A-T        0.00000    0.00000    0.00000    0.00000    0.00000    0.00000    0.03476    0.30511    3.28648    1.52061    1.68187    35.65483
C-G        0.00000    0.00000    0.00000    0.00000    0.00000    0.00000    0.01465    -0.63300   3.30106    -0.01204   -1.25109   32.01293
T-A        0.00000    0.00000    0.00000    0.00000    0.00000    0.00000    0.01052    -0.33417   3.30755    -1.51550   0.63943    32.11495
T-A        0.00000    0.00000    0.00000    0.00000    0.00000    0.00000    -0.07602   -0.31207   3.23569    -1.88116   -1.42415   34.75529
T-A        0.00000    0.00000    0.00000    0.00000    0.00000    0.00000    -0.07230   -0.26610   3.22224    -2.02138   1.51280    33.90782
A-T        0.00000    0.00000    0.00000    0.00000    0.00000    0.00000    -0.07075   -0.45745   3.30223    -1.84408   11.92661   30.70670
T-A        0.00000    0.00000    0.00000    0.00000    0.00000    0.00000    0.00692    -0.66737   3.17420    -0.27134   3.50335    28.89574
G-C        0.00000    0.00000    0.00000    0.00000    0.00000    0.00000    0.16067    -0.12265   3.34550    0.79133    10.75963   31.78111
C-G        0.00000    0.00000    0.00000    0.00000    0.00000    0.00000    0.18667    -0.51105   3.24279    2.25076    4.62215    31.89248
T-A        0.00000    0.00000    0.00000    0.00000    0.00000    0.00000    0.08451    -0.37342   3.27845    3.21931    4.17349    31.18539
T-A        0.00000    0.00000    0.00000    0.00000    0.00000    0.00000    0.01117    -0.33362   3.23949    1.66535    -2.18847   34.90370
C-G        0.00000    0.00000    0.00000    0.00000    0.00000    0.00000    0.09928    -0.14095   3.28736    1.11898    -0.86461   36.46368
C-G        0.00000    0.00000    0.00000    0.00000    0.00000    0.00000    -0.04389   -0.29391   3.36408    -0.48500   1.90967    33.36554
G-C        0.00000    0.00000    0.00000    0.00000    0.00000    0.00000    -0.22165   0.46463    3.29718    -2.88989   3.47044    34.27617
G-C        0.00000    0.00000    0.00000    0.00000    0.00000    0.00000    -0.26497   -0.29656   3.34279    -2.83835   4.32066    32.45075
T-A        0.00000    0.00000    0.00000    0.00000    0.00000    0.00000    -0.03133   -0.64131   3.22128    -1.73892   2.71934    30.47892
C-G        0.00000    0.00000    0.00000    0.00000    0.00000    0.00000    -0.05229   -0.12826   3.24156    -1.16880   4.49414    34.28426
A-T        0.00000    0.00000    0.00000    0.00000    0.00000    0.00000    -0.05618   -0.09815   3.33700    0.16074    9.95312    31.75211
T-A        0.00000    0.00000    0.00000    0.00000    0.00000    0.00000    0.02357    -0.68195   3.18769    0.45514    2.44342    29.05308
G-C        0.00000    0.00000    0.00000    0.00000    0.00000    0.00000    0.19209    -0.03792   3.32753    1.62902    8.09745    32.70845
T-A        0.00000    0.00000    0.00000    0.00000    0.00000    0.00000    0.03223    -0.64821   3.23706    1.20163    1.88088    30.79834
T-A        0.00000    0.00000    0.00000    0.00000    0.00000    0.00000    -0.01174   -0.33694   3.23610    1.07750    -1.62197   34.40587
A-T        0.00000    0.00000    0.00000    0.00000    0.00000    0.00000    -0.01939   0.35223    3.33131    0.47934    -2.08502   38.10896
T-A        0.00000    0.00000    0.00000    0.00000    0.00000    0.00000    -0.02461   -0.70088   3.23522    -0.23865   -1.39883   30.37877
A-T        0.00000    0.00000    0.00000    0.00000    0.00000    0.00000    -0.07511   0.30362    3.32445    -1.21225   -0.01091   37.12919
A-T        0.00000    0.00000    0.00000    0.00000    0.00000    0.00000    -0.00209   -0.28729   3.22826    -1.04884   0.02550    33.98789
C-G        0.00000    0.00000    0.00000    0.00000    0.00000    0.00000    -0.00409   -0.62463   3.21880    -0.71743   2.66908    30.55323
G-C        0.00000    0.00000    0.00000    0.00000    0.00000    0.00000    -0.03623   0.25874    3.31329    -0.94828   9.02525    32.10927
G-C        0.00000    0.00000    0.00000    0.00000    0.00000    0.00000    0.08159    -0.43149   3.33997    0.44809    6.87196    31.32894
A-T        0.00000    0.00000    0.00000    0.00000    0.00000    0.00000    0.05065    -0.15187   3.25484    0.74466    3.44341    34.65831
C-G        0.00000    0.00000    0.00000    0.00000    0.00000    0.00000    0.03459    -0.66466   3.23621    1.00105    2.26019    30.61500
T-A        0.00000    0.00000    0.00000    0.00000    0.00000    0.00000    0.03866    -0.38517   3.28492    1.40477    3.48756    30.96096
C-G        0.00000    0.00000    0.00000    0.00000    0.00000    0.00000    0.05503    -0.14823   3.27026    0.64699    1.27014    35.46136
G-C        0.00000    0.00000    0.00000    0.00000    0.00000    0.00000    -0.02870   0.37682    3.30559    0.05797    5.19526    33.50369
T-A        0.00000    0.00000    0.00000    0.00000    0.00000    0.00000    -0.05242   -0.63310   3.25567    -0.43727   1.05958    31.05215
A-T        0.00000    0.00000    0.00000    0.00000    0.00000    0.00000    -0.04227   0.18866    3.32209    -0.61133   2.00069    36.07784
T-A        0.00000    0.00000    0.00000    0.00000    0.00000    0.00000    0.00102    -0.68406   3.21468    -0.33762   0.29899    29.89185
A-T        0.00000    0.00000    0.00000    0.00000    0.00000    0.00000    0.00834    -0.00834   3.31638    -0.48419   4.89341    34.38941
A-T        0.00000    0.00000    0.00000    0.00000    0.00000    0.00000    0.03979    -0.28607   3.22498    -0.13405   0.97918    33.63791
T-A        0.00000    0.00000    0.00000    0.00000    0.00000    0.00000    0.02216    -0.69100   3.20888    -0.01844   0.88775    29.65466
G-C        0.00000    0.00000    0.00000    0.00000    0.00000    0.00000    0.10505    0.00364    3.32578    0.03313    6.99228    33.13224
T-A        0.00000    0.00000    0.00000    0.00000    0.00000    0.00000    0.00476    -0.65817   3.23632    0.01063    2.16091    30.69213
G-C        0.00000    0.00000    0.00000    0.00000    0.00000    0.00000    0.06806    0.03574    3.32184    0.15397    6.40046    33.44451
T-A        0.00000    0.00000    0.00000    0.00000    0.00000    0.00000    -0.03543   -0.64809   3.24231    -0.00110   1.82376    30.82468
C-G        0.00000    0.00000    0.00000    0.00000    0.00000    0.00000    0.01737    -0.13089   3.26456    0.23372    2.04209    35.26644
G-C        0.00000    0.00000    0.00000    0.00000    0.00000    0.00000    -0.00878   0.36666    3.30846    0.21140    6.38833    33.15439
A-T        0.00000    0.00000    0.00000    0.00000    0.00000    0.00000    -0.02647   -0.11502   3.26517    0.01835    1.86764    35.38024
C-G        0.00000    0.00000    0.00000    0.00000    0.00000    0.00000    0.02384    -0.62683   3.24516    0.23206    1.52449    30.95760
C-G        0.00000    0.00000    0.00000    0.00000    0.00000    0.00000    0.05029    -0.33725   3.34846    0.04334    4.63504    32.26575
A-T        0.00000    0.00000    0.00000    0.00000    0.00000    0.00000    -0.03529   0.13266    3.31283    -0.03045   5.51558    33.93097
A-T        0.00000    0.00000    0.00000    0.00000    0.00000    0.00000    0.03451    -0.31402   3.23158    -0.27549   -0.29121   34.04242
A-T        0.00000    0.00000    0.00000    0.00000    0.00000    0.00000    0.02038    -0.31320   3.22962    -0.40074   0.14824    33.89297
T-A        0.00000    0.00000    0.00000    0.00000    0.00000    0.00000    -0.00780   -0.69637   3.21199    -0.30727   0.73254    29.74770
G-C        0.00000    0.00000    0.00000    0.00000    0.00000    0.00000    -0.52900   -0.91300   3.45600    -1.67700   -11.71400  37.49400
T-A        0.00000    0.00000    0.00000    0.00000    0.00000    0.00000    -0.90500   -1.56500   3.20800    -2.32800   -8.21500   32.14400
G-C        0.00000    0.00000    0.00000    0.00000    0.00000    0.00000    -0.37700   -0.59700   3.22400    -2.12800   -0.61200   39.44800
A-T        0.00000    0.00000    0.00000    0.00000    0.00000    0.00000    0.13400    -1.01800   3.05000    2.61500    -6.07800   32.10400
G-C        0.00000    0.00000    0.00000    0.00000    0.00000    0.00000    0.92900    -0.52800   2.87800    -1.17000   -8.56800   33.48600
C-G        0.00000    0.00000    0.00000    0.00000    0.00000    0.00000    -0.67600   -0.12300   3.12700    12.52000   -5.63700   33.19300
G-C        0.00000    0.00000    0.00000    0.00000    0.00000    0.00000    0.04800    1.55200    5.40900    0.16300    60.14800   13.23700
C-G        0.00000    0.00000    0.00000    0.00000    0.00000    0.00000    0.71600    -0.08700   3.08800    -11.70600  -4.92500   33.30400
T-A        0.00000    0.00000    0.00000    0.00000    0.00000    0.00000    -0.96100   -0.48200   2.89500    0.91000    -7.58900   33.57800
C-G        0.00000    0.00000    0.00000    0.00000    0.00000    0.00000    -0.12000   -0.98200   3.10500    -2.85700   -6.37300   31.80800
A-T        0.00000    0.00000    0.00000    0.00000    0.00000    0.00000    0.32300    -0.59400   3.18200    1.62300    -0.34600   39.45200
C-G        0.00000    0.00000    0.00000    0.00000    0.00000    0.00000    0.92900    -1.59400   3.28000    2.05500    -8.65500   31.92100
A-T        0.00000    0.00000    0.00000    0.00000    0.00000    0.00000    0.27000    -1.09600   3.26800    -0.62400   -9.99700   39.99000
