147 # base pairs
  0 # ***local base-pair & step parameters***
#          Shear      Stretch    Stagger    Buckle     Prop-Tw    Opening    Shift      Slide      Rise       Tilt       Roll       Twist
T-A        0.00000    0.00000    0.00000    0.00000    0.00000    0.00000    0.00000    0.00000    0.00000    0.00000    0.00000    0.00000
G-C        0.00000    0.00000    0.00000    0.00000    0.00000    0.00000    -0.52900   -0.91400   3.45700    -1.68900   -11.71200  37.48600
T-A        0.00000    0.00000    0.00000    0.00000    0.00000    0.00000    -0.90500   -1.56600   3.20600    -2.28600   -8.20700   32.14700
G-C        0.00000    0.00000    0.00000    0.00000    0.00000    0.00000    -0.37800   -0.59600   3.22500    -2.16700   -0.60300   39.43900
A-T        0.00000    0.00000    0.00000    0.00000    0.00000    0.00000    0.13400    -1.01800   3.05000    2.61000    -6.09300   32.09300
G-C        0.00000    0.00000    0.00000    0.00000    0.00000    0.00000    0.92900    -0.52800   2.87800    -1.17000   -8.57000   33.49400
C-G        0.00000    0.00000    0.00000    0.00000    0.00000    0.00000    -0.67600   -0.12200   3.12700    12.55900   -5.64700   33.21100
G-C        0.00000    0.00000    0.00000    0.00000    0.00000    0.00000    0.04900    1.55300    5.41000    0.14200    60.15100   13.21000
C-G        0.00000    0.00000    0.00000    0.00000    0.00000    0.00000    0.71500    -0.08700   3.08800    -11.72400  -4.90600   33.28700
T-A        0.00000    0.00000    0.00000    0.00000    0.00000    0.00000    -0.96000   -0.48500   2.89400    0.89600    -7.58500   33.58500
C-G        0.00000    0.00000    0.00000    0.00000    0.00000    0.00000    -0.12000   -0.98300   3.10600    -2.86200   -6.42300   31.82500
A-T        0.00000    0.00000    0.00000    0.00000    0.00000    0.00000    0.32200    -0.59300   3.18200    1.65600    -0.34900   39.43600
C-G        0.00000    0.00000    0.00000    0.00000    0.00000    0.00000    0.92900    -1.59300   3.28000    2.06100    -8.65300   31.94300
A-T        0.00000    0.00000    0.00000    0.00000    0.00000    0.00000    0.27000    -1.09600   3.26800    -0.64500   -9.98900   39.97000
A-T        0.00000    0.00000    0.00000    0.00000    0.00000    0.00000    -0.12686   -0.16062   3.23259    -1.45226   -0.30012   35.04699
T-A        0.00000    0.00000    0.00000    0.00000    0.00000    0.00000    -0.02073   -0.75369   3.30816    -0.64289   -2.64152   32.48374
T-A        0.00000    0.00000    0.00000    0.00000    0.00000    0.00000    -0.00626   -0.38969   3.26801    -0.64433   -2.08769   35.97409
T-A        0.00000    0.00000    0.00000    0.00000    0.00000    0.00000    -0.02160   -0.19246   3.22328    -0.59420   2.84850    33.49482
A-T        0.00000    0.00000    0.00000    0.00000    0.00000    0.00000    0.05267    0.06950    3.28163    -0.65607   7.58221    31.66733
T-A        0.00000    0.00000    0.00000    0.00000    0.00000    0.00000    -0.00888   -0.72690   3.22486    -0.03370   0.80958    30.35650
T-A        0.00000    0.00000    0.00000    0.00000    0.00000    0.00000    -0.00867   -0.30801   3.26032    0.84008    1.12561    33.83574
C-G        0.00000    0.00000    0.00000    0.00000    0.00000    0.00000    0.04288    -0.07749   3.27619    0.73646    2.34259    35.09739
G-C        0.00000    0.00000    0.00000    0.00000    0.00000    0.00000    0.18813    0.55111    3.32228    1.48413    8.42313    33.43922
C-G        0.00000    0.00000    0.00000    0.00000    0.00000    0.00000    -0.10685   -0.41364   3.24677    -0.74862   3.03064    31.51265
A-T        0.00000    0.00000    0.00000    0.00000    0.00000    0.00000    -0.11596   0.47954    3.27839    -0.63853   2.72180    35.17526
A-T        0.00000    0.00000    0.00000    0.00000    0.00000    0.00000    0.04899    -0.21335   3.27667    0.01728    -0.60784   34.57796
A-T        0.00000    0.00000    0.00000    0.00000    0.00000    0.00000    -0.05160   -0.37674   3.23648    -0.81442   -1.72285   35.30510
G-C        0.00000    0.00000    0.00000    0.00000    0.00000    0.00000    0.01672    -0.47271   3.33468    0.03800    3.34301    32.01667
G-C        0.00000    0.00000    0.00000    0.00000    0.00000    0.00000    0.02551    -0.39310   3.41938    -0.92108   4.85411    33.94303
C-G        0.00000    0.00000    0.00000    0.00000    0.00000    0.00000    0.02531    -0.47029   3.24047    -0.03515   3.80015    32.73180
C-G        0.00000    0.00000    0.00000    0.00000    0.00000    0.00000    -0.24417   -0.33983   3.32366    -0.44215   5.03712    32.86845
G-C        0.00000    0.00000    0.00000    0.00000    0.00000    0.00000    0.05929    0.20850    3.04334    0.58484    7.04844    29.79759
G-C        0.00000    0.00000    0.00000    0.00000    0.00000    0.00000    0.33028    -0.34233   3.33301    1.33826    4.45062    32.87132
C-G        0.00000    0.00000    0.00000    0.00000    0.00000    0.00000    0.02143    -0.44181   3.24621    0.41030    3.08841    33.00245
C-G        0.00000    0.00000    0.00000    0.00000    0.00000    0.00000    0.20270    -0.39890   3.37694    1.03177    3.58882    33.34192
C-G        0.00000    0.00000    0.00000    0.00000    0.00000    0.00000    0.05619    -0.23204   3.33682    1.79559    3.21673    33.16387
G-C        0.00000    0.00000    0.00000    0.00000    0.00000    0.00000    -0.19017   0.87766    3.29051    -0.90355   3.67506    33.63237
A-T        0.00000    0.00000    0.00000    0.00000    0.00000    0.00000    -0.10030   -0.05541   3.15586    -1.04754   -0.09752   35.58270
C-G        0.00000    0.00000    0.00000    0.00000    0.00000    0.00000    0.15477    -0.51894   3.17194    -0.09041   2.40085    30.91213
A-T        0.00000    0.00000    0.00000    0.00000    0.00000    0.00000    0.03853    -0.11597   3.32928    -0.77404   4.46895    34.57535
C-G        0.00000    0.00000    0.00000    0.00000    0.00000    0.00000    0.20921    -0.52916   3.25259    -0.25073   2.65807    30.27872
G-C        0.00000    0.00000    0.00000    0.00000    0.00000    0.00000    -0.02152   0.46065    3.28167    -0.52361   4.53650    34.78299
A-T        0.00000    0.00000    0.00000    0.00000    0.00000    0.00000    -0.13290   -0.07085   3.15205    -1.31501   0.37255    35.31095
C-G        0.00000    0.00000    0.00000    0.00000    0.00000    0.00000    -0.16761   -0.71548   3.21529    0.26333    3.84423    31.24238
T-A        0.00000    0.00000    0.00000    0.00000    0.00000    0.00000    0.06705    -0.70487   3.52803    -0.35928   3.60901    33.87749
T-A        0.00000    0.00000    0.00000    0.00000    0.00000    0.00000    -0.09858   -0.32794   3.20017    0.38488    1.56614    29.44939
A-T        0.00000    0.00000    0.00000    0.00000    0.00000    0.00000    0.01080    -0.11132   3.29798    0.52817    6.46802    33.44633
C-G        0.00000    0.00000    0.00000    0.00000    0.00000    0.00000    0.06203    -0.68293   3.25894    1.10560    1.71679    31.65258
T-A        0.00000    0.00000    0.00000    0.00000    0.00000    0.00000    -0.04530   -0.50921   3.32209    1.78740    4.58066    31.31822
G-C        0.00000    0.00000    0.00000    0.00000    0.00000    0.00000    0.09758    0.07198    3.34153    -0.40747   4.82970    34.68133
T-A        0.00000    0.00000    0.00000    0.00000    0.00000    0.00000    0.08734    -0.53914   3.16161    -0.01608   0.97602    30.63695
A-T        0.00000    0.00000    0.00000    0.00000    0.00000    0.00000    0.03831    0.31127    3.30236    -0.71342   0.73772    37.30768
G-C        0.00000    0.00000    0.00000    0.00000    0.00000    0.00000    -0.22519   -0.29526   3.22504    -1.98854   4.58161    29.54907
G-C        0.00000    0.00000    0.00000    0.00000    0.00000    0.00000    -0.08865   -0.90170   3.51731    -1.18673   5.19361    31.79437
T-A        0.00000    0.00000    0.00000    0.00000    0.00000    0.00000    0.04996    -0.47690   3.19968    -0.62450   2.57202    30.31007
A-T        0.00000    0.00000    0.00000    0.00000    0.00000    0.00000    -0.02243   -0.70720   3.38813    0.24163    8.31191    33.05472
T-A        0.00000    0.00000    0.00000    0.00000    0.00000    0.00000    -0.06908   -0.69521   3.18699    0.51700    2.43661    29.33800
C-G        0.00000    0.00000    0.00000    0.00000    0.00000    0.00000    0.08765    -0.29923   3.41380    0.90664    2.71368    37.65490
T-A        0.00000    0.00000    0.00000    0.00000    0.00000    0.00000    0.08560    -0.28555   3.27618    1.37621    3.94596    31.59168
C-G        0.00000    0.00000    0.00000    0.00000    0.00000    0.00000    0.32778    0.33895    3.21890    3.90328    1.50645    35.87565
G-C        0.00000    0.00000    0.00000    0.00000    0.00000    0.00000    0.07689    0.65033    3.21281    1.28973    2.74789    32.57066
A-T        0.00000    0.00000    0.00000    0.00000    0.00000    0.00000    -0.08290   -0.09327   3.35002    -0.74104   -0.07939   37.47957
T-A        0.00000    0.00000    0.00000    0.00000    0.00000    0.00000    -0.00353   -0.62813   3.25232    -0.66307   0.23047    31.37358
C-G        0.00000    0.00000    0.00000    0.00000    0.00000    0.00000    -0.23645   -0.12463   3.26279    -3.38870   2.47653    37.72253
A-T        0.00000    0.00000    0.00000    0.00000    0.00000    0.00000    -0.43562   -0.05847   3.36387    -1.34364   7.88760    32.72163
T-A        0.00000    0.00000    0.00000    0.00000    0.00000    0.00000    -0.03622   -0.48839   3.18923    -0.43639   4.92725    28.84368
G-C        0.00000    0.00000    0.00000    0.00000    0.00000    0.00000    0.01574    -0.28547   3.48960    -0.19127   10.25299   33.60838
T-A        0.00000    0.00000    0.00000    0.00000    0.00000    0.00000    0.02102    -0.69602   3.24737    1.42665    3.20278    30.33042
T-A        0.00000    0.00000    0.00000    0.00000    0.00000    0.00000    0.02526    -0.19427   3.15468    2.20829    2.59699    32.08688
A-T        0.00000    0.00000    0.00000    0.00000    0.00000    0.00000    0.09190    0.29142    3.36761    1.83837    0.76548    37.40658
T-A        0.00000    0.00000    0.00000    0.00000    0.00000    0.00000    0.02042    -0.70236   3.18034    1.21043    -2.54793   29.88278
A-T        0.00000    0.00000    0.00000    0.00000    0.00000    0.00000    0.00330    0.38470    3.43824    0.80111    -5.63756   41.46268
A-T        0.00000    0.00000    0.00000    0.00000    0.00000    0.00000    0.01111    -0.20144   3.22276    -2.13084   -3.74413   34.89729
C-G        0.00000    0.00000    0.00000    0.00000    0.00000    0.00000    -0.12663   -0.71776   3.35692    -2.10060   -0.85591   32.92394
G-C        0.00000    0.00000    0.00000    0.00000    0.00000    0.00000    -0.02224   0.25734    3.22618    -4.83314   9.72582    31.51900
G-C        0.00000    0.00000    0.00000    0.00000    0.00000    0.00000    0.06573    -0.27402   3.26021    -0.48178   7.87494    30.14644
A-T        0.00000    0.00000    0.00000    0.00000    0.00000    0.00000    -0.09167   -0.15990   3.21244    -0.73818   5.10324    33.14756
G-C        0.00000    0.00000    0.00000    0.00000    0.00000    0.00000    0.16482    -0.49207   3.28415    1.02813    7.40542    29.28245
C-G        0.00000    0.00000    0.00000    0.00000    0.00000    0.00000    0.10364    -0.58578   3.31885    1.63616    4.42489    33.72196
T-A        0.00000    0.00000    0.00000    0.00000    0.00000    0.00000    -0.07410   -0.29304   3.25859    3.09708    3.11149    30.97201
C-G        0.00000    0.00000    0.00000    0.00000    0.00000    0.00000    0.43333    0.37743    3.17340    5.47659    1.99630    35.14424
G-C        0.00000    0.00000    0.00000    0.00000    0.00000    0.00000    0.23843    1.13731    3.34712    2.49543    1.22116    34.95021
G-C        0.00000    0.00000    0.00000    0.00000    0.00000    0.00000    -0.14601   -0.22540   3.35232    -2.08575   0.83834    33.42111
G-C        0.00000    0.00000    0.00000    0.00000    0.00000    0.00000    -0.21968   -0.22372   3.32060    -1.56328   4.43246    32.50800
A-T        0.00000    0.00000    0.00000    0.00000    0.00000    0.00000    -0.12404   -0.28591   3.31985    -1.66699   0.49866    36.11535
T-A        0.00000    0.00000    0.00000    0.00000    0.00000    0.00000    -0.02297   -0.64341   3.23075    -1.08393   1.99955    30.53931
C-G        0.00000    0.00000    0.00000    0.00000    0.00000    0.00000    0.00610    -0.22504   3.25370    -1.21511   3.98548    34.44447
C-G        0.00000    0.00000    0.00000    0.00000    0.00000    0.00000    -0.49059   -0.20878   3.23643    -2.80373   9.93480    29.73258
G-C        0.00000    0.00000    0.00000    0.00000    0.00000    0.00000    0.04861    0.35083    3.29050    1.11623    12.35936   30.16493
C-G        0.00000    0.00000    0.00000    0.00000    0.00000    0.00000    0.23320    -0.56799   3.40878    2.40344    2.14642    34.35636
T-A        0.00000    0.00000    0.00000    0.00000    0.00000    0.00000    0.54805    -0.47237   3.43532    5.49703    1.12052    34.00310
T-A        0.00000    0.00000    0.00000    0.00000    0.00000    0.00000    0.04511    -0.38647   3.24869    1.83480    -3.87978   35.82813
T-A        0.00000    0.00000    0.00000    0.00000    0.00000    0.00000    -0.05222   -0.42575   3.25360    0.24096    -4.96469   35.06893
A-T        0.00000    0.00000    0.00000    0.00000    0.00000    0.00000    -0.10727   0.87626    3.20276    -0.92289   -9.25973   37.23332
A-T        0.00000    0.00000    0.00000    0.00000    0.00000    0.00000    -0.04554   -0.18740   3.19601    -2.52205   -1.43020   33.57380
C-G        0.00000    0.00000    0.00000    0.00000    0.00000    0.00000    -0.03320   -0.64473   3.28282    -1.79280   1.42866    31.33372
A-T        0.00000    0.00000    0.00000    0.00000    0.00000    0.00000    -0.10487   -0.14138   3.30226    -1.85484   7.01273    32.96688
C-G        0.00000    0.00000    0.00000    0.00000    0.00000    0.00000    0.17584    -0.65409   3.25258    -0.20493   3.38278    30.05874
T-A        0.00000    0.00000    0.00000    0.00000    0.00000    0.00000    0.10906    -0.65315   3.50467    -0.27170   6.03558    33.46431
T-A        0.00000    0.00000    0.00000    0.00000    0.00000    0.00000    0.06343    -0.40344   3.22221    0.74977    0.83758    34.24954
T-A        0.00000    0.00000    0.00000    0.00000    0.00000    0.00000    0.00097    -0.27512   3.22009    0.68742    0.92679    33.59211
A-T        0.00000    0.00000    0.00000    0.00000    0.00000    0.00000    0.04710    0.11286    3.36420    0.97474    1.15133    36.18761
T-A        0.00000    0.00000    0.00000    0.00000    0.00000    0.00000    -0.11595   -0.75355   3.19342    0.82241    0.97290    27.84804
G-C        0.00000    0.00000    0.00000    0.00000    0.00000    0.00000    0.00946    -0.25309   3.30549    0.32037    5.36207    37.25637
C-G        0.00000    0.00000    0.00000    0.00000    0.00000    0.00000    0.15644    -0.40299   3.25847    -1.59189   1.50557    33.06789
T-A        0.00000    0.00000    0.00000    0.00000    0.00000    0.00000    0.00605    -0.44341   3.39948    0.16670    1.92099    33.94180
T-A        0.00000    0.00000    0.00000    0.00000    0.00000    0.00000    -0.06480   -0.22900   3.18920    -0.92223   2.73804    33.12088
C-G        0.00000    0.00000    0.00000    0.00000    0.00000    0.00000    0.03119    -0.26740   3.27658    -0.77744   4.59048    33.63714
C-G        0.00000    0.00000    0.00000    0.00000    0.00000    0.00000    -0.29190   -0.22640   3.25775    -1.86356   7.92702    30.19367
G-C        0.00000    0.00000    0.00000    0.00000    0.00000    0.00000    0.11089    0.18403    3.03880    0.69613    8.17559    29.14764
G-C        0.00000    0.00000    0.00000    0.00000    0.00000    0.00000    0.40652    -0.36017   3.32109    2.03315    5.10493    32.26606
C-G        0.00000    0.00000    0.00000    0.00000    0.00000    0.00000    0.21899    -0.64427   3.29732    0.92261    2.52121    32.58962
T-A        0.00000    0.00000    0.00000    0.00000    0.00000    0.00000    -0.09402   -0.30111   3.28182    1.23270    2.07684    30.96789
C-G        0.00000    0.00000    0.00000    0.00000    0.00000    0.00000    0.13852    0.12191    3.27423    1.72070    1.91618    35.00340
G-C        0.00000    0.00000    0.00000    0.00000    0.00000    0.00000    -0.03171   0.46896    3.26845    -0.33635   3.02448    34.88640
T-A        0.00000    0.00000    0.00000    0.00000    0.00000    0.00000    0.17693    -0.52500   3.22249    -0.29911   2.08878    31.26781
A-T        0.00000    0.00000    0.00000    0.00000    0.00000    0.00000    -0.01959   -0.54968   3.37209    -0.14063   4.13578    34.30504
T-A        0.00000    0.00000    0.00000    0.00000    0.00000    0.00000    0.01211    -0.71804   3.15353    -0.40213   -0.52826   29.32378
A-T        0.00000    0.00000    0.00000    0.00000    0.00000    0.00000    -0.00416   0.18336    3.31516    0.16940    4.29580    33.86674
A-T        0.00000    0.00000    0.00000    0.00000    0.00000    0.00000    0.03178    -0.35215   3.21558    -0.20190   2.34033    33.38275
T-A        0.00000    0.00000    0.00000    0.00000    0.00000    0.00000    0.02032    -0.68818   3.25840    0.14286    0.45542    30.47236
G-C        0.00000    0.00000    0.00000    0.00000    0.00000    0.00000    0.00026    -0.36460   3.43518    -0.58317   5.75879    34.21594
T-A        0.00000    0.00000    0.00000    0.00000    0.00000    0.00000    0.06539    -0.52307   3.21468    0.28718    1.36514    28.89123
G-C        0.00000    0.00000    0.00000    0.00000    0.00000    0.00000    -0.01932   -0.18065   3.32004    0.60278    5.27817    33.58285
T-A        0.00000    0.00000    0.00000    0.00000    0.00000    0.00000    -0.17039   -0.52825   3.16603    0.11546    2.74919    30.49163
C-G        0.00000    0.00000    0.00000    0.00000    0.00000    0.00000    0.10164    -0.06189   3.14842    1.17762    0.12349    35.20436
G-C        0.00000    0.00000    0.00000    0.00000    0.00000    0.00000    -0.00801   0.51981    3.23326    0.49151    8.64533    29.70014
A-T        0.00000    0.00000    0.00000    0.00000    0.00000    0.00000    -0.08610   -0.05851   3.15310    -0.82115   -0.01632   35.34487
C-G        0.00000    0.00000    0.00000    0.00000    0.00000    0.00000    -0.08003   -0.78344   3.20675    -0.10697   2.37390    31.43660
C-G        0.00000    0.00000    0.00000    0.00000    0.00000    0.00000    0.18145    -0.54984   3.36659    0.61323    6.27469    30.76827
A-T        0.00000    0.00000    0.00000    0.00000    0.00000    0.00000    0.04525    0.58669    3.27644    -1.01029   5.34005    33.50324
A-T        0.00000    0.00000    0.00000    0.00000    0.00000    0.00000    0.08241    -0.24282   3.27418    0.11823    0.00160    34.02998
A-T        0.00000    0.00000    0.00000    0.00000    0.00000    0.00000    0.00808    -0.42428   3.25725    -0.60861   -2.49389   35.74429
T-A        0.00000    0.00000    0.00000    0.00000    0.00000    0.00000    -0.01223   -0.68463   3.25915    -0.32784   0.49261    30.50389
G-C        0.00000    0.00000    0.00000    0.00000    0.00000    0.00000    -0.52900   -0.91300   3.45600    -1.67700   -11.71400  37.49400
T-A        0.00000    0.00000    0.00000    0.00000    0.00000    0.00000    -0.90500   -1.56500   3.20800    -2.32800   -8.21500   32.14400
G-C        0.00000    0.00000    0.00000    0.00000    0.00000    0.00000    -0.37700   -0.59700   3.22400    -2.12800   -0.61200   39.44800
A-T        0.00000    0.00000    0.00000    0.00000    0.00000    0.00000    0.13400    -1.01800   3.05000    2.61500    -6.07800   32.10400
G-C        0.00000    0.00000    0.00000    0.00000    0.00000    0.00000    0.92900    -0.52800   2.87800    -1.17000   -8.56800   33.48600
C-G        0.00000    0.00000    0.00000    0.00000    0.00000    0.00000    -0.67600   -0.12300   3.12700    12.52000   -5.63700   33.19300
G-C        0.00000    0.00000    0.00000    0.00000    0.00000    0.00000    0.04800    1.55200    5.40900    0.16300    60.14800   13.23700
C-G        0.00000    0.00000    0.00000    0.00000    0.00000    0.00000    0.71600    -0.08700   3.08800    -11.70600  -4.92500   33.30400
T-A        0.00000    0.00000    0.00000    0.00000    0.00000    0.00000    -0.96100   -0.48200   2.89500    0.91000    -7.58900   33.57800
C-G        0.00000    0.00000    0.00000    0.00000    0.00000    0.00000    -0.12000   -0.98200   3.10500    -2.85700   -6.37300   31.80800
A-T        0.00000    0.00000    0.00000    0.00000    0.00000    0.00000    0.32300    -0.59400   3.18200    1.62300    -0.34600   39.45200
C-G        0.00000    0.00000    0.00000    0.00000    0.00000    0.00000    0.92900    -1.59400   3.28000    2.05500    -8.65500   31.92100
A-T        0.00000    0.00000    0.00000    0.00000    0.00000    0.00000    0.27000    -1.09600   3.26800    -0.62400   -9.99700   39.99000
