147 # base pairs
  0 # ***local base-pair & step parameters***
#          Shear      Stretch    Stagger    Buckle     Prop-Tw    Opening    Shift      Slide      Rise       Tilt       Roll       Twist
T-A        0.00000    0.00000    0.00000    0.00000    0.00000    0.00000    0.00000    0.00000    0.00000    0.00000    0.00000    0.00000
G-C        0.00000    0.00000    0.00000    0.00000    0.00000    0.00000    -0.52900   -0.91400   3.45700    -1.68900   -11.71200  37.48600
T-A        0.00000    0.00000    0.00000    0.00000    0.00000    0.00000    -0.90500   -1.56600   3.20600    -2.28600   -8.20700   32.14700
G-C        0.00000    0.00000    0.00000    0.00000    0.00000    0.00000    -0.37800   -0.59600   3.22500    -2.16700   -0.60300   39.43900
A-T        0.00000    0.00000    0.00000    0.00000    0.00000    0.00000    0.13400    -1.01800   3.05000    2.61000    -6.09300   32.09300
G-C        0.00000    0.00000    0.00000    0.00000    0.00000    0.00000    0.92900    -0.52800   2.87800    -1.17000   -8.57000   33.49400
C-G        0.00000    0.00000    0.00000    0.00000    0.00000    0.00000    -0.67600   -0.12200   3.12700    12.55900   -5.64700   33.21100
G-C        0.00000    0.00000    0.00000    0.00000    0.00000    0.00000    0.04900    1.55300    5.41000    0.14200    60.15100   13.21000
C-G        0.00000    0.00000    0.00000    0.00000    0.00000    0.00000    0.71500    -0.08700   3.08800    -11.72400  -4.90600   33.28700
T-A        0.00000    0.00000    0.00000    0.00000    0.00000    0.00000    -0.96000   -0.48500   2.89400    0.89600    -7.58500   33.58500
C-G        0.00000    0.00000    0.00000    0.00000    0.00000    0.00000    -0.12000   -0.98300   3.10600    -2.86200   -6.42300   31.82500
A-T        0.00000    0.00000    0.00000    0.00000    0.00000    0.00000    0.32200    -0.59300   3.18200    1.65600    -0.34900   39.43600
C-G        0.00000    0.00000    0.00000    0.00000    0.00000    0.00000    0.92900    -1.59300   3.28000    2.06100    -8.65300   31.94300
A-T        0.00000    0.00000    0.00000    0.00000    0.00000    0.00000    0.27000    -1.09600   3.26800    -0.64500   -9.98900   39.97000
A-T        0.00000    0.00000    0.00000    0.00000    0.00000    0.00000    -0.01062   -0.30812   3.24010    -0.78470   -1.84052   34.90609
T-A        0.00000    0.00000    0.00000    0.00000    0.00000    0.00000    -0.01298   -0.68389   3.22191    -0.70190   -0.12255   30.28400
T-A        0.00000    0.00000    0.00000    0.00000    0.00000    0.00000    -0.03714   -0.26318   3.22803    -0.96131   0.90205    34.15551
T-A        0.00000    0.00000    0.00000    0.00000    0.00000    0.00000    -0.01635   -0.25417   3.22340    -0.63269   1.91795    33.82083
A-T        0.00000    0.00000    0.00000    0.00000    0.00000    0.00000    0.04051    -0.23548   3.32016    -0.04576   8.26955    33.04937
T-A        0.00000    0.00000    0.00000    0.00000    0.00000    0.00000    0.02343    -0.68536   3.20477    0.26948    1.45398    29.76322
T-A        0.00000    0.00000    0.00000    0.00000    0.00000    0.00000    0.00482    -0.29008   3.22784    0.60760    1.02968    33.95057
C-G        0.00000    0.00000    0.00000    0.00000    0.00000    0.00000    0.09484    -0.14691   3.26796    1.03718    2.10891    35.48703
G-C        0.00000    0.00000    0.00000    0.00000    0.00000    0.00000    0.06198    0.33420    3.32172    1.21554    5.76090    33.73889
C-G        0.00000    0.00000    0.00000    0.00000    0.00000    0.00000    -0.01197   -0.43156   3.29226    0.25853    1.97808    33.07347
A-T        0.00000    0.00000    0.00000    0.00000    0.00000    0.00000    -0.09930   0.22512    3.31275    -0.12467   4.49304    34.89665
A-T        0.00000    0.00000    0.00000    0.00000    0.00000    0.00000    0.00463    -0.28895   3.23707    -0.34532   -0.94853   34.76625
A-T        0.00000    0.00000    0.00000    0.00000    0.00000    0.00000    0.01420    -0.27781   3.23426    -0.44666   -0.34425   34.59543
G-C        0.00000    0.00000    0.00000    0.00000    0.00000    0.00000    -0.01854   -0.33479   3.28754    -0.99200   3.90017    31.49323
G-C        0.00000    0.00000    0.00000    0.00000    0.00000    0.00000    0.00293    -0.35668   3.35157    -0.35575   5.49966    32.39955
C-G        0.00000    0.00000    0.00000    0.00000    0.00000    0.00000    0.02498    -0.47215   3.27159    -0.06014   3.26834    32.57284
C-G        0.00000    0.00000    0.00000    0.00000    0.00000    0.00000    0.03848    -0.40413   3.35750    0.13187    5.60212    32.24774
G-C        0.00000    0.00000    0.00000    0.00000    0.00000    0.00000    0.02933    0.26874    3.32833    0.39808    7.27957    33.20906
G-C        0.00000    0.00000    0.00000    0.00000    0.00000    0.00000    0.00271    -0.40151   3.36023    0.33647    5.27716    32.37815
C-G        0.00000    0.00000    0.00000    0.00000    0.00000    0.00000    -0.01001   -0.46010   3.27996    0.23975    2.82381    32.77806
C-G        0.00000    0.00000    0.00000    0.00000    0.00000    0.00000    -0.00668   -0.34559   3.35593    0.27314    4.90302    32.64593
C-G        0.00000    0.00000    0.00000    0.00000    0.00000    0.00000    0.00757    -0.31818   3.35382    0.29764    4.72981    32.76189
G-C        0.00000    0.00000    0.00000    0.00000    0.00000    0.00000    0.02006    0.40599    3.32134    0.37620    5.91930    33.88463
A-T        0.00000    0.00000    0.00000    0.00000    0.00000    0.00000    -0.00930   -0.10606   3.27694    0.04316    1.49206    36.01065
C-G        0.00000    0.00000    0.00000    0.00000    0.00000    0.00000    0.03649    -0.63173   3.25798    0.12046    1.26060    31.49217
A-T        0.00000    0.00000    0.00000    0.00000    0.00000    0.00000    -0.04109   0.17336    3.31969    -0.24179   5.16558    34.67773
C-G        0.00000    0.00000    0.00000    0.00000    0.00000    0.00000    0.02297    -0.64852   3.25390    -0.18978   1.55805    31.36014
G-C        0.00000    0.00000    0.00000    0.00000    0.00000    0.00000    -0.06466   0.28449    3.32772    -1.06650   6.88796    33.39827
A-T        0.00000    0.00000    0.00000    0.00000    0.00000    0.00000    -0.07473   -0.14524   3.26482    -0.63795   2.70922    35.34699
C-G        0.00000    0.00000    0.00000    0.00000    0.00000    0.00000    -0.04153   -0.65325   3.23132    -0.00559   2.64487    30.98135
T-A        0.00000    0.00000    0.00000    0.00000    0.00000    0.00000    -0.00982   -0.36119   3.28293    0.52719    4.86563    31.12687
T-A        0.00000    0.00000    0.00000    0.00000    0.00000    0.00000    -0.03016   -0.26412   3.22673    0.35945    1.22248    34.03143
A-T        0.00000    0.00000    0.00000    0.00000    0.00000    0.00000    0.01920    0.10361    3.32770    0.90205    3.98107    35.69611
C-G        0.00000    0.00000    0.00000    0.00000    0.00000    0.00000    0.03073    -0.62961   3.25356    0.94456    1.46469    31.38916
T-A        0.00000    0.00000    0.00000    0.00000    0.00000    0.00000    0.08123    -0.32364   3.29759    1.17355    2.54842    31.91356
G-C        0.00000    0.00000    0.00000    0.00000    0.00000    0.00000    0.10636    0.25889    3.30876    0.28287    3.69839    35.31756
T-A        0.00000    0.00000    0.00000    0.00000    0.00000    0.00000    0.01832    -0.64667   3.27557    -0.53541   0.48988    31.73186
A-T        0.00000    0.00000    0.00000    0.00000    0.00000    0.00000    -0.02234   0.19939    3.34178    -1.11754   0.46980    37.52959
G-C        0.00000    0.00000    0.00000    0.00000    0.00000    0.00000    -0.05660   -0.37763   3.29145    -1.94812   3.83001    31.47457
G-C        0.00000    0.00000    0.00000    0.00000    0.00000    0.00000    -0.16421   -0.40738   3.35297    -1.65416   6.17418    32.10467
T-A        0.00000    0.00000    0.00000    0.00000    0.00000    0.00000    -0.04300   -0.65612   3.21514    -0.74403   3.47943    30.64723
A-T        0.00000    0.00000    0.00000    0.00000    0.00000    0.00000    -0.03571   -0.33561   3.31454    0.17093    10.02119   32.05592
T-A        0.00000    0.00000    0.00000    0.00000    0.00000    0.00000    -0.01269   -0.67258   3.19787    0.55923    1.84579    29.68320
C-G        0.00000    0.00000    0.00000    0.00000    0.00000    0.00000    0.14148    -0.09847   3.25550    1.78669    2.88825    35.31365
T-A        0.00000    0.00000    0.00000    0.00000    0.00000    0.00000    0.08525    -0.32356   3.28943    2.34779    3.06356    31.77819
C-G        0.00000    0.00000    0.00000    0.00000    0.00000    0.00000    0.15324    -0.11298   3.28233    1.46228    0.02938    36.42576
G-C        0.00000    0.00000    0.00000    0.00000    0.00000    0.00000    0.06878    0.47622    3.31049    0.50412    2.72015    34.96227
A-T        0.00000    0.00000    0.00000    0.00000    0.00000    0.00000    -0.08975   -0.13851   3.29057    -1.08524   -0.44481   36.61212
G-C        0.00000    0.00000    0.00000    0.00000    0.00000    0.00000    -0.06061   -0.36992   3.29834    -2.50817   2.46213    31.91582
C-G        0.00000    0.00000    0.00000    0.00000    0.00000    0.00000    -0.18995   -0.47724   3.27368    -2.37496   3.15778    32.61984
T-A        0.00000    0.00000    0.00000    0.00000    0.00000    0.00000    -0.04150   -0.37596   3.27720    -1.59920   5.77463    30.68571
C-G        0.00000    0.00000    0.00000    0.00000    0.00000    0.00000    -0.06449   -0.12805   3.24133    -0.75983   5.32400    34.35404
G-C        0.00000    0.00000    0.00000    0.00000    0.00000    0.00000    0.05196    0.18786    3.32685    1.11584    11.20879   31.73612
G-C        0.00000    0.00000    0.00000    0.00000    0.00000    0.00000    0.20840    -0.39890   3.33571    2.54969    7.38509    31.65574
G-C        0.00000    0.00000    0.00000    0.00000    0.00000    0.00000    0.29114    -0.35812   3.34680    3.39969    5.59041    32.41581
A-T        0.00000    0.00000    0.00000    0.00000    0.00000    0.00000    0.16040    -0.11947   3.29311    2.38364    0.38135    36.62912
T-A        0.00000    0.00000    0.00000    0.00000    0.00000    0.00000    0.02360    -0.70518   3.25292    0.68088    -2.59870   31.23976
C-G        0.00000    0.00000    0.00000    0.00000    0.00000    0.00000    0.03810    -0.13785   3.30276    -0.12397   -1.70756   37.16200
C-G        0.00000    0.00000    0.00000    0.00000    0.00000    0.00000    -0.15557   -0.32861   3.36983    -2.22838   2.24044    33.46151
G-C        0.00000    0.00000    0.00000    0.00000    0.00000    0.00000    -0.34206   0.35543    3.30959    -4.85465   5.33168    33.79058
C-G        0.00000    0.00000    0.00000    0.00000    0.00000    0.00000    -0.22389   -0.48843   3.25367    -2.81594   3.87554    32.12692
T-A        0.00000    0.00000    0.00000    0.00000    0.00000    0.00000    -0.03055   -0.37284   3.26074    -1.57745   6.84124    30.05290
T-A        0.00000    0.00000    0.00000    0.00000    0.00000    0.00000    -0.03284   -0.22564   3.20134    -0.45428   5.35979    32.28671
T-A        0.00000    0.00000    0.00000    0.00000    0.00000    0.00000    -0.00120   -0.22910   3.20327    0.72797    4.89465    32.44105
A-T        0.00000    0.00000    0.00000    0.00000    0.00000    0.00000    0.10643    -0.34665   3.30600    2.48895    10.04286   31.74247
A-T        0.00000    0.00000    0.00000    0.00000    0.00000    0.00000    0.08053    -0.28924   3.22864    2.17090    0.12853    34.31671
C-G        0.00000    0.00000    0.00000    0.00000    0.00000    0.00000    0.07446    -0.64792   3.28104    2.02504    0.03429    31.65339
A-T        0.00000    0.00000    0.00000    0.00000    0.00000    0.00000    0.02568    0.34389    3.28355    1.19909    1.04793    36.08158
T-A        0.00000    0.00000    0.00000    0.00000    0.00000    0.00000    -0.00512   -0.71277   3.25768    -0.31681   -3.11868   31.22410
C-G        0.00000    0.00000    0.00000    0.00000    0.00000    0.00000    -0.12608   -0.13919   3.29647    -2.08409   -0.64194   36.68869
A-T        0.00000    0.00000    0.00000    0.00000    0.00000    0.00000    -0.24567   0.20265    3.30561    -3.21351   5.15727    34.66571
T-A        0.00000    0.00000    0.00000    0.00000    0.00000    0.00000    -0.01521   -0.67745   3.19594    -1.35428   1.76805    29.54011
G-C        0.00000    0.00000    0.00000    0.00000    0.00000    0.00000    -0.00864   -0.12386   3.34514    -2.08426   10.60074   31.60358
T-A        0.00000    0.00000    0.00000    0.00000    0.00000    0.00000    0.03317    -0.64795   3.17001    -0.29634   5.18741    29.79661
T-A        0.00000    0.00000    0.00000    0.00000    0.00000    0.00000    0.01564    -0.23911   3.20519    0.87262    4.56082    32.53077
A-T        0.00000    0.00000    0.00000    0.00000    0.00000    0.00000    0.12041    -0.34023   3.31006    2.50760    9.17726    32.11847
T-A        0.00000    0.00000    0.00000    0.00000    0.00000    0.00000    0.01810    -0.69467   3.21901    1.41755    0.07262    30.16173
A-T        0.00000    0.00000    0.00000    0.00000    0.00000    0.00000    0.07561    0.41069    3.33763    2.08550    -2.96708   39.03235
A-T        0.00000    0.00000    0.00000    0.00000    0.00000    0.00000    0.02352    -0.36483   3.24916    0.30899    -4.38182   35.49202
C-G        0.00000    0.00000    0.00000    0.00000    0.00000    0.00000    -0.02730   -0.62660   3.28880    -0.56457   -0.79222   31.75304
G-C        0.00000    0.00000    0.00000    0.00000    0.00000    0.00000    -0.27374   0.44794    3.29527    -3.66621   4.02275    33.96118
G-C        0.00000    0.00000    0.00000    0.00000    0.00000    0.00000    -0.27439   -0.31240   3.33725    -3.05135   4.96985    32.09293
A-T        0.00000    0.00000    0.00000    0.00000    0.00000    0.00000    -0.15338   -0.11607   3.23397    -2.00558   3.97254    34.23078
C-G        0.00000    0.00000    0.00000    0.00000    0.00000    0.00000    0.00284    -0.63760   3.18488    -0.47532   4.22408    29.80977
T-A        0.00000    0.00000    0.00000    0.00000    0.00000    0.00000    0.05919    -0.38143   3.25258    0.65241    6.86433    29.63916
T-A        0.00000    0.00000    0.00000    0.00000    0.00000    0.00000    0.01708    -0.27609   3.21112    0.82408    3.19459    32.60707
T-A        0.00000    0.00000    0.00000    0.00000    0.00000    0.00000    0.01613    -0.30536   3.21945    1.29858    1.43607    33.13234
A-T        0.00000    0.00000    0.00000    0.00000    0.00000    0.00000    0.06358    -0.03728   3.31689    1.82114    3.04285    34.73074
T-A        0.00000    0.00000    0.00000    0.00000    0.00000    0.00000    -0.01123   -0.70784   3.23144    0.63181    -1.12611   30.13338
G-C        0.00000    0.00000    0.00000    0.00000    0.00000    0.00000    0.03686    0.22872    3.28878    0.23148    3.20913    34.58423
C-G        0.00000    0.00000    0.00000    0.00000    0.00000    0.00000    -0.08020   -0.40055   3.28606    -0.70420   1.30740    32.68798
T-A        0.00000    0.00000    0.00000    0.00000    0.00000    0.00000    0.00500    -0.33649   3.28366    -1.03442   2.51336    30.96119
T-A        0.00000    0.00000    0.00000    0.00000    0.00000    0.00000    -0.04977   -0.29638   3.22585    -1.10121   0.13618    33.69878
C-G        0.00000    0.00000    0.00000    0.00000    0.00000    0.00000    -0.04596   -0.12866   3.24973    -1.12512   3.29058    34.55444
C-G        0.00000    0.00000    0.00000    0.00000    0.00000    0.00000    -0.02927   -0.42280   3.33240    -0.79322   6.93278    31.02882
G-C        0.00000    0.00000    0.00000    0.00000    0.00000    0.00000    0.06420    0.20469    3.30668    0.46666    9.45482    31.57847
G-C        0.00000    0.00000    0.00000    0.00000    0.00000    0.00000    0.13944    -0.46670   3.34226    1.31288    6.56856    31.10879
C-G        0.00000    0.00000    0.00000    0.00000    0.00000    0.00000    0.09791    -0.48360   3.25969    1.22414    3.31608    31.95478
T-A        0.00000    0.00000    0.00000    0.00000    0.00000    0.00000    0.03786    -0.38878   3.28091    1.52389    3.41458    30.75883
C-G        0.00000    0.00000    0.00000    0.00000    0.00000    0.00000    0.05852    -0.15078   3.26763    0.70306    1.14857    35.31822
G-C        0.00000    0.00000    0.00000    0.00000    0.00000    0.00000    -0.03215   0.38406    3.29816    0.01887    5.00394    33.35814
T-A        0.00000    0.00000    0.00000    0.00000    0.00000    0.00000    -0.05520   -0.63183   3.25430    -0.49610   0.97693    30.89776
A-T        0.00000    0.00000    0.00000    0.00000    0.00000    0.00000    -0.04435   0.16934    3.31700    -0.72991   2.09382    35.71236
T-A        0.00000    0.00000    0.00000    0.00000    0.00000    0.00000    0.00226    -0.68494   3.21243    -0.40490   0.36270    29.73618
A-T        0.00000    0.00000    0.00000    0.00000    0.00000    0.00000    0.00702    -0.06994   3.31017    -0.58292   5.55041    33.67698
A-T        0.00000    0.00000    0.00000    0.00000    0.00000    0.00000    0.04033    -0.28966   3.22202    -0.15949   1.24741    33.34107
T-A        0.00000    0.00000    0.00000    0.00000    0.00000    0.00000    0.02229    -0.69173   3.20513    -0.01285   1.07662    29.44660
G-C        0.00000    0.00000    0.00000    0.00000    0.00000    0.00000    0.11050    -0.02372   3.32358    0.08530    7.28355    32.76101
T-A        0.00000    0.00000    0.00000    0.00000    0.00000    0.00000    0.00447    -0.65834   3.23141    0.09785    2.25224    30.47256
G-C        0.00000    0.00000    0.00000    0.00000    0.00000    0.00000    0.07521    0.02407    3.31801    0.27871    6.45632    33.20220
T-A        0.00000    0.00000    0.00000    0.00000    0.00000    0.00000    -0.03677   -0.64723   3.24054    0.07764    1.76219    30.66683
C-G        0.00000    0.00000    0.00000    0.00000    0.00000    0.00000    0.02147    -0.13432   3.26210    0.28127    1.92524    35.12364
G-C        0.00000    0.00000    0.00000    0.00000    0.00000    0.00000    -0.01272   0.37040    3.30157    0.15619    6.21930    33.00297
A-T        0.00000    0.00000    0.00000    0.00000    0.00000    0.00000    -0.03434   -0.11833   3.26209    -0.08077   1.80040    35.21379
C-G        0.00000    0.00000    0.00000    0.00000    0.00000    0.00000    0.02381    -0.62606   3.24200    0.13651    1.52969    30.77640
C-G        0.00000    0.00000    0.00000    0.00000    0.00000    0.00000    0.03741    -0.34782   3.34494    -0.12066   4.74933    32.01574
A-T        0.00000    0.00000    0.00000    0.00000    0.00000    0.00000    -0.04017   0.10846    3.31055    -0.07704   5.79442    33.57321
A-T        0.00000    0.00000    0.00000    0.00000    0.00000    0.00000    0.03538    -0.31699   3.22871    -0.26976   -0.02312   33.75124
A-T        0.00000    0.00000    0.00000    0.00000    0.00000    0.00000    0.02194    -0.31672   3.22690    -0.35691   0.38649    33.60932
T-A        0.00000    0.00000    0.00000    0.00000    0.00000    0.00000    -0.00750   -0.69734   3.20922    -0.26283   0.84177    29.56475
G-C        0.00000    0.00000    0.00000    0.00000    0.00000    0.00000    -0.52900   -0.91300   3.45600    -1.67700   -11.71400  37.49400
T-A        0.00000    0.00000    0.00000    0.00000    0.00000    0.00000    -0.90500   -1.56500   3.20800    -2.32800   -8.21500   32.14400
G-C        0.00000    0.00000    0.00000    0.00000    0.00000    0.00000    -0.37700   -0.59700   3.22400    -2.12800   -0.61200   39.44800
A-T        0.00000    0.00000    0.00000    0.00000    0.00000    0.00000    0.13400    -1.01800   3.05000    2.61500    -6.07800   32.10400
G-C        0.00000    0.00000    0.00000    0.00000    0.00000    0.00000    0.92900    -0.52800   2.87800    -1.17000   -8.56800   33.48600
C-G        0.00000    0.00000    0.00000    0.00000    0.00000    0.00000    -0.67600   -0.12300   3.12700    12.52000   -5.63700   33.19300
G-C        0.00000    0.00000    0.00000    0.00000    0.00000    0.00000    0.04800    1.55200    5.40900    0.16300    60.14800   13.23700
C-G        0.00000    0.00000    0.00000    0.00000    0.00000    0.00000    0.71600    -0.08700   3.08800    -11.70600  -4.92500   33.30400
T-A        0.00000    0.00000    0.00000    0.00000    0.00000    0.00000    -0.96100   -0.48200   2.89500    0.91000    -7.58900   33.57800
C-G        0.00000    0.00000    0.00000    0.00000    0.00000    0.00000    -0.12000   -0.98200   3.10500    -2.85700   -6.37300   31.80800
A-T        0.00000    0.00000    0.00000    0.00000    0.00000    0.00000    0.32300    -0.59400   3.18200    1.62300    -0.34600   39.45200
C-G        0.00000    0.00000    0.00000    0.00000    0.00000    0.00000    0.92900    -1.59400   3.28000    2.05500    -8.65500   31.92100
A-T        0.00000    0.00000    0.00000    0.00000    0.00000    0.00000    0.27000    -1.09600   3.26800    -0.62400   -9.99700   39.99000
