147 # base pairs
  0 # ***local base-pair & step parameters***
#          Shear      Stretch    Stagger    Buckle     Prop-Tw    Opening    Shift      Slide      Rise       Tilt       Roll       Twist
T-A        0.00000    0.00000    0.00000    0.00000    0.00000    0.00000    0.00000    0.00000    0.00000    0.00000    0.00000    0.00000
G-C        0.00000    0.00000    0.00000    0.00000    0.00000    0.00000    -0.52900   -0.91400   3.45700    -1.68900   -11.71200  37.48600
T-A        0.00000    0.00000    0.00000    0.00000    0.00000    0.00000    -0.90500   -1.56600   3.20600    -2.28600   -8.20700   32.14700
G-C        0.00000    0.00000    0.00000    0.00000    0.00000    0.00000    -0.37800   -0.59600   3.22500    -2.16700   -0.60300   39.43900
A-T        0.00000    0.00000    0.00000    0.00000    0.00000    0.00000    0.13400    -1.01800   3.05000    2.61000    -6.09300   32.09300
G-C        0.00000    0.00000    0.00000    0.00000    0.00000    0.00000    0.92900    -0.52800   2.87800    -1.17000   -8.57000   33.49400
C-G        0.00000    0.00000    0.00000    0.00000    0.00000    0.00000    -0.67600   -0.12200   3.12700    12.55900   -5.64700   33.21100
G-C        0.00000    0.00000    0.00000    0.00000    0.00000    0.00000    0.04900    1.55300    5.41000    0.14200    60.15100   13.21000
C-G        0.00000    0.00000    0.00000    0.00000    0.00000    0.00000    0.71500    -0.08700   3.08800    -11.72400  -4.90600   33.28700
T-A        0.00000    0.00000    0.00000    0.00000    0.00000    0.00000    -0.96000   -0.48500   2.89400    0.89600    -7.58500   33.58500
C-G        0.00000    0.00000    0.00000    0.00000    0.00000    0.00000    -0.12000   -0.98300   3.10600    -2.86200   -6.42300   31.82500
A-T        0.00000    0.00000    0.00000    0.00000    0.00000    0.00000    0.32200    -0.59300   3.18200    1.65600    -0.34900   39.43600
C-G        0.00000    0.00000    0.00000    0.00000    0.00000    0.00000    0.92900    -1.59300   3.28000    2.06100    -8.65300   31.94300
A-T        0.00000    0.00000    0.00000    0.00000    0.00000    0.00000    0.27000    -1.09600   3.26800    -0.64500   -9.98900   39.97000
A-T        0.00000    0.00000    0.00000    0.00000    0.00000    0.00000    -0.12380   -0.16578   3.23277    -1.31103   -0.21112   34.88632
T-A        0.00000    0.00000    0.00000    0.00000    0.00000    0.00000    -0.01933   -0.75627   3.30792    -0.58308   -2.66355   32.37434
T-A        0.00000    0.00000    0.00000    0.00000    0.00000    0.00000    -0.00684   -0.39413   3.26689    -0.59063   -2.17707   35.89360
T-A        0.00000    0.00000    0.00000    0.00000    0.00000    0.00000    -0.02611   -0.20438   3.22125    -0.59693   2.64837    33.36867
A-T        0.00000    0.00000    0.00000    0.00000    0.00000    0.00000    0.04789    0.06242    3.27479    -0.76153   7.72078    31.18553
T-A        0.00000    0.00000    0.00000    0.00000    0.00000    0.00000    -0.01158   -0.72799   3.22369    -0.08262   0.80935    30.17348
T-A        0.00000    0.00000    0.00000    0.00000    0.00000    0.00000    -0.01518   -0.31476   3.26101    0.69674    1.31379    33.51926
C-G        0.00000    0.00000    0.00000    0.00000    0.00000    0.00000    0.03909    -0.08317   3.27359    0.68077    2.47645    34.85810
G-C        0.00000    0.00000    0.00000    0.00000    0.00000    0.00000    0.19629    0.54904    3.32234    1.53984    8.53579    33.35463
C-G        0.00000    0.00000    0.00000    0.00000    0.00000    0.00000    -0.10243   -0.41290   3.24438    -0.72133   3.05784    31.44023
A-T        0.00000    0.00000    0.00000    0.00000    0.00000    0.00000    -0.10334   0.45188    3.27579    -0.53868   2.89524    34.81634
A-T        0.00000    0.00000    0.00000    0.00000    0.00000    0.00000    0.05196    -0.22264   3.27586    0.05549    -0.62642   34.38488
A-T        0.00000    0.00000    0.00000    0.00000    0.00000    0.00000    -0.05146   -0.38430   3.23442    -0.78491   -1.76311   35.15718
G-C        0.00000    0.00000    0.00000    0.00000    0.00000    0.00000    0.01498    -0.47527   3.33203    0.05575    3.32540    31.85936
G-C        0.00000    0.00000    0.00000    0.00000    0.00000    0.00000    0.01901    -0.39657   3.41668    -0.97355   4.87715    33.72338
C-G        0.00000    0.00000    0.00000    0.00000    0.00000    0.00000    0.01654    -0.47428   3.23676    -0.09686   3.83320    32.53155
C-G        0.00000    0.00000    0.00000    0.00000    0.00000    0.00000    -0.25143   -0.34568   3.32030    -0.50711   5.10275    32.69618
G-C        0.00000    0.00000    0.00000    0.00000    0.00000    0.00000    0.06669    0.20099    3.03787    0.62878    7.11269    29.55644
G-C        0.00000    0.00000    0.00000    0.00000    0.00000    0.00000    0.34613    -0.35101   3.33100    1.46249    4.46869    32.69473
C-G        0.00000    0.00000    0.00000    0.00000    0.00000    0.00000    0.03304    -0.44667   3.24317    0.48226    3.07811    32.81542
C-G        0.00000    0.00000    0.00000    0.00000    0.00000    0.00000    0.20331    -0.40760   3.37549    1.05895    3.55518    33.16928
C-G        0.00000    0.00000    0.00000    0.00000    0.00000    0.00000    0.05266    -0.24159   3.33334    1.71871    3.17516    32.89120
G-C        0.00000    0.00000    0.00000    0.00000    0.00000    0.00000    -0.19547   0.85500    3.28382    -0.96064   3.76947    33.36681
A-T        0.00000    0.00000    0.00000    0.00000    0.00000    0.00000    -0.11047   -0.05665   3.15148    -1.15889   -0.06001   35.41438
C-G        0.00000    0.00000    0.00000    0.00000    0.00000    0.00000    0.15093    -0.51963   3.17010    -0.13841   2.49386    30.73191
A-T        0.00000    0.00000    0.00000    0.00000    0.00000    0.00000    0.02739    -0.12492   3.32311    -0.73923   4.75173    34.17466
C-G        0.00000    0.00000    0.00000    0.00000    0.00000    0.00000    0.21134    -0.53011   3.24812    -0.21955   2.75913    30.06927
G-C        0.00000    0.00000    0.00000    0.00000    0.00000    0.00000    -0.01276   0.45869    3.28027    -0.31743   4.62253    34.52555
A-T        0.00000    0.00000    0.00000    0.00000    0.00000    0.00000    -0.12333   -0.07173   3.15068    -1.23114   0.35350    35.20094
C-G        0.00000    0.00000    0.00000    0.00000    0.00000    0.00000    -0.15110   -0.71945   3.21635    0.28693    3.71229    31.10271
T-A        0.00000    0.00000    0.00000    0.00000    0.00000    0.00000    0.08125    -0.72000   3.52944    -0.36169   3.27128    33.58421
T-A        0.00000    0.00000    0.00000    0.00000    0.00000    0.00000    -0.10768   -0.35759   3.20253    0.34210    1.33962    29.14120
A-T        0.00000    0.00000    0.00000    0.00000    0.00000    0.00000    -0.00037   -0.16610   3.29232    0.38371    6.89193    32.76308
C-G        0.00000    0.00000    0.00000    0.00000    0.00000    0.00000    0.04294    -0.68428   3.25318    0.97530    1.83495    31.46553
T-A        0.00000    0.00000    0.00000    0.00000    0.00000    0.00000    -0.05603   -0.51643   3.31667    1.78862    4.70694    31.07140
G-C        0.00000    0.00000    0.00000    0.00000    0.00000    0.00000    0.09792    0.05492    3.34463    -0.34294   5.27000    34.34283
T-A        0.00000    0.00000    0.00000    0.00000    0.00000    0.00000    0.07563    -0.54117   3.15790    0.02843    1.25982    30.25776
A-T        0.00000    0.00000    0.00000    0.00000    0.00000    0.00000    0.04709    0.25136    3.29407    -0.47908   1.27467    36.68318
G-C        0.00000    0.00000    0.00000    0.00000    0.00000    0.00000    -0.20189   -0.31454   3.21975    -1.71494   4.41063    29.26362
G-C        0.00000    0.00000    0.00000    0.00000    0.00000    0.00000    -0.08255   -0.92077   3.52117    -1.06398   4.89200    31.50745
T-A        0.00000    0.00000    0.00000    0.00000    0.00000    0.00000    -0.12511   -0.74495   3.28774    -0.81114   1.18106    32.50411
T-A        0.00000    0.00000    0.00000    0.00000    0.00000    0.00000    0.00862    -0.19210   3.23368    -0.55009   2.06477    34.01473
C-G        0.00000    0.00000    0.00000    0.00000    0.00000    0.00000    0.14794    0.24119    3.21428    1.13236    5.27434    34.13683
A-T        0.00000    0.00000    0.00000    0.00000    0.00000    0.00000    -0.30222   -0.46840   3.37851    4.22606    8.46108    30.54958
T-A        0.00000    0.00000    0.00000    0.00000    0.00000    0.00000    0.00711    -0.49723   3.20660    0.61854    2.64584    29.44572
G-C        0.00000    0.00000    0.00000    0.00000    0.00000    0.00000    0.02640    -0.21253   3.38453    0.91475    3.19290    36.03796
T-A        0.00000    0.00000    0.00000    0.00000    0.00000    0.00000    0.00668    -0.61181   3.32201    0.27672    -1.04517   32.81420
T-A        0.00000    0.00000    0.00000    0.00000    0.00000    0.00000    0.03587    -0.21199   3.21076    0.49001    -2.51043   34.75037
A-T        0.00000    0.00000    0.00000    0.00000    0.00000    0.00000    0.01531    0.23988    3.39952    -1.73751   -1.78660   38.72102
T-A        0.00000    0.00000    0.00000    0.00000    0.00000    0.00000    0.00213    -0.72652   3.17143    -1.35762   -0.92683   29.85148
A-T        0.00000    0.00000    0.00000    0.00000    0.00000    0.00000    -0.08061   0.04129    3.32724    -1.35733   5.15877    34.15493
A-T        0.00000    0.00000    0.00000    0.00000    0.00000    0.00000    -0.06453   -0.22500   3.13378    -1.04548   4.58385    31.38509
C-G        0.00000    0.00000    0.00000    0.00000    0.00000    0.00000    0.00612    -0.75834   3.27132    -0.48146   3.85108    31.68102
G-C        0.00000    0.00000    0.00000    0.00000    0.00000    0.00000    0.21539    0.36614    3.23062    1.59925    12.61643   29.87608
G-C        0.00000    0.00000    0.00000    0.00000    0.00000    0.00000    0.58841    -0.13107   3.24745    4.10943    8.65849    30.80329
A-T        0.00000    0.00000    0.00000    0.00000    0.00000    0.00000    0.06125    -0.27154   3.32309    2.03065    2.42088    35.74378
A-T        0.00000    0.00000    0.00000    0.00000    0.00000    0.00000    0.05691    -0.30470   3.24962    0.91735    -2.05649   35.47061
T-A        0.00000    0.00000    0.00000    0.00000    0.00000    0.00000    0.03868    -0.79614   3.29242    0.47079    -2.97231   31.20747
C-G        0.00000    0.00000    0.00000    0.00000    0.00000    0.00000    0.08986    -0.33746   3.33322    -1.42190   -2.44627   38.10979
T-A        0.00000    0.00000    0.00000    0.00000    0.00000    0.00000    0.07911    -0.36837   3.35135    -1.52309   1.96570    31.90746
C-G        0.00000    0.00000    0.00000    0.00000    0.00000    0.00000    -0.21142   -0.18699   3.40730    -3.45462   1.47131    35.42636
G-C        0.00000    0.00000    0.00000    0.00000    0.00000    0.00000    -0.14464   0.36853    3.26505    -4.46072   13.33994   28.58789
A-T        0.00000    0.00000    0.00000    0.00000    0.00000    0.00000    -0.32341   0.10547    3.21687    -4.34824   6.27830    32.63017
G-C        0.00000    0.00000    0.00000    0.00000    0.00000    0.00000    0.15817    -0.45951   3.28623    0.32387    7.33212    29.85152
C-G        0.00000    0.00000    0.00000    0.00000    0.00000    0.00000    0.08033    -0.59519   3.31869    1.25286    4.64262    33.85580
T-A        0.00000    0.00000    0.00000    0.00000    0.00000    0.00000    -0.08396   -0.30826   3.26696    2.83102    4.04721    31.13513
C-G        0.00000    0.00000    0.00000    0.00000    0.00000    0.00000    0.44891    0.37537    3.17431    5.87537    2.66183    35.16778
G-C        0.00000    0.00000    0.00000    0.00000    0.00000    0.00000    0.30014    1.12385    3.35053    3.18117    1.66393    35.16816
G-C        0.00000    0.00000    0.00000    0.00000    0.00000    0.00000    -0.08823   -0.25626   3.36831    -1.18593   0.90919    33.88098
G-C        0.00000    0.00000    0.00000    0.00000    0.00000    0.00000    -0.16816   -0.21357   3.32645    -0.96564   4.14672    33.04955
A-T        0.00000    0.00000    0.00000    0.00000    0.00000    0.00000    -0.12363   -0.29463   3.33825    -1.42788   -0.37162   36.84352
T-A        0.00000    0.00000    0.00000    0.00000    0.00000    0.00000    -0.02564   -0.63565   3.23718    -1.08725   1.50956    30.98982
C-G        0.00000    0.00000    0.00000    0.00000    0.00000    0.00000    0.00139    -0.23210   3.27224    -1.44260   3.16272    35.19043
C-G        0.00000    0.00000    0.00000    0.00000    0.00000    0.00000    -0.53196   -0.17651   3.24069    -3.25582   9.78826    30.27350
G-C        0.00000    0.00000    0.00000    0.00000    0.00000    0.00000    0.03827    0.35997    3.30185    0.57864    12.15040   30.74697
C-G        0.00000    0.00000    0.00000    0.00000    0.00000    0.00000    0.19575    -0.56696   3.40908    1.95014    2.25679    34.47738
T-A        0.00000    0.00000    0.00000    0.00000    0.00000    0.00000    0.50656    -0.47001   3.43912    5.11322    1.64344    34.18953
T-A        0.00000    0.00000    0.00000    0.00000    0.00000    0.00000    0.05044    -0.37484   3.24976    1.88915    -3.18905   35.89416
T-A        0.00000    0.00000    0.00000    0.00000    0.00000    0.00000    -0.03786   -0.40263   3.25395    0.44040    -4.38236   35.16304
A-T        0.00000    0.00000    0.00000    0.00000    0.00000    0.00000    -0.06445   0.89859    3.20628    -0.42195   -9.51917   37.63964
A-T        0.00000    0.00000    0.00000    0.00000    0.00000    0.00000    -0.04002   -0.19004   3.20656    -2.16169   -2.21521   34.21695
C-G        0.00000    0.00000    0.00000    0.00000    0.00000    0.00000    -0.02837   -0.62863   3.29920    -1.55865   0.67492    31.94291
A-T        0.00000    0.00000    0.00000    0.00000    0.00000    0.00000    -0.10423   -0.11404   3.30654    -2.12175   5.98358    33.73759
C-G        0.00000    0.00000    0.00000    0.00000    0.00000    0.00000    0.15462    -0.66531   3.25877    -0.50236   3.00091    30.33073
T-A        0.00000    0.00000    0.00000    0.00000    0.00000    0.00000    0.09499    -0.64783   3.50414    -0.73569   5.99354    33.69525
T-A        0.00000    0.00000    0.00000    0.00000    0.00000    0.00000    0.06317    -0.40034   3.22064    0.44243    1.17387    34.24420
T-A        0.00000    0.00000    0.00000    0.00000    0.00000    0.00000    0.00373    -0.24442   3.21974    0.55832    1.75846    33.58136
A-T        0.00000    0.00000    0.00000    0.00000    0.00000    0.00000    0.05453    0.09827    3.35717    1.05134    2.18197    35.84616
T-A        0.00000    0.00000    0.00000    0.00000    0.00000    0.00000    -0.12155   -0.75261   3.18677    1.04521    1.33138    27.94304
G-C        0.00000    0.00000    0.00000    0.00000    0.00000    0.00000    0.01214    -0.25380   3.30657    0.42011    5.40208    37.28617
C-G        0.00000    0.00000    0.00000    0.00000    0.00000    0.00000    0.14666    -0.39618   3.27479    -1.16854   1.21001    33.40899
T-A        0.00000    0.00000    0.00000    0.00000    0.00000    0.00000    0.04237    -0.43864   3.40859    0.57018    1.53476    34.28863
T-A        0.00000    0.00000    0.00000    0.00000    0.00000    0.00000    -0.05819   -0.23085   3.19413    -0.93294   2.12636    33.49084
C-G        0.00000    0.00000    0.00000    0.00000    0.00000    0.00000    0.01882    -0.26326   3.29250    -0.93670   3.87708    34.35191
C-G        0.00000    0.00000    0.00000    0.00000    0.00000    0.00000    -0.32794   -0.20300   3.25943    -2.19019   7.85652    30.52779
G-C        0.00000    0.00000    0.00000    0.00000    0.00000    0.00000    0.06591    0.20240    3.04876    0.19087    8.19450    29.47588
G-C        0.00000    0.00000    0.00000    0.00000    0.00000    0.00000    0.36558    -0.34328   3.31947    1.60733    5.35748    32.47745
C-G        0.00000    0.00000    0.00000    0.00000    0.00000    0.00000    0.22325    -0.64282   3.29592    0.84347    2.74093    32.78508
T-A        0.00000    0.00000    0.00000    0.00000    0.00000    0.00000    -0.09117   -0.30307   3.28502    1.31466    2.56753    31.12708
C-G        0.00000    0.00000    0.00000    0.00000    0.00000    0.00000    0.17122    0.14359    3.26780    2.23099    2.15927    35.13907
G-C        0.00000    0.00000    0.00000    0.00000    0.00000    0.00000    -0.00838   0.47436    3.27047    0.21302    2.99987    35.17321
T-A        0.00000    0.00000    0.00000    0.00000    0.00000    0.00000    0.18084    -0.53768   3.23252    -0.14658   1.92020    31.54799
A-T        0.00000    0.00000    0.00000    0.00000    0.00000    0.00000    -0.02207   -0.51030   3.37215    -0.06565   3.39928    34.89779
T-A        0.00000    0.00000    0.00000    0.00000    0.00000    0.00000    0.00813    -0.71428   3.16308    -0.42762   -0.80164   29.65018
A-T        0.00000    0.00000    0.00000    0.00000    0.00000    0.00000    -0.01307   0.22255    3.33559    -0.03432   3.14294    35.23180
A-T        0.00000    0.00000    0.00000    0.00000    0.00000    0.00000    0.02032    -0.34648   3.21889    -0.39741   2.22544    33.65492
T-A        0.00000    0.00000    0.00000    0.00000    0.00000    0.00000    0.01939    -0.67694   3.25950    0.01308    0.51696    30.67249
G-C        0.00000    0.00000    0.00000    0.00000    0.00000    0.00000    -0.00317   -0.33504   3.44616    -0.67424   6.06111    34.56728
T-A        0.00000    0.00000    0.00000    0.00000    0.00000    0.00000    0.07289    -0.52020   3.21528    0.25654    1.54550    29.16268
G-C        0.00000    0.00000    0.00000    0.00000    0.00000    0.00000    -0.01241   -0.16896   3.32730    0.70131    5.40390    33.89886
T-A        0.00000    0.00000    0.00000    0.00000    0.00000    0.00000    -0.16362   -0.52177   3.16635    0.23515    2.81811    30.69991
C-G        0.00000    0.00000    0.00000    0.00000    0.00000    0.00000    0.11460    -0.06009   3.15071    1.31539    0.08433    35.38634
G-C        0.00000    0.00000    0.00000    0.00000    0.00000    0.00000    0.00122    0.54582    3.23987    0.76210    8.02425    30.42755
A-T        0.00000    0.00000    0.00000    0.00000    0.00000    0.00000    -0.08067   -0.05753   3.15909    -0.74940   -0.15453   35.60439
C-G        0.00000    0.00000    0.00000    0.00000    0.00000    0.00000    -0.08391   -0.78194   3.21023    -0.17886   2.23981    31.66343
C-G        0.00000    0.00000    0.00000    0.00000    0.00000    0.00000    0.16155    -0.52786   3.36912    0.46768    6.07871    31.14548
A-T        0.00000    0.00000    0.00000    0.00000    0.00000    0.00000    0.01482    0.62733    3.27998    -1.22242   4.99382    34.05077
A-T        0.00000    0.00000    0.00000    0.00000    0.00000    0.00000    0.07174    -0.22835   3.27455    0.02904    0.17030    34.24462
A-T        0.00000    0.00000    0.00000    0.00000    0.00000    0.00000    0.00770    -0.41867   3.25872    -0.59164   -2.32588   35.83113
T-A        0.00000    0.00000    0.00000    0.00000    0.00000    0.00000    -0.01052   -0.67250   3.25909    -0.24143   0.66267    30.67078
G-C        0.00000    0.00000    0.00000    0.00000    0.00000    0.00000    -0.52900   -0.91300   3.45600    -1.67700   -11.71400  37.49400
T-A        0.00000    0.00000    0.00000    0.00000    0.00000    0.00000    -0.90500   -1.56500   3.20800    -2.32800   -8.21500   32.14400
G-C        0.00000    0.00000    0.00000    0.00000    0.00000    0.00000    -0.37700   -0.59700   3.22400    -2.12800   -0.61200   39.44800
A-T        0.00000    0.00000    0.00000    0.00000    0.00000    0.00000    0.13400    -1.01800   3.05000    2.61500    -6.07800   32.10400
G-C        0.00000    0.00000    0.00000    0.00000    0.00000    0.00000    0.92900    -0.52800   2.87800    -1.17000   -8.56800   33.48600
C-G        0.00000    0.00000    0.00000    0.00000    0.00000    0.00000    -0.67600   -0.12300   3.12700    12.52000   -5.63700   33.19300
G-C        0.00000    0.00000    0.00000    0.00000    0.00000    0.00000    0.04800    1.55200    5.40900    0.16300    60.14800   13.23700
C-G        0.00000    0.00000    0.00000    0.00000    0.00000    0.00000    0.71600    -0.08700   3.08800    -11.70600  -4.92500   33.30400
T-A        0.00000    0.00000    0.00000    0.00000    0.00000    0.00000    -0.96100   -0.48200   2.89500    0.91000    -7.58900   33.57800
C-G        0.00000    0.00000    0.00000    0.00000    0.00000    0.00000    -0.12000   -0.98200   3.10500    -2.85700   -6.37300   31.80800
A-T        0.00000    0.00000    0.00000    0.00000    0.00000    0.00000    0.32300    -0.59400   3.18200    1.62300    -0.34600   39.45200
C-G        0.00000    0.00000    0.00000    0.00000    0.00000    0.00000    0.92900    -1.59400   3.28000    2.05500    -8.65500   31.92100
A-T        0.00000    0.00000    0.00000    0.00000    0.00000    0.00000    0.27000    -1.09600   3.26800    -0.62400   -9.99700   39.99000
