147 # base pairs
  0 # ***local base-pair & step parameters***
#          Shear      Stretch    Stagger    Buckle     Prop-Tw    Opening    Shift      Slide      Rise       Tilt       Roll       Twist
T-A        0.00000    0.00000    0.00000    0.00000    0.00000    0.00000    0.00000    0.00000    0.00000    0.00000    0.00000    0.00000
G-C        0.00000    0.00000    0.00000    0.00000    0.00000    0.00000    -0.52900   -0.91400   3.45700    -1.68900   -11.71200  37.48600
T-A        0.00000    0.00000    0.00000    0.00000    0.00000    0.00000    -0.90500   -1.56600   3.20600    -2.28600   -8.20700   32.14700
G-C        0.00000    0.00000    0.00000    0.00000    0.00000    0.00000    -0.37800   -0.59600   3.22500    -2.16700   -0.60300   39.43900
A-T        0.00000    0.00000    0.00000    0.00000    0.00000    0.00000    0.13400    -1.01800   3.05000    2.61000    -6.09300   32.09300
G-C        0.00000    0.00000    0.00000    0.00000    0.00000    0.00000    0.92900    -0.52800   2.87800    -1.17000   -8.57000   33.49400
C-G        0.00000    0.00000    0.00000    0.00000    0.00000    0.00000    -0.67600   -0.12200   3.12700    12.55900   -5.64700   33.21100
G-C        0.00000    0.00000    0.00000    0.00000    0.00000    0.00000    0.04900    1.55300    5.41000    0.14200    60.15100   13.21000
C-G        0.00000    0.00000    0.00000    0.00000    0.00000    0.00000    0.71500    -0.08700   3.08800    -11.72400  -4.90600   33.28700
T-A        0.00000    0.00000    0.00000    0.00000    0.00000    0.00000    -0.96000   -0.48500   2.89400    0.89600    -7.58500   33.58500
C-G        0.00000    0.00000    0.00000    0.00000    0.00000    0.00000    -0.12000   -0.98300   3.10600    -2.86200   -6.42300   31.82500
A-T        0.00000    0.00000    0.00000    0.00000    0.00000    0.00000    0.32200    -0.59300   3.18200    1.65600    -0.34900   39.43600
C-G        0.00000    0.00000    0.00000    0.00000    0.00000    0.00000    0.92900    -1.59300   3.28000    2.06100    -8.65300   31.94300
A-T        0.00000    0.00000    0.00000    0.00000    0.00000    0.00000    0.27000    -1.09600   3.26800    -0.64500   -9.98900   39.97000
A-T        0.00000    0.00000    0.00000    0.00000    0.00000    0.00000    -0.00610   -0.31204   3.23603    -0.68738   -1.46188   34.48031
T-A        0.00000    0.00000    0.00000    0.00000    0.00000    0.00000    -0.01051   -0.68538   3.21808    -0.61427   0.01811    30.01516
T-A        0.00000    0.00000    0.00000    0.00000    0.00000    0.00000    -0.03451   -0.27364   3.22549    -0.84098   0.92596    33.81893
T-A        0.00000    0.00000    0.00000    0.00000    0.00000    0.00000    -0.01576   -0.26684   3.22151    -0.55591   1.80057    33.52615
A-T        0.00000    0.00000    0.00000    0.00000    0.00000    0.00000    0.04064    -0.26331   3.31288    -0.02999   8.20046    32.53636
T-A        0.00000    0.00000    0.00000    0.00000    0.00000    0.00000    0.02271    -0.68859   3.20376    0.23718    1.35938    29.56336
T-A        0.00000    0.00000    0.00000    0.00000    0.00000    0.00000    0.00056    -0.30095   3.22559    0.51070    0.99449    33.63751
C-G        0.00000    0.00000    0.00000    0.00000    0.00000    0.00000    0.08424    -0.15389   3.26196    0.88219    2.22831    35.12606
G-C        0.00000    0.00000    0.00000    0.00000    0.00000    0.00000    0.04723    0.31598    3.31215    1.00712    6.09839    33.24538
C-G        0.00000    0.00000    0.00000    0.00000    0.00000    0.00000    -0.01390   -0.43837   3.28194    0.23117    2.21726    32.69465
A-T        0.00000    0.00000    0.00000    0.00000    0.00000    0.00000    -0.09789   0.18506    3.30919    -0.00190   4.92006    34.30616
A-T        0.00000    0.00000    0.00000    0.00000    0.00000    0.00000    0.00770    -0.29622   3.23345    -0.24371   -0.71050   34.36301
A-T        0.00000    0.00000    0.00000    0.00000    0.00000    0.00000    0.01700    -0.28711   3.23128    -0.34900   -0.25256   34.23347
G-C        0.00000    0.00000    0.00000    0.00000    0.00000    0.00000    -0.01973   -0.34057   3.28105    -0.87251   3.85711    31.10551
G-C        0.00000    0.00000    0.00000    0.00000    0.00000    0.00000    0.00799    -0.36490   3.34670    -0.26891   5.41898    32.07280
C-G        0.00000    0.00000    0.00000    0.00000    0.00000    0.00000    0.02573    -0.46881   3.26617    -0.06320   3.19200    32.31004
C-G        0.00000    0.00000    0.00000    0.00000    0.00000    0.00000    0.03499    -0.41356   3.35276    0.03690    5.52485    31.91577
G-C        0.00000    0.00000    0.00000    0.00000    0.00000    0.00000    0.01924    0.26106    3.31725    0.21531    7.27983    32.81664
G-C        0.00000    0.00000    0.00000    0.00000    0.00000    0.00000    -0.00584   -0.41753   3.35499    0.21202    5.35052    31.97905
C-G        0.00000    0.00000    0.00000    0.00000    0.00000    0.00000    -0.01740   -0.46559   3.27109    0.12998    2.96498    32.41249
C-G        0.00000    0.00000    0.00000    0.00000    0.00000    0.00000    -0.01824   -0.36978   3.35015    0.15472    5.14442    32.16922
C-G        0.00000    0.00000    0.00000    0.00000    0.00000    0.00000    0.00066    -0.34116   3.34762    0.26314    5.00120    32.27983
G-C        0.00000    0.00000    0.00000    0.00000    0.00000    0.00000    0.02574    0.38511    3.31087    0.51493    6.27044    33.35380
A-T        0.00000    0.00000    0.00000    0.00000    0.00000    0.00000    -0.00455   -0.11268   3.26976    0.16288    1.65380    35.60676
C-G        0.00000    0.00000    0.00000    0.00000    0.00000    0.00000    0.03967    -0.63069   3.25237    0.23084    1.28623    31.15298
A-T        0.00000    0.00000    0.00000    0.00000    0.00000    0.00000    -0.03438   0.16502    3.31191    -0.07899   5.11960    34.28609
C-G        0.00000    0.00000    0.00000    0.00000    0.00000    0.00000    0.03209    -0.64645   3.25139    -0.14846   1.42700    31.07591
G-C        0.00000    0.00000    0.00000    0.00000    0.00000    0.00000    -0.06212   0.28810    3.31565    -1.10325   6.66873    33.08691
A-T        0.00000    0.00000    0.00000    0.00000    0.00000    0.00000    -0.08177   -0.15323   3.25949    -0.76489   2.60865    35.03112
C-G        0.00000    0.00000    0.00000    0.00000    0.00000    0.00000    -0.03728   -0.65461   3.22652    -0.15312   2.63625    30.64713
T-A        0.00000    0.00000    0.00000    0.00000    0.00000    0.00000    -0.01194   -0.37359   3.27556    0.28673    4.99958    30.65053
T-A        0.00000    0.00000    0.00000    0.00000    0.00000    0.00000    -0.03595   -0.27258   3.22212    0.21962    1.63169    33.53342
A-T        0.00000    0.00000    0.00000    0.00000    0.00000    0.00000    0.00823    -0.04097   3.31639    0.82813    5.64159    34.16027
C-G        0.00000    0.00000    0.00000    0.00000    0.00000    0.00000    0.02334    -0.63113   3.24128    1.01530    1.84382    30.96250
T-A        0.00000    0.00000    0.00000    0.00000    0.00000    0.00000    0.07681    -0.32975   3.28740    1.42777    2.90296    31.44135
G-C        0.00000    0.00000    0.00000    0.00000    0.00000    0.00000    0.12372    0.25170    3.30230    0.62244    3.88543    34.92614
T-A        0.00000    0.00000    0.00000    0.00000    0.00000    0.00000    0.02342    -0.64063   3.27222    -0.28519   0.36893    31.49213
A-T        0.00000    0.00000    0.00000    0.00000    0.00000    0.00000    -0.00678   0.24299    3.33605    -0.92419   -0.41844   37.58090
G-C        0.00000    0.00000    0.00000    0.00000    0.00000    0.00000    -0.05049   -0.38042   3.28819    -1.96080   3.36826    31.27810
G-C        0.00000    0.00000    0.00000    0.00000    0.00000    0.00000    -0.17821   -0.41117   3.35038    -1.90307   5.81306    31.91626
T-A        0.00000    0.00000    0.00000    0.00000    0.00000    0.00000    -0.04711   -0.66109   3.21418    -1.01790   3.35433    30.38639
A-T        0.00000    0.00000    0.00000    0.00000    0.00000    0.00000    -0.05039   -0.44177   3.30541    -0.24204   10.85935   30.95449
T-A        0.00000    0.00000    0.00000    0.00000    0.00000    0.00000    -0.01672   -0.67515   3.19095    0.37610    2.22543    29.29400
C-G        0.00000    0.00000    0.00000    0.00000    0.00000    0.00000    0.12082    -0.10985   3.24414    1.58520    3.58736    34.69364
T-A        0.00000    0.00000    0.00000    0.00000    0.00000    0.00000    0.07084    -0.33680   3.27624    2.43165    3.83336    31.12842
C-G        0.00000    0.00000    0.00000    0.00000    0.00000    0.00000    0.17016    -0.11460   3.26947    1.80136    0.67429    35.83522
G-C        0.00000    0.00000    0.00000    0.00000    0.00000    0.00000    0.13018    0.47111    3.29988    1.45301    3.06510    34.48333
A-T        0.00000    0.00000    0.00000    0.00000    0.00000    0.00000    -0.05101   -0.13940   3.28839    -0.54547   -0.65841   36.42736
G-C        0.00000    0.00000    0.00000    0.00000    0.00000    0.00000    -0.05044   -0.36636   3.29645    -2.11028   1.81281    31.76260
C-G        0.00000    0.00000    0.00000    0.00000    0.00000    0.00000    -0.17400   -0.45732   3.27731    -2.30606   2.55005    32.58585
T-A        0.00000    0.00000    0.00000    0.00000    0.00000    0.00000    -0.02859   -0.37922   3.27723    -1.93952   5.03058    30.54072
C-G        0.00000    0.00000    0.00000    0.00000    0.00000    0.00000    -0.09539   -0.14287   3.24116    -1.30297   4.96066    34.18655
G-C        0.00000    0.00000    0.00000    0.00000    0.00000    0.00000    -0.02925   0.15631    3.31717    -0.07383   11.45357   31.23127
G-C        0.00000    0.00000    0.00000    0.00000    0.00000    0.00000    0.14788    -0.43606   3.32838    1.86206    8.01576    31.00945
G-C        0.00000    0.00000    0.00000    0.00000    0.00000    0.00000    0.25785    -0.40264   3.33697    3.07850    6.58378    31.61865
A-T        0.00000    0.00000    0.00000    0.00000    0.00000    0.00000    0.16135    -0.12812   3.27686    2.48664    1.49697    35.80670
T-A        0.00000    0.00000    0.00000    0.00000    0.00000    0.00000    0.01934    -0.70198   3.24094    0.95017    -1.84914   30.71628
C-G        0.00000    0.00000    0.00000    0.00000    0.00000    0.00000    0.09117    -0.13737   3.28989    0.65432    -1.32524   36.58479
C-G        0.00000    0.00000    0.00000    0.00000    0.00000    0.00000    -0.06386   -0.31236   3.36371    -1.22622   1.90312    33.21335
G-C        0.00000    0.00000    0.00000    0.00000    0.00000    0.00000    -0.27025   0.40090    3.29514    -3.92314   4.16194    33.82512
C-G        0.00000    0.00000    0.00000    0.00000    0.00000    0.00000    -0.20720   -0.46204   3.26132    -2.71461   3.02840    32.16202
T-A        0.00000    0.00000    0.00000    0.00000    0.00000    0.00000    -0.02017   -0.37503   3.26320    -2.00862   5.81027    29.96790
T-A        0.00000    0.00000    0.00000    0.00000    0.00000    0.00000    -0.04410   -0.24950   3.20286    -0.96135   4.64278    32.17683
T-A        0.00000    0.00000    0.00000    0.00000    0.00000    0.00000    -0.01762   -0.24230   3.20064    0.07840    5.03562    32.03428
C-G        0.00000    0.00000    0.00000    0.00000    0.00000    0.00000    0.14713    -0.13105   3.22273    1.82941    5.13134    33.71086
A-T        0.00000    0.00000    0.00000    0.00000    0.00000    0.00000    0.08564    -0.01972   3.32284    3.14465    7.72580    32.45383
T-A        0.00000    0.00000    0.00000    0.00000    0.00000    0.00000    0.01464    -0.69718   3.22314    1.32890    -0.51382   30.09996
G-C        0.00000    0.00000    0.00000    0.00000    0.00000    0.00000    0.15736    0.29832    3.28259    1.96200    2.37615    35.36230
T-A        0.00000    0.00000    0.00000    0.00000    0.00000    0.00000    -0.02226   -0.63206   3.29454    0.09382    -1.09803   31.72099
T-A        0.00000    0.00000    0.00000    0.00000    0.00000    0.00000    -0.05385   -0.35859   3.24649    -0.79937   -4.06683   35.32916
A-T        0.00000    0.00000    0.00000    0.00000    0.00000    0.00000    -0.11180   0.33529    3.32865    -2.46746   -1.00343   37.88515
T-A        0.00000    0.00000    0.00000    0.00000    0.00000    0.00000    -0.01619   -0.68356   3.20795    -1.38435   0.80003    29.85637
A-T        0.00000    0.00000    0.00000    0.00000    0.00000    0.00000    -0.07959   -0.40342   3.30112    -2.06487   10.83689   31.05145
A-T        0.00000    0.00000    0.00000    0.00000    0.00000    0.00000    0.01448    -0.23640   3.20359    -0.42420   4.72500    32.36176
C-G        0.00000    0.00000    0.00000    0.00000    0.00000    0.00000    0.01745    -0.65311   3.17763    0.71244    4.83271    29.76608
G-C        0.00000    0.00000    0.00000    0.00000    0.00000    0.00000    0.25075    0.17912    3.31434    3.36927    10.27526   31.64896
G-C        0.00000    0.00000    0.00000    0.00000    0.00000    0.00000    0.29408    -0.44092   3.34850    3.35225    5.90720    31.79058
A-T        0.00000    0.00000    0.00000    0.00000    0.00000    0.00000    0.12811    -0.15420   3.28460    2.20396    0.77200    36.03269
T-A        0.00000    0.00000    0.00000    0.00000    0.00000    0.00000    -0.00679   -0.70974   3.24614    0.65910    -2.13861   30.82299
A-T        0.00000    0.00000    0.00000    0.00000    0.00000    0.00000    -0.04494   0.63563    3.34356    -0.24824   -5.93676   40.80439
A-T        0.00000    0.00000    0.00000    0.00000    0.00000    0.00000    -0.01981   -0.32810   3.24348    -1.25739   -2.96839   35.20784
C-G        0.00000    0.00000    0.00000    0.00000    0.00000    0.00000    -0.05568   -0.61503   3.24721    -1.52309   1.27457    31.31996
A-T        0.00000    0.00000    0.00000    0.00000    0.00000    0.00000    -0.18400   0.13122    3.32044    -2.16628   7.27127    33.66823
C-G        0.00000    0.00000    0.00000    0.00000    0.00000    0.00000    -0.00812   -0.63002   3.19772    -0.72432   3.79320    30.32678
T-A        0.00000    0.00000    0.00000    0.00000    0.00000    0.00000    0.05495    -0.36385   3.26233    0.21331    6.61616    30.17567
T-A        0.00000    0.00000    0.00000    0.00000    0.00000    0.00000    0.01612    -0.25990   3.21359    0.54576    3.29100    32.96606
T-A        0.00000    0.00000    0.00000    0.00000    0.00000    0.00000    0.01986    -0.28733   3.22059    1.11346    1.81968    33.39119
A-T        0.00000    0.00000    0.00000    0.00000    0.00000    0.00000    0.07370    -0.06023   3.32448    1.78822    3.83765    34.90197
T-A        0.00000    0.00000    0.00000    0.00000    0.00000    0.00000    -0.00628   -0.70504   3.23111    0.70381    -0.85847   30.31461
G-C        0.00000    0.00000    0.00000    0.00000    0.00000    0.00000    0.05327    0.22814    3.29852    0.54955    3.34652    34.99596
C-G        0.00000    0.00000    0.00000    0.00000    0.00000    0.00000    -0.06365   -0.40252   3.29597    -0.42723   1.23449    33.06972
T-A        0.00000    0.00000    0.00000    0.00000    0.00000    0.00000    -0.00169   -0.33083   3.29379    -0.79005   2.26788    31.53102
T-A        0.00000    0.00000    0.00000    0.00000    0.00000    0.00000    -0.05230   -0.28941   3.23145    -1.00149   -0.36615   34.28570
C-G        0.00000    0.00000    0.00000    0.00000    0.00000    0.00000    -0.05292   -0.11623   3.26087    -1.14370   2.85642    35.16168
C-G        0.00000    0.00000    0.00000    0.00000    0.00000    0.00000    -0.04012   -0.38961   3.33943    -0.89172   6.55891    31.63840
G-C        0.00000    0.00000    0.00000    0.00000    0.00000    0.00000    0.04225    0.23783    3.31871    0.13551    9.06562    32.21559
G-C        0.00000    0.00000    0.00000    0.00000    0.00000    0.00000    0.12062    -0.44012   3.34757    1.01657    6.46860    31.60113
C-G        0.00000    0.00000    0.00000    0.00000    0.00000    0.00000    0.09116    -0.48390   3.26652    1.05296    3.35385    32.28671
T-A        0.00000    0.00000    0.00000    0.00000    0.00000    0.00000    0.04145    -0.38171   3.28789    1.43154    3.59628    31.15606
C-G        0.00000    0.00000    0.00000    0.00000    0.00000    0.00000    0.06066    -0.14530   3.27276    0.71380    1.31620    35.63067
G-C        0.00000    0.00000    0.00000    0.00000    0.00000    0.00000    -0.01688   0.37785    3.31167    0.21704    5.16374    33.73407
T-A        0.00000    0.00000    0.00000    0.00000    0.00000    0.00000    -0.05056   -0.63374   3.25972    -0.38164   0.99315    31.26308
A-T        0.00000    0.00000    0.00000    0.00000    0.00000    0.00000    -0.04340   0.23757    3.32787    -0.57519   1.45927    36.71730
T-A        0.00000    0.00000    0.00000    0.00000    0.00000    0.00000    -0.00070   -0.68330   3.21738    -0.33639   0.18487    30.07403
A-T        0.00000    0.00000    0.00000    0.00000    0.00000    0.00000    0.00466    0.04688    3.32206    -0.51573   4.35250    35.05212
A-T        0.00000    0.00000    0.00000    0.00000    0.00000    0.00000    0.03769    -0.27997   3.22686    -0.16823   0.88155    33.88573
T-A        0.00000    0.00000    0.00000    0.00000    0.00000    0.00000    0.02200    -0.68918   3.21057    -0.03706   0.85212    29.81842
G-C        0.00000    0.00000    0.00000    0.00000    0.00000    0.00000    0.10328    0.02045    3.32916    0.02621    6.92179    33.42022
T-A        0.00000    0.00000    0.00000    0.00000    0.00000    0.00000    0.00812    -0.65776   3.23906    0.00099    2.16086    30.89600
G-C        0.00000    0.00000    0.00000    0.00000    0.00000    0.00000    0.06856    0.04902    3.32547    0.17611    6.35255    33.71840
T-A        0.00000    0.00000    0.00000    0.00000    0.00000    0.00000    -0.03206   -0.64817   3.24524    0.00759    1.81740    31.02871
C-G        0.00000    0.00000    0.00000    0.00000    0.00000    0.00000    0.01794    -0.12699   3.26824    0.24834    2.00260    35.49007
G-C        0.00000    0.00000    0.00000    0.00000    0.00000    0.00000    -0.00647   0.37258    3.31469    0.24605    6.30799    33.42168
A-T        0.00000    0.00000    0.00000    0.00000    0.00000    0.00000    -0.02477   -0.11103   3.26924    0.03678    1.79697    35.61825
C-G        0.00000    0.00000    0.00000    0.00000    0.00000    0.00000    0.02150    -0.62670   3.24896    0.23542    1.47486    31.17570
C-G        0.00000    0.00000    0.00000    0.00000    0.00000    0.00000    0.04948    -0.32805   3.35164    0.04857    4.56681    32.51521
A-T        0.00000    0.00000    0.00000    0.00000    0.00000    0.00000    -0.03571   0.15007    3.31594    -0.07407   5.40071    34.23750
A-T        0.00000    0.00000    0.00000    0.00000    0.00000    0.00000    0.03324    -0.30784   3.23322    -0.28621   -0.33819   34.27046
A-T        0.00000    0.00000    0.00000    0.00000    0.00000    0.00000    0.01956    -0.30680   3.23123    -0.39746   0.11107    34.11931
T-A        0.00000    0.00000    0.00000    0.00000    0.00000    0.00000    -0.00775   -0.69485   3.21368    -0.29697   0.70004    29.90881
G-C        0.00000    0.00000    0.00000    0.00000    0.00000    0.00000    -0.52900   -0.91300   3.45600    -1.67700   -11.71400  37.49400
T-A        0.00000    0.00000    0.00000    0.00000    0.00000    0.00000    -0.90500   -1.56500   3.20800    -2.32800   -8.21500   32.14400
G-C        0.00000    0.00000    0.00000    0.00000    0.00000    0.00000    -0.37700   -0.59700   3.22400    -2.12800   -0.61200   39.44800
A-T        0.00000    0.00000    0.00000    0.00000    0.00000    0.00000    0.13400    -1.01800   3.05000    2.61500    -6.07800   32.10400
G-C        0.00000    0.00000    0.00000    0.00000    0.00000    0.00000    0.92900    -0.52800   2.87800    -1.17000   -8.56800   33.48600
C-G        0.00000    0.00000    0.00000    0.00000    0.00000    0.00000    -0.67600   -0.12300   3.12700    12.52000   -5.63700   33.19300
G-C        0.00000    0.00000    0.00000    0.00000    0.00000    0.00000    0.04800    1.55200    5.40900    0.16300    60.14800   13.23700
C-G        0.00000    0.00000    0.00000    0.00000    0.00000    0.00000    0.71600    -0.08700   3.08800    -11.70600  -4.92500   33.30400
T-A        0.00000    0.00000    0.00000    0.00000    0.00000    0.00000    -0.96100   -0.48200   2.89500    0.91000    -7.58900   33.57800
C-G        0.00000    0.00000    0.00000    0.00000    0.00000    0.00000    -0.12000   -0.98200   3.10500    -2.85700   -6.37300   31.80800
A-T        0.00000    0.00000    0.00000    0.00000    0.00000    0.00000    0.32300    -0.59400   3.18200    1.62300    -0.34600   39.45200
C-G        0.00000    0.00000    0.00000    0.00000    0.00000    0.00000    0.92900    -1.59400   3.28000    2.05500    -8.65500   31.92100
A-T        0.00000    0.00000    0.00000    0.00000    0.00000    0.00000    0.27000    -1.09600   3.26800    -0.62400   -9.99700   39.99000
