147 # base pairs
  0 # ***local base-pair & step parameters***
#          Shear      Stretch    Stagger    Buckle     Prop-Tw    Opening    Shift      Slide      Rise       Tilt       Roll       Twist
T-A        0.00000    0.00000    0.00000    0.00000    0.00000    0.00000    0.00000    0.00000    0.00000    0.00000    0.00000    0.00000
G-C        0.00000    0.00000    0.00000    0.00000    0.00000    0.00000    -0.52900   -0.91400   3.45700    -1.68900   -11.71200  37.48600
T-A        0.00000    0.00000    0.00000    0.00000    0.00000    0.00000    -0.90500   -1.56600   3.20600    -2.28600   -8.20700   32.14700
G-C        0.00000    0.00000    0.00000    0.00000    0.00000    0.00000    -0.37800   -0.59600   3.22500    -2.16700   -0.60300   39.43900
A-T        0.00000    0.00000    0.00000    0.00000    0.00000    0.00000    0.13400    -1.01800   3.05000    2.61000    -6.09300   32.09300
G-C        0.00000    0.00000    0.00000    0.00000    0.00000    0.00000    0.92900    -0.52800   2.87800    -1.17000   -8.57000   33.49400
C-G        0.00000    0.00000    0.00000    0.00000    0.00000    0.00000    -0.67600   -0.12200   3.12700    12.55900   -5.64700   33.21100
G-C        0.00000    0.00000    0.00000    0.00000    0.00000    0.00000    0.04900    1.55300    5.41000    0.14200    60.15100   13.21000
C-G        0.00000    0.00000    0.00000    0.00000    0.00000    0.00000    0.71500    -0.08700   3.08800    -11.72400  -4.90600   33.28700
T-A        0.00000    0.00000    0.00000    0.00000    0.00000    0.00000    -0.96000   -0.48500   2.89400    0.89600    -7.58500   33.58500
C-G        0.00000    0.00000    0.00000    0.00000    0.00000    0.00000    -0.12000   -0.98300   3.10600    -2.86200   -6.42300   31.82500
A-T        0.00000    0.00000    0.00000    0.00000    0.00000    0.00000    0.32200    -0.59300   3.18200    1.65600    -0.34900   39.43600
C-G        0.00000    0.00000    0.00000    0.00000    0.00000    0.00000    0.92900    -1.59300   3.28000    2.06100    -8.65300   31.94300
A-T        0.00000    0.00000    0.00000    0.00000    0.00000    0.00000    0.27000    -1.09600   3.26800    -0.64500   -9.98900   39.97000
A-T        0.00000    0.00000    0.00000    0.00000    0.00000    0.00000    -0.00765   -0.31123   3.23810    -0.71429   -1.69039   34.69263
T-A        0.00000    0.00000    0.00000    0.00000    0.00000    0.00000    -0.01182   -0.68507   3.22036    -0.65239   -0.09255   30.15304
T-A        0.00000    0.00000    0.00000    0.00000    0.00000    0.00000    -0.03639   -0.26974   3.22689    -0.90795   0.85390    33.99340
T-A        0.00000    0.00000    0.00000    0.00000    0.00000    0.00000    -0.01696   -0.26134   3.22246    -0.61534   1.82459    33.67304
A-T        0.00000    0.00000    0.00000    0.00000    0.00000    0.00000    0.03871    -0.25074   3.31604    -0.07516   8.24839    32.76350
T-A        0.00000    0.00000    0.00000    0.00000    0.00000    0.00000    0.02291    -0.68681   3.20378    0.23711    1.43171    29.64457
T-A        0.00000    0.00000    0.00000    0.00000    0.00000    0.00000    0.00252    -0.29496   3.22624    0.54495    1.07530    33.75994
C-G        0.00000    0.00000    0.00000    0.00000    0.00000    0.00000    0.09007    -0.15052   3.26414    0.96479    2.22216    35.27236
G-C        0.00000    0.00000    0.00000    0.00000    0.00000    0.00000    0.05804    0.32266    3.31654    1.15478    5.98580    33.45708
C-G        0.00000    0.00000    0.00000    0.00000    0.00000    0.00000    -0.00995   -0.43544   3.28664    0.28052    2.11052    32.86951
A-T        0.00000    0.00000    0.00000    0.00000    0.00000    0.00000    -0.09666   0.20412    3.31065    -0.02700   4.69300    34.59152
A-T        0.00000    0.00000    0.00000    0.00000    0.00000    0.00000    0.00639    -0.29366   3.23535    -0.28290   -0.87407   34.56995
A-T        0.00000    0.00000    0.00000    0.00000    0.00000    0.00000    0.01534    -0.28355   3.23289    -0.40083   -0.35115   34.42242
G-C        0.00000    0.00000    0.00000    0.00000    0.00000    0.00000    -0.02022   -0.33755   3.28419    -0.95190   3.84800    31.29809
G-C        0.00000    0.00000    0.00000    0.00000    0.00000    0.00000    0.00188    -0.35992   3.34883    -0.34905   5.44724    32.23120
C-G        0.00000    0.00000    0.00000    0.00000    0.00000    0.00000    0.02325    -0.47049   3.26838    -0.08985   3.23977    32.42758
C-G        0.00000    0.00000    0.00000    0.00000    0.00000    0.00000    0.03492    -0.40964   3.35462    0.05983    5.59391    32.05746
G-C        0.00000    0.00000    0.00000    0.00000    0.00000    0.00000    0.02444    0.26282    3.32236    0.30126    7.33321    32.97804
G-C        0.00000    0.00000    0.00000    0.00000    0.00000    0.00000    0.00078    -0.41124   3.35719    0.29163    5.34899    32.15140
C-G        0.00000    0.00000    0.00000    0.00000    0.00000    0.00000    -0.01182   -0.46357   3.27498    0.20553    2.91233    32.57734
C-G        0.00000    0.00000    0.00000    0.00000    0.00000    0.00000    -0.01026   -0.35872   3.35285    0.24025    5.02779    32.39347
C-G        0.00000    0.00000    0.00000    0.00000    0.00000    0.00000    0.00546    -0.33024   3.35060    0.30042    4.85482    32.51332
G-C        0.00000    0.00000    0.00000    0.00000    0.00000    0.00000    0.02317    0.39599    3.31558    0.45737    6.06799    33.61704
A-T        0.00000    0.00000    0.00000    0.00000    0.00000    0.00000    -0.00780   -0.10952   3.27326    0.09824    1.55268    35.80642
C-G        0.00000    0.00000    0.00000    0.00000    0.00000    0.00000    0.03748    -0.63088   3.25512    0.16667    1.26241    31.31737
A-T        0.00000    0.00000    0.00000    0.00000    0.00000    0.00000    -0.03867   0.17020    3.31537    -0.17646   5.13778    34.47507
C-G        0.00000    0.00000    0.00000    0.00000    0.00000    0.00000    0.02767    -0.64714   3.25222    -0.17871   1.49940    31.20587
G-C        0.00000    0.00000    0.00000    0.00000    0.00000    0.00000    -0.06359   0.28573    3.32122    -1.09609   6.79924    33.22246
A-T        0.00000    0.00000    0.00000    0.00000    0.00000    0.00000    -0.07775   -0.14949   3.26175    -0.70132   2.67680    35.17098
C-G        0.00000    0.00000    0.00000    0.00000    0.00000    0.00000    -0.03870   -0.65420   3.22850    -0.07651   2.65277    30.79905
T-A        0.00000    0.00000    0.00000    0.00000    0.00000    0.00000    -0.01065   -0.36819   3.27890    0.41236    4.94330    30.87085
T-A        0.00000    0.00000    0.00000    0.00000    0.00000    0.00000    -0.03317   -0.26891   3.22426    0.29267    1.43528    33.76743
A-T        0.00000    0.00000    0.00000    0.00000    0.00000    0.00000    0.01297    0.02757    3.32170    0.86792    4.84094    34.89184
C-G        0.00000    0.00000    0.00000    0.00000    0.00000    0.00000    0.02614    -0.63035   3.24711    0.98238    1.65883    31.16550
T-A        0.00000    0.00000    0.00000    0.00000    0.00000    0.00000    0.07833    -0.32656   3.29214    1.30591    2.72902    31.66600
G-C        0.00000    0.00000    0.00000    0.00000    0.00000    0.00000    0.11508    0.25652    3.30513    0.45922    3.78955    35.11438
T-A        0.00000    0.00000    0.00000    0.00000    0.00000    0.00000    0.02121    -0.64317   3.27371    -0.40509   0.42482    31.60480
A-T        0.00000    0.00000    0.00000    0.00000    0.00000    0.00000    -0.01352   0.22349    3.33864    -1.01667   -0.00403   37.55944
G-C        0.00000    0.00000    0.00000    0.00000    0.00000    0.00000    -0.05259   -0.37913   3.28964    -1.95618   3.58535    31.37043
G-C        0.00000    0.00000    0.00000    0.00000    0.00000    0.00000    -0.17090   -0.40983   3.35158    -1.78629   5.98270    32.00390
T-A        0.00000    0.00000    0.00000    0.00000    0.00000    0.00000    -0.04485   -0.65906   3.21461    -0.89198   3.41389    30.50808
A-T        0.00000    0.00000    0.00000    0.00000    0.00000    0.00000    -0.04381   -0.39474   3.30967    -0.05386   10.48500   31.45739
T-A        0.00000    0.00000    0.00000    0.00000    0.00000    0.00000    -0.01518   -0.67401   3.19409    0.45928    2.05589    29.47432
C-G        0.00000    0.00000    0.00000    0.00000    0.00000    0.00000    0.12970    -0.10458   3.24935    1.67623    3.27417    34.98071
T-A        0.00000    0.00000    0.00000    0.00000    0.00000    0.00000    0.07668    -0.33050   3.28226    2.39802    3.48854    31.43132
C-G        0.00000    0.00000    0.00000    0.00000    0.00000    0.00000    0.16260    -0.11330   3.27535    1.65334    0.38193    36.11085
G-C        0.00000    0.00000    0.00000    0.00000    0.00000    0.00000    0.10338    0.47490    3.30475    1.03690    2.89812    34.71303
A-T        0.00000    0.00000    0.00000    0.00000    0.00000    0.00000    -0.06770   -0.13850   3.28959    -0.78294   -0.57412   36.52427
G-C        0.00000    0.00000    0.00000    0.00000    0.00000    0.00000    -0.05424   -0.36764   3.29751    -2.28898   2.09071    31.84635
C-G        0.00000    0.00000    0.00000    0.00000    0.00000    0.00000    -0.18080   -0.46606   3.27601    -2.34049   2.81257    32.61249
T-A        0.00000    0.00000    0.00000    0.00000    0.00000    0.00000    -0.03408   -0.37790   3.27749    -1.79717   5.35568    30.61735
C-G        0.00000    0.00000    0.00000    0.00000    0.00000    0.00000    -0.08241   -0.13656   3.24143    -1.07201   5.12267    34.26974
G-C        0.00000    0.00000    0.00000    0.00000    0.00000    0.00000    0.00521    0.16923    3.32182    0.43688    11.35824   31.46061
G-C        0.00000    0.00000    0.00000    0.00000    0.00000    0.00000    0.17332    -0.41984   3.33172    2.15839    7.75159    31.30084
G-C        0.00000    0.00000    0.00000    0.00000    0.00000    0.00000    0.27193    -0.38274   3.34133    3.22182    6.16229    31.97686
A-T        0.00000    0.00000    0.00000    0.00000    0.00000    0.00000    0.16153    -0.12371   3.28411    2.45315    1.01713    36.17776
T-A        0.00000    0.00000    0.00000    0.00000    0.00000    0.00000    0.02124    -0.70312   3.24625    0.84130    -2.17928   30.95470
C-G        0.00000    0.00000    0.00000    0.00000    0.00000    0.00000    0.06945    -0.13691   3.29575    0.33080    -1.51069   36.85417
C-G        0.00000    0.00000    0.00000    0.00000    0.00000    0.00000    -0.10169   -0.31781   3.36661    -1.65023   2.02029    33.34411
G-C        0.00000    0.00000    0.00000    0.00000    0.00000    0.00000    -0.30126   0.38259    3.30168    -4.33573   4.63006    33.83747
C-G        0.00000    0.00000    0.00000    0.00000    0.00000    0.00000    -0.21509   -0.47330   3.25852    -2.77354   3.38079    32.16246
T-A        0.00000    0.00000    0.00000    0.00000    0.00000    0.00000    -0.02498   -0.37434   3.26250    -1.84423   6.25139    30.01793
T-A        0.00000    0.00000    0.00000    0.00000    0.00000    0.00000    -0.03973   -0.23898   3.20222    -0.75666   4.96781    32.22817
T-A        0.00000    0.00000    0.00000    0.00000    0.00000    0.00000    -0.01109   -0.23601   3.20170    0.34941    5.00795    32.20804
A-T        0.00000    0.00000    0.00000    0.00000    0.00000    0.00000    0.08521    -0.47822   3.29861    2.04782    11.70155   30.44539
A-T        0.00000    0.00000    0.00000    0.00000    0.00000    0.00000    0.07454    -0.28174   3.22274    2.05720    1.13733    33.80737
C-G        0.00000    0.00000    0.00000    0.00000    0.00000    0.00000    0.06972    -0.65064   3.26587    2.13102    0.71371    31.29589
A-T        0.00000    0.00000    0.00000    0.00000    0.00000    0.00000    0.04592    0.29187    3.28759    1.73564    1.89818    35.50763
C-G        0.00000    0.00000    0.00000    0.00000    0.00000    0.00000    0.02092    -0.63405   3.30140    0.14935    -1.26194   31.99183
T-A        0.00000    0.00000    0.00000    0.00000    0.00000    0.00000    0.01549    -0.33470   3.30808    -1.33501   0.47309    32.13885
T-A        0.00000    0.00000    0.00000    0.00000    0.00000    0.00000    -0.07518   -0.31806   3.23725    -1.82359   -1.77474   34.84727
C-G        0.00000    0.00000    0.00000    0.00000    0.00000    0.00000    -0.17794   -0.12904   3.26591    -2.68608   2.94208    35.34903
A-T        0.00000    0.00000    0.00000    0.00000    0.00000    0.00000    -0.18891   -0.02736   3.33563    -1.91457   9.64268    32.48565
T-A        0.00000    0.00000    0.00000    0.00000    0.00000    0.00000    0.00584    -0.66736   3.17416    -0.29521   3.50507    28.89524
G-C        0.00000    0.00000    0.00000    0.00000    0.00000    0.00000    0.15733    -0.12457   3.34573    0.74451    10.80991   31.75426
T-A        0.00000    0.00000    0.00000    0.00000    0.00000    0.00000    0.07404    -0.64164   3.19751    1.37382    3.79889    30.40713
T-A        0.00000    0.00000    0.00000    0.00000    0.00000    0.00000    0.02850    -0.29646   3.22541    1.85282    0.57520    33.92315
A-T        0.00000    0.00000    0.00000    0.00000    0.00000    0.00000    0.08214    0.27485    3.33167    2.20084    -0.94844   37.73848
T-A        0.00000    0.00000    0.00000    0.00000    0.00000    0.00000    -0.00806   -0.71045   3.24616    0.55050    -2.24949   30.74355
A-T        0.00000    0.00000    0.00000    0.00000    0.00000    0.00000    -0.05143   0.61556    3.33901    -0.48498   -5.67389   40.42374
A-T        0.00000    0.00000    0.00000    0.00000    0.00000    0.00000    -0.01976   -0.32719   3.24086    -1.37924   -2.66953   34.97787
C-G        0.00000    0.00000    0.00000    0.00000    0.00000    0.00000    -0.05210   -0.61571   3.23988    -1.57605   1.53621    31.10507
G-C        0.00000    0.00000    0.00000    0.00000    0.00000    0.00000    -0.23858   0.29725    3.31150    -3.55189   8.56203    32.43678
G-C        0.00000    0.00000    0.00000    0.00000    0.00000    0.00000    -0.06226   -0.40199   3.32880    -1.17450   7.63879    31.19136
A-T        0.00000    0.00000    0.00000    0.00000    0.00000    0.00000    0.01593    -0.13216   3.23551    0.11465    5.09761    34.02907
T-A        0.00000    0.00000    0.00000    0.00000    0.00000    0.00000    0.02576    -0.68308   3.19039    0.58704    2.29171    29.15337
T-A        0.00000    0.00000    0.00000    0.00000    0.00000    0.00000    0.01765    -0.29782   3.22066    1.20155    1.53445    33.29845
A-T        0.00000    0.00000    0.00000    0.00000    0.00000    0.00000    0.06605    -0.04035   3.32139    1.76509    3.29130    34.90742
T-A        0.00000    0.00000    0.00000    0.00000    0.00000    0.00000    -0.00971   -0.70654   3.23154    0.64070    -1.00354   30.22982
G-C        0.00000    0.00000    0.00000    0.00000    0.00000    0.00000    0.04141    0.22677    3.29423    0.33457    3.31994    34.77227
C-G        0.00000    0.00000    0.00000    0.00000    0.00000    0.00000    -0.07421   -0.40268   3.29035    -0.59127   1.31800    32.86339
T-A        0.00000    0.00000    0.00000    0.00000    0.00000    0.00000    0.00170    -0.33347   3.28837    -0.90296   2.46077    31.22800
T-A        0.00000    0.00000    0.00000    0.00000    0.00000    0.00000    -0.04996   -0.29173   3.22845    -1.02695   -0.04977   33.97190
C-G        0.00000    0.00000    0.00000    0.00000    0.00000    0.00000    -0.04510   -0.12231   3.25517    -1.08132   3.08440    34.85124
C-G        0.00000    0.00000    0.00000    0.00000    0.00000    0.00000    -0.02842   -0.40551   3.33636    -0.77908   6.71250    31.34788
G-C        0.00000    0.00000    0.00000    0.00000    0.00000    0.00000    0.05644    0.22354    3.31291    0.34609    9.17598    31.93192
G-C        0.00000    0.00000    0.00000    0.00000    0.00000    0.00000    0.12822    -0.45226   3.34562    1.15466    6.44877    31.38406
C-G        0.00000    0.00000    0.00000    0.00000    0.00000    0.00000    0.09133    -0.48258   3.26402    1.10509    3.29144    32.14120
T-A        0.00000    0.00000    0.00000    0.00000    0.00000    0.00000    0.03824    -0.38482   3.28484    1.42747    3.48108    30.96859
C-G        0.00000    0.00000    0.00000    0.00000    0.00000    0.00000    0.05592    -0.14765   3.27034    0.66237    1.24870    35.47390
G-C        0.00000    0.00000    0.00000    0.00000    0.00000    0.00000    -0.02778   0.37960    3.30534    0.06960    5.14948    33.52559
T-A        0.00000    0.00000    0.00000    0.00000    0.00000    0.00000    -0.05200   -0.63272   3.25611    -0.44060   1.03376    31.06537
A-T        0.00000    0.00000    0.00000    0.00000    0.00000    0.00000    -0.04198   0.19458    3.32224    -0.62775   1.92090    36.13253
T-A        0.00000    0.00000    0.00000    0.00000    0.00000    0.00000    0.00143    -0.68411   3.21476    -0.35045   0.29134    29.89823
A-T        0.00000    0.00000    0.00000    0.00000    0.00000    0.00000    0.00790    -0.01117   3.31636    -0.50951   4.92310    34.37754
A-T        0.00000    0.00000    0.00000    0.00000    0.00000    0.00000    0.03941    -0.28582   3.22478    -0.14697   1.01382    33.62950
T-A        0.00000    0.00000    0.00000    0.00000    0.00000    0.00000    0.02182    -0.69089   3.20847    -0.02227   0.92091    29.64678
G-C        0.00000    0.00000    0.00000    0.00000    0.00000    0.00000    0.10487    0.00079    3.32614    0.03887    7.04489    33.11466
T-A        0.00000    0.00000    0.00000    0.00000    0.00000    0.00000    0.00457    -0.65804   3.23577    0.02663    2.18596    30.68953
G-C        0.00000    0.00000    0.00000    0.00000    0.00000    0.00000    0.06925    0.03698    3.32180    0.18902    6.40879    33.45404
T-A        0.00000    0.00000    0.00000    0.00000    0.00000    0.00000    -0.03495   -0.64751   3.24246    0.02368    1.81190    30.83710
C-G        0.00000    0.00000    0.00000    0.00000    0.00000    0.00000    0.01934    -0.13024   3.26483    0.25780    2.00419    35.28912
G-C        0.00000    0.00000    0.00000    0.00000    0.00000    0.00000    -0.00731   0.37009    3.30831    0.22355    6.31470    33.19113
A-T        0.00000    0.00000    0.00000    0.00000    0.00000    0.00000    -0.02705   -0.11482   3.26563    0.00405    1.81842    35.40729
C-G        0.00000    0.00000    0.00000    0.00000    0.00000    0.00000    0.02400    -0.62679   3.24568    0.20656    1.49933    30.97386
C-G        0.00000    0.00000    0.00000    0.00000    0.00000    0.00000    0.04605    -0.33834   3.34861    -0.00984   4.63568    32.27033
A-T        0.00000    0.00000    0.00000    0.00000    0.00000    0.00000    -0.03793   0.12977    3.31314    -0.07168   5.55759    33.91930
A-T        0.00000    0.00000    0.00000    0.00000    0.00000    0.00000    0.03369    -0.31317   3.23120    -0.28741   -0.21839   34.02141
A-T        0.00000    0.00000    0.00000    0.00000    0.00000    0.00000    0.01986    -0.31200   3.22920    -0.39334   0.23139    33.86977
T-A        0.00000    0.00000    0.00000    0.00000    0.00000    0.00000    -0.00821   -0.69596   3.21142    -0.29111   0.77591    29.73590
G-C        0.00000    0.00000    0.00000    0.00000    0.00000    0.00000    -0.52900   -0.91300   3.45600    -1.67700   -11.71400  37.49400
T-A        0.00000    0.00000    0.00000    0.00000    0.00000    0.00000    -0.90500   -1.56500   3.20800    -2.32800   -8.21500   32.14400
G-C        0.00000    0.00000    0.00000    0.00000    0.00000    0.00000    -0.37700   -0.59700   3.22400    -2.12800   -0.61200   39.44800
A-T        0.00000    0.00000    0.00000    0.00000    0.00000    0.00000    0.13400    -1.01800   3.05000    2.61500    -6.07800   32.10400
G-C        0.00000    0.00000    0.00000    0.00000    0.00000    0.00000    0.92900    -0.52800   2.87800    -1.17000   -8.56800   33.48600
C-G        0.00000    0.00000    0.00000    0.00000    0.00000    0.00000    -0.67600   -0.12300   3.12700    12.52000   -5.63700   33.19300
G-C        0.00000    0.00000    0.00000    0.00000    0.00000    0.00000    0.04800    1.55200    5.40900    0.16300    60.14800   13.23700
C-G        0.00000    0.00000    0.00000    0.00000    0.00000    0.00000    0.71600    -0.08700   3.08800    -11.70600  -4.92500   33.30400
T-A        0.00000    0.00000    0.00000    0.00000    0.00000    0.00000    -0.96100   -0.48200   2.89500    0.91000    -7.58900   33.57800
C-G        0.00000    0.00000    0.00000    0.00000    0.00000    0.00000    -0.12000   -0.98200   3.10500    -2.85700   -6.37300   31.80800
A-T        0.00000    0.00000    0.00000    0.00000    0.00000    0.00000    0.32300    -0.59400   3.18200    1.62300    -0.34600   39.45200
C-G        0.00000    0.00000    0.00000    0.00000    0.00000    0.00000    0.92900    -1.59400   3.28000    2.05500    -8.65500   31.92100
A-T        0.00000    0.00000    0.00000    0.00000    0.00000    0.00000    0.27000    -1.09600   3.26800    -0.62400   -9.99700   39.99000
