147 # base pairs
  0 # ***local base-pair & step parameters***
#          Shear      Stretch    Stagger    Buckle     Prop-Tw    Opening    Shift      Slide      Rise       Tilt       Roll       Twist
T-A        0.00000    0.00000    0.00000    0.00000    0.00000    0.00000    0.00000    0.00000    0.00000    0.00000    0.00000    0.00000
G-C        0.00000    0.00000    0.00000    0.00000    0.00000    0.00000    -0.52900   -0.91400   3.45700    -1.68900   -11.71200  37.48600
T-A        0.00000    0.00000    0.00000    0.00000    0.00000    0.00000    -0.90500   -1.56600   3.20600    -2.28600   -8.20700   32.14700
G-C        0.00000    0.00000    0.00000    0.00000    0.00000    0.00000    -0.37800   -0.59600   3.22500    -2.16700   -0.60300   39.43900
A-T        0.00000    0.00000    0.00000    0.00000    0.00000    0.00000    0.13400    -1.01800   3.05000    2.61000    -6.09300   32.09300
G-C        0.00000    0.00000    0.00000    0.00000    0.00000    0.00000    0.92900    -0.52800   2.87800    -1.17000   -8.57000   33.49400
C-G        0.00000    0.00000    0.00000    0.00000    0.00000    0.00000    -0.67600   -0.12200   3.12700    12.55900   -5.64700   33.21100
G-C        0.00000    0.00000    0.00000    0.00000    0.00000    0.00000    0.04900    1.55300    5.41000    0.14200    60.15100   13.21000
C-G        0.00000    0.00000    0.00000    0.00000    0.00000    0.00000    0.71500    -0.08700   3.08800    -11.72400  -4.90600   33.28700
T-A        0.00000    0.00000    0.00000    0.00000    0.00000    0.00000    -0.96000   -0.48500   2.89400    0.89600    -7.58500   33.58500
C-G        0.00000    0.00000    0.00000    0.00000    0.00000    0.00000    -0.12000   -0.98300   3.10600    -2.86200   -6.42300   31.82500
A-T        0.00000    0.00000    0.00000    0.00000    0.00000    0.00000    0.32200    -0.59300   3.18200    1.65600    -0.34900   39.43600
C-G        0.00000    0.00000    0.00000    0.00000    0.00000    0.00000    0.92900    -1.59300   3.28000    2.06100    -8.65300   31.94300
A-T        0.00000    0.00000    0.00000    0.00000    0.00000    0.00000    0.27000    -1.09600   3.26800    -0.64500   -9.98900   39.97000
A-T        0.00000    0.00000    0.00000    0.00000    0.00000    0.00000    -0.12791   -0.15501   3.23270    -1.48587   -0.12901   35.03736
T-A        0.00000    0.00000    0.00000    0.00000    0.00000    0.00000    -0.02026   -0.75403   3.30717    -0.62682   -2.55887   32.49366
T-A        0.00000    0.00000    0.00000    0.00000    0.00000    0.00000    -0.00633   -0.38944   3.26849    -0.58695   -2.00197   35.96842
T-A        0.00000    0.00000    0.00000    0.00000    0.00000    0.00000    -0.01959   -0.19080   3.22366    -0.52896   2.87381    33.52048
A-T        0.00000    0.00000    0.00000    0.00000    0.00000    0.00000    0.05435    0.07710    3.28729    -0.51567   7.27963    32.00309
T-A        0.00000    0.00000    0.00000    0.00000    0.00000    0.00000    -0.01133   -0.72505   3.22756    0.01457    0.62581    30.44869
T-A        0.00000    0.00000    0.00000    0.00000    0.00000    0.00000    -0.00510   -0.30580   3.26022    0.90739    0.85546    34.02693
C-G        0.00000    0.00000    0.00000    0.00000    0.00000    0.00000    0.03871    -0.07469   3.27772    0.71666    2.20391    35.20015
G-C        0.00000    0.00000    0.00000    0.00000    0.00000    0.00000    0.16259    0.55472    3.32076    1.22794    8.31334    33.46321
C-G        0.00000    0.00000    0.00000    0.00000    0.00000    0.00000    -0.11311   -0.41409   3.24699    -0.82714   3.03456    31.51384
A-T        0.00000    0.00000    0.00000    0.00000    0.00000    0.00000    -0.13098   0.47149    3.27711    -0.79641   2.88194    35.11715
A-T        0.00000    0.00000    0.00000    0.00000    0.00000    0.00000    0.04501    -0.20908   3.27624    -0.01127   -0.40666   34.53777
A-T        0.00000    0.00000    0.00000    0.00000    0.00000    0.00000    -0.05133   -0.37751   3.23575    -0.76514   -1.50499   35.24655
G-C        0.00000    0.00000    0.00000    0.00000    0.00000    0.00000    0.01584    -0.47698   3.33457    0.10652    3.47601    31.96859
G-C        0.00000    0.00000    0.00000    0.00000    0.00000    0.00000    0.03441    -0.39927   3.42011    -0.77155   4.89921    33.94203
C-G        0.00000    0.00000    0.00000    0.00000    0.00000    0.00000    0.04094    -0.46764   3.24136    0.11910    3.75604    32.77424
C-G        0.00000    0.00000    0.00000    0.00000    0.00000    0.00000    -0.23777   -0.33819   3.32627    -0.32592   4.91067    32.95153
G-C        0.00000    0.00000    0.00000    0.00000    0.00000    0.00000    0.06027    0.21743    3.04445    0.61960    6.83650    29.89585
G-C        0.00000    0.00000    0.00000    0.00000    0.00000    0.00000    0.32718    -0.33847   3.33561    1.28193    4.29116    32.95910
C-G        0.00000    0.00000    0.00000    0.00000    0.00000    0.00000    0.00920    -0.43472   3.24724    0.29276    2.99189    33.06802
C-G        0.00000    0.00000    0.00000    0.00000    0.00000    0.00000    0.19714    -0.39734   3.37684    0.85097    3.56718    33.38463
C-G        0.00000    0.00000    0.00000    0.00000    0.00000    0.00000    0.04732    -0.23823   3.33818    1.62277    3.26043    33.17391
G-C        0.00000    0.00000    0.00000    0.00000    0.00000    0.00000    -0.19906   0.86580    3.28870    -1.00592   3.81073    33.58556
A-T        0.00000    0.00000    0.00000    0.00000    0.00000    0.00000    -0.10155   -0.05603   3.15606    -1.05624   -0.02490   35.57211
C-G        0.00000    0.00000    0.00000    0.00000    0.00000    0.00000    0.15457    -0.51758   3.17049    -0.05251   2.51204    30.90645
A-T        0.00000    0.00000    0.00000    0.00000    0.00000    0.00000    0.04159    -0.11826   3.33168    -0.66225   4.60049    34.54635
C-G        0.00000    0.00000    0.00000    0.00000    0.00000    0.00000    0.20993    -0.52869   3.25373    -0.16593   2.65250    30.32002
G-C        0.00000    0.00000    0.00000    0.00000    0.00000    0.00000    -0.01442   0.46083    3.28246    -0.31991   4.44701    34.86860
A-T        0.00000    0.00000    0.00000    0.00000    0.00000    0.00000    -0.12734   -0.07034   3.15407    -1.24738   0.30183    35.37490
C-G        0.00000    0.00000    0.00000    0.00000    0.00000    0.00000    -0.15973   -0.71117   3.21838    0.26533    3.68896    31.30895
T-A        0.00000    0.00000    0.00000    0.00000    0.00000    0.00000    0.06748    -0.70816   3.52980    -0.39958   3.41217    33.90747
T-A        0.00000    0.00000    0.00000    0.00000    0.00000    0.00000    -0.09653   -0.32924   3.20121    0.26847    1.39162    29.59873
A-T        0.00000    0.00000    0.00000    0.00000    0.00000    0.00000    0.00964    -0.10310   3.29999    0.43127    6.35226    33.56429
C-G        0.00000    0.00000    0.00000    0.00000    0.00000    0.00000    0.05480    -0.68284   3.25709    1.01143    1.78388    31.64767
T-A        0.00000    0.00000    0.00000    0.00000    0.00000    0.00000    0.11148    -0.73967   3.54414    0.27274    1.40266    33.88544
T-A        0.00000    0.00000    0.00000    0.00000    0.00000    0.00000    0.00290    -0.25431   3.20240    0.28347    1.29380    34.05727
C-G        0.00000    0.00000    0.00000    0.00000    0.00000    0.00000    0.06916    0.26088    3.30440    0.40541    0.99606    36.02649
A-T        0.00000    0.00000    0.00000    0.00000    0.00000    0.00000    -0.34911   -0.04306   3.35431    0.01094    6.16086    32.90050
T-A        0.00000    0.00000    0.00000    0.00000    0.00000    0.00000    -0.00187   -0.51186   3.21279    -0.42798   2.37613    29.54892
G-C        0.00000    0.00000    0.00000    0.00000    0.00000    0.00000    -0.06235   -0.34377   3.46461    -1.97641   5.81851    34.65471
T-A        0.00000    0.00000    0.00000    0.00000    0.00000    0.00000    -0.04419   -0.70991   3.26009    -0.41907   1.78781    30.81185
T-A        0.00000    0.00000    0.00000    0.00000    0.00000    0.00000    -0.02446   -0.22383   3.14169    -0.03029   3.96391    31.85642
A-T        0.00000    0.00000    0.00000    0.00000    0.00000    0.00000    0.01196    0.13878    3.29681    0.16887    6.55488    32.88850
T-A        0.00000    0.00000    0.00000    0.00000    0.00000    0.00000    -0.01100   -0.72072   3.15476    0.90376    0.11624    29.63761
A-T        0.00000    0.00000    0.00000    0.00000    0.00000    0.00000    0.01684    0.30199    3.34187    1.93981    2.02735    35.92848
A-T        0.00000    0.00000    0.00000    0.00000    0.00000    0.00000    0.03858    -0.20949   3.19191    0.55646    -0.74926   34.16311
C-G        0.00000    0.00000    0.00000    0.00000    0.00000    0.00000    0.03596    -0.75191   3.38405    0.08149    -1.73560   33.31014
G-C        0.00000    0.00000    0.00000    0.00000    0.00000    0.00000    0.13019    0.23434    3.25046    -0.35900   3.04895    35.87222
G-C        0.00000    0.00000    0.00000    0.00000    0.00000    0.00000    -0.08502   -0.26893   3.29077    -1.00506   4.56591    31.25884
A-T        0.00000    0.00000    0.00000    0.00000    0.00000    0.00000    -0.19311   -0.15370   3.27181    -2.30203   1.56728    34.85589
G-C        0.00000    0.00000    0.00000    0.00000    0.00000    0.00000    0.09773    -0.78658   3.29217    -2.59204   6.98326    31.11528
T-A        0.00000    0.00000    0.00000    0.00000    0.00000    0.00000    -0.04838   -0.69498   3.19442    -1.26198   4.46838    30.60507
A-T        0.00000    0.00000    0.00000    0.00000    0.00000    0.00000    0.12771    -0.97503   3.27873    0.06220    16.12355   28.01139
G-C        0.00000    0.00000    0.00000    0.00000    0.00000    0.00000    -0.32104   -0.37316   3.18376    1.03680    7.68214    28.70152
G-C        0.00000    0.00000    0.00000    0.00000    0.00000    0.00000    0.02863    -0.85293   3.54065    1.82784    5.66115    32.23802
T-A        0.00000    0.00000    0.00000    0.00000    0.00000    0.00000    0.19213    -0.52258   3.23411    2.13784    0.62714    30.75763
A-T        0.00000    0.00000    0.00000    0.00000    0.00000    0.00000    0.07740    -0.44920   3.35167    2.11692    0.71465    35.61118
T-A        0.00000    0.00000    0.00000    0.00000    0.00000    0.00000    -0.06253   -0.77651   3.23491    0.10424    -3.21538   30.91229
C-G        0.00000    0.00000    0.00000    0.00000    0.00000    0.00000    0.09182    -0.34984   3.33194    -1.50087   -2.21795   37.77991
T-A        0.00000    0.00000    0.00000    0.00000    0.00000    0.00000    0.07469    -0.37143   3.34360    -1.56256   2.33230    31.49423
C-G        0.00000    0.00000    0.00000    0.00000    0.00000    0.00000    -0.18861   -0.20119   3.39688    -3.17478   1.98478    34.85705
G-C        0.00000    0.00000    0.00000    0.00000    0.00000    0.00000    -0.13251   0.33444    3.26046    -4.00513   13.97017   27.92594
A-T        0.00000    0.00000    0.00000    0.00000    0.00000    0.00000    -0.29670   0.06459    3.22436    -3.85092   6.31139    32.31949
G-C        0.00000    0.00000    0.00000    0.00000    0.00000    0.00000    0.15343    -0.46759   3.28483    0.59707    7.15654    29.61040
C-G        0.00000    0.00000    0.00000    0.00000    0.00000    0.00000    0.08534    -0.58729   3.31996    1.35572    4.47114    33.80826
T-A        0.00000    0.00000    0.00000    0.00000    0.00000    0.00000    -0.08053   -0.30203   3.26331    2.83290    3.59904    31.01231
C-G        0.00000    0.00000    0.00000    0.00000    0.00000    0.00000    0.43256    0.36756    3.17624    5.54661    2.40056    35.07717
G-C        0.00000    0.00000    0.00000    0.00000    0.00000    0.00000    0.27156    1.11256    3.34450    2.80612    1.59664    34.93584
G-C        0.00000    0.00000    0.00000    0.00000    0.00000    0.00000    -0.10786   -0.24476   3.35907    -1.56315   0.97457    33.58161
G-C        0.00000    0.00000    0.00000    0.00000    0.00000    0.00000    -0.18229   -0.22351   3.32387    -1.17156   4.34219    32.74825
A-T        0.00000    0.00000    0.00000    0.00000    0.00000    0.00000    -0.12121   -0.29099   3.32855    -1.48243   0.05309    36.46223
T-A        0.00000    0.00000    0.00000    0.00000    0.00000    0.00000    -0.02430   -0.63967   3.23437    -1.05941   1.71608    30.76120
C-G        0.00000    0.00000    0.00000    0.00000    0.00000    0.00000    0.00314    -0.23048   3.26403    -1.32206   3.48350    34.84099
C-G        0.00000    0.00000    0.00000    0.00000    0.00000    0.00000    -0.51455   -0.19185   3.23849    -3.04379   9.80409    30.00047
G-C        0.00000    0.00000    0.00000    0.00000    0.00000    0.00000    0.04009    0.35687    3.29500    0.79911    12.19095   30.45580
C-G        0.00000    0.00000    0.00000    0.00000    0.00000    0.00000    0.20795    -0.56661   3.40859    2.11731    2.19870    34.40512
T-A        0.00000    0.00000    0.00000    0.00000    0.00000    0.00000    0.52193    -0.47075   3.43612    5.24701    1.41494    34.06797
T-A        0.00000    0.00000    0.00000    0.00000    0.00000    0.00000    0.04879    -0.38102   3.24832    1.83895    -3.47055   35.82132
T-A        0.00000    0.00000    0.00000    0.00000    0.00000    0.00000    -0.04287   -0.41252   3.25283    0.34462    -4.59377   35.07476
A-T        0.00000    0.00000    0.00000    0.00000    0.00000    0.00000    -0.08141   0.87612    3.20431    -0.64931   -9.27725   37.35761
A-T        0.00000    0.00000    0.00000    0.00000    0.00000    0.00000    -0.04225   -0.19005   3.20045    -2.32500   -1.79373   33.84700
C-G        0.00000    0.00000    0.00000    0.00000    0.00000    0.00000    -0.03079   -0.63853   3.28988    -1.66371   1.06064    31.59595
A-T        0.00000    0.00000    0.00000    0.00000    0.00000    0.00000    -0.10720   -0.13059   3.30273    -1.99128   6.50412    33.29904
C-G        0.00000    0.00000    0.00000    0.00000    0.00000    0.00000    0.16145    -0.66006   3.25519    -0.36330   3.19187    30.16302
T-A        0.00000    0.00000    0.00000    0.00000    0.00000    0.00000    0.10241    -0.65092   3.50364    -0.51250   6.01575    33.54370
T-A        0.00000    0.00000    0.00000    0.00000    0.00000    0.00000    0.06312    -0.40246   3.22076    0.58829    1.02786    34.21831
T-A        0.00000    0.00000    0.00000    0.00000    0.00000    0.00000    0.00251    -0.25906   3.21904    0.62656    1.37353    33.55663
A-T        0.00000    0.00000    0.00000    0.00000    0.00000    0.00000    0.05235    0.10703    3.35886    1.02398    1.72012    35.93455
T-A        0.00000    0.00000    0.00000    0.00000    0.00000    0.00000    -0.11694   -0.75316   3.18986    0.94221    1.14646    27.87840
G-C        0.00000    0.00000    0.00000    0.00000    0.00000    0.00000    0.01117    -0.25369   3.30571    0.37324    5.37508    37.26585
C-G        0.00000    0.00000    0.00000    0.00000    0.00000    0.00000    0.15289    -0.39984   3.26596    -1.39427   1.35092    33.22086
T-A        0.00000    0.00000    0.00000    0.00000    0.00000    0.00000    0.02072    -0.44183   3.40296    0.33186    1.73142    34.08858
T-A        0.00000    0.00000    0.00000    0.00000    0.00000    0.00000    -0.06328   -0.23018   3.19116    -0.95654   2.44848    33.27691
C-G        0.00000    0.00000    0.00000    0.00000    0.00000    0.00000    0.02209    -0.26643   3.28265    -0.88259   4.31448    33.92810
C-G        0.00000    0.00000    0.00000    0.00000    0.00000    0.00000    -0.31799   -0.21419   3.25721    -2.06062   7.95560    30.31576
G-C        0.00000    0.00000    0.00000    0.00000    0.00000    0.00000    0.09039    0.19105    3.04274    0.47620    8.24653    29.26468
G-C        0.00000    0.00000    0.00000    0.00000    0.00000    0.00000    0.39129    -0.35109   3.31898    1.88644    5.25694    32.33435
C-G        0.00000    0.00000    0.00000    0.00000    0.00000    0.00000    0.22722    -0.64334   3.29621    0.93193    2.62375    32.66696
T-A        0.00000    0.00000    0.00000    0.00000    0.00000    0.00000    -0.08975   -0.30050   3.28228    1.31168    2.25667    31.03888
C-G        0.00000    0.00000    0.00000    0.00000    0.00000    0.00000    0.15678    0.13342    3.27015    1.97255    1.98422    35.07290
G-C        0.00000    0.00000    0.00000    0.00000    0.00000    0.00000    -0.02197   0.46946    3.26805    -0.11314   2.94250    35.01763
T-A        0.00000    0.00000    0.00000    0.00000    0.00000    0.00000    0.17822    -0.53164   3.22733    -0.25993   1.99835    31.39737
A-T        0.00000    0.00000    0.00000    0.00000    0.00000    0.00000    -0.02385   -0.53366   3.37170    -0.15907   3.82173    34.55362
T-A        0.00000    0.00000    0.00000    0.00000    0.00000    0.00000    0.00879    -0.71659   3.15664    -0.44468   -0.61284   29.44982
A-T        0.00000    0.00000    0.00000    0.00000    0.00000    0.00000    -0.00992   0.19816    3.32099    0.06188    3.98900    34.30464
A-T        0.00000    0.00000    0.00000    0.00000    0.00000    0.00000    0.02604    -0.34742   3.21657    -0.27384   2.42118    33.47563
T-A        0.00000    0.00000    0.00000    0.00000    0.00000    0.00000    0.02006    -0.68160   3.25806    0.11735    0.53079    30.54105
G-C        0.00000    0.00000    0.00000    0.00000    0.00000    0.00000    0.00238    -0.34982   3.43812    -0.54469   5.91001    34.35771
T-A        0.00000    0.00000    0.00000    0.00000    0.00000    0.00000    0.07495    -0.52212   3.21432    0.34305    1.41062    29.00444
G-C        0.00000    0.00000    0.00000    0.00000    0.00000    0.00000    -0.01343   -0.17473   3.32188    0.68904    5.22977    33.75388
T-A        0.00000    0.00000    0.00000    0.00000    0.00000    0.00000    -0.16572   -0.52727   3.16717    0.15614    2.71015    30.59101
C-G        0.00000    0.00000    0.00000    0.00000    0.00000    0.00000    0.10322    -0.06169   3.14998    1.18952    0.07773    35.29494
G-C        0.00000    0.00000    0.00000    0.00000    0.00000    0.00000    -0.00981   0.52726    3.23477    0.45579    8.36200    29.99148
A-T        0.00000    0.00000    0.00000    0.00000    0.00000    0.00000    -0.09048   -0.05807   3.15410    -0.86129   -0.04824   35.42421
C-G        0.00000    0.00000    0.00000    0.00000    0.00000    0.00000    -0.08344   -0.78223   3.20717    -0.15397   2.36199    31.51378
C-G        0.00000    0.00000    0.00000    0.00000    0.00000    0.00000    0.17454    -0.54452   3.36659    0.54802    6.29408    30.87229
A-T        0.00000    0.00000    0.00000    0.00000    0.00000    0.00000    0.04423    0.59300    3.27916    -1.02484   5.44532    33.59784
A-T        0.00000    0.00000    0.00000    0.00000    0.00000    0.00000    0.08138    -0.23595   3.27388    0.13831    0.11328    34.10628
A-T        0.00000    0.00000    0.00000    0.00000    0.00000    0.00000    0.00840    -0.42150   3.25783    -0.55208   -2.45565   35.79044
T-A        0.00000    0.00000    0.00000    0.00000    0.00000    0.00000    -0.00956   -0.68313   3.25954    -0.26000   0.47150    30.58681
G-C        0.00000    0.00000    0.00000    0.00000    0.00000    0.00000    -0.52900   -0.91300   3.45600    -1.67700   -11.71400  37.49400
T-A        0.00000    0.00000    0.00000    0.00000    0.00000    0.00000    -0.90500   -1.56500   3.20800    -2.32800   -8.21500   32.14400
G-C        0.00000    0.00000    0.00000    0.00000    0.00000    0.00000    -0.37700   -0.59700   3.22400    -2.12800   -0.61200   39.44800
A-T        0.00000    0.00000    0.00000    0.00000    0.00000    0.00000    0.13400    -1.01800   3.05000    2.61500    -6.07800   32.10400
G-C        0.00000    0.00000    0.00000    0.00000    0.00000    0.00000    0.92900    -0.52800   2.87800    -1.17000   -8.56800   33.48600
C-G        0.00000    0.00000    0.00000    0.00000    0.00000    0.00000    -0.67600   -0.12300   3.12700    12.52000   -5.63700   33.19300
G-C        0.00000    0.00000    0.00000    0.00000    0.00000    0.00000    0.04800    1.55200    5.40900    0.16300    60.14800   13.23700
C-G        0.00000    0.00000    0.00000    0.00000    0.00000    0.00000    0.71600    -0.08700   3.08800    -11.70600  -4.92500   33.30400
T-A        0.00000    0.00000    0.00000    0.00000    0.00000    0.00000    -0.96100   -0.48200   2.89500    0.91000    -7.58900   33.57800
C-G        0.00000    0.00000    0.00000    0.00000    0.00000    0.00000    -0.12000   -0.98200   3.10500    -2.85700   -6.37300   31.80800
A-T        0.00000    0.00000    0.00000    0.00000    0.00000    0.00000    0.32300    -0.59400   3.18200    1.62300    -0.34600   39.45200
C-G        0.00000    0.00000    0.00000    0.00000    0.00000    0.00000    0.92900    -1.59400   3.28000    2.05500    -8.65500   31.92100
A-T        0.00000    0.00000    0.00000    0.00000    0.00000    0.00000    0.27000    -1.09600   3.26800    -0.62400   -9.99700   39.99000
