147 # base pairs
  0 # ***local base-pair & step parameters***
#          Shear      Stretch    Stagger    Buckle     Prop-Tw    Opening    Shift      Slide      Rise       Tilt       Roll       Twist
T-A        0.00000    0.00000    0.00000    0.00000    0.00000    0.00000    0.00000    0.00000    0.00000    0.00000    0.00000    0.00000
G-C        0.00000    0.00000    0.00000    0.00000    0.00000    0.00000    -0.52900   -0.91400   3.45700    -1.68900   -11.71200  37.48600
T-A        0.00000    0.00000    0.00000    0.00000    0.00000    0.00000    -0.90500   -1.56600   3.20600    -2.28600   -8.20700   32.14700
G-C        0.00000    0.00000    0.00000    0.00000    0.00000    0.00000    -0.37800   -0.59600   3.22500    -2.16700   -0.60300   39.43900
A-T        0.00000    0.00000    0.00000    0.00000    0.00000    0.00000    0.13400    -1.01800   3.05000    2.61000    -6.09300   32.09300
G-C        0.00000    0.00000    0.00000    0.00000    0.00000    0.00000    0.92900    -0.52800   2.87800    -1.17000   -8.57000   33.49400
C-G        0.00000    0.00000    0.00000    0.00000    0.00000    0.00000    -0.67600   -0.12200   3.12700    12.55900   -5.64700   33.21100
G-C        0.00000    0.00000    0.00000    0.00000    0.00000    0.00000    0.04900    1.55300    5.41000    0.14200    60.15100   13.21000
C-G        0.00000    0.00000    0.00000    0.00000    0.00000    0.00000    0.71500    -0.08700   3.08800    -11.72400  -4.90600   33.28700
T-A        0.00000    0.00000    0.00000    0.00000    0.00000    0.00000    -0.96000   -0.48500   2.89400    0.89600    -7.58500   33.58500
C-G        0.00000    0.00000    0.00000    0.00000    0.00000    0.00000    -0.12000   -0.98300   3.10600    -2.86200   -6.42300   31.82500
A-T        0.00000    0.00000    0.00000    0.00000    0.00000    0.00000    0.32200    -0.59300   3.18200    1.65600    -0.34900   39.43600
C-G        0.00000    0.00000    0.00000    0.00000    0.00000    0.00000    0.92900    -1.59300   3.28000    2.06100    -8.65300   31.94300
A-T        0.00000    0.00000    0.00000    0.00000    0.00000    0.00000    0.27000    -1.09600   3.26800    -0.64500   -9.98900   39.97000
A-T        0.00000    0.00000    0.00000    0.00000    0.00000    0.00000    -0.14015   -0.15698   3.23009    -1.48976   0.16525    34.54899
T-A        0.00000    0.00000    0.00000    0.00000    0.00000    0.00000    -0.01598   -0.75742   3.30284    -0.57149   -2.48303   32.17993
T-A        0.00000    0.00000    0.00000    0.00000    0.00000    0.00000    -0.00441   -0.39739   3.26683    -0.48704   -1.98737   35.72660
T-A        0.00000    0.00000    0.00000    0.00000    0.00000    0.00000    -0.01833   -0.20829   3.21432    -0.49000   2.88243    33.04933
A-T        0.00000    0.00000    0.00000    0.00000    0.00000    0.00000    0.05781    0.01998    3.26536    -0.59303   8.08594    30.41927
T-A        0.00000    0.00000    0.00000    0.00000    0.00000    0.00000    -0.01353   -0.73280   3.22455    0.00056    0.63197    29.96000
T-A        0.00000    0.00000    0.00000    0.00000    0.00000    0.00000    -0.01910   -0.32722   3.26168    0.64931    1.16593    33.29166
C-G        0.00000    0.00000    0.00000    0.00000    0.00000    0.00000    0.02209    -0.09386   3.27164    0.57091    2.43044    34.60118
G-C        0.00000    0.00000    0.00000    0.00000    0.00000    0.00000    0.14422    0.55004    3.31762    1.12317    8.49988    33.24319
C-G        0.00000    0.00000    0.00000    0.00000    0.00000    0.00000    -0.11557   -0.41232   3.24003    -0.82504   3.11841    31.30819
A-T        0.00000    0.00000    0.00000    0.00000    0.00000    0.00000    -0.11440   0.40956    3.26613    -0.62658   3.42648    34.14376
A-T        0.00000    0.00000    0.00000    0.00000    0.00000    0.00000    0.05260    -0.22448   3.27237    0.11318    -0.33145   34.00324
A-T        0.00000    0.00000    0.00000    0.00000    0.00000    0.00000    -0.04801   -0.39620   3.22878    -0.62079   -1.56846   34.82854
G-C        0.00000    0.00000    0.00000    0.00000    0.00000    0.00000    0.01996    -0.47971   3.32603    0.19909    3.35861    31.53882
G-C        0.00000    0.00000    0.00000    0.00000    0.00000    0.00000    0.03368    -0.40599   3.40968    -0.82996   4.78635    33.38282
C-G        0.00000    0.00000    0.00000    0.00000    0.00000    0.00000    0.02088    -0.48080   3.23185    -0.09346   3.71920    32.23574
C-G        0.00000    0.00000    0.00000    0.00000    0.00000    0.00000    -0.27859   -0.36905   3.31886    -0.75177   4.98223    32.40924
G-C        0.00000    0.00000    0.00000    0.00000    0.00000    0.00000    0.04073    0.17583    3.02354    0.37082    7.09671    29.12458
G-C        0.00000    0.00000    0.00000    0.00000    0.00000    0.00000    0.33535    -0.37347   3.32552    1.31037    4.60545    32.40732
C-G        0.00000    0.00000    0.00000    0.00000    0.00000    0.00000    0.00766    -0.46592   3.23577    0.30984    3.27792    32.40109
C-G        0.00000    0.00000    0.00000    0.00000    0.00000    0.00000    0.18166    -0.43740   3.36867    0.95883    4.04813    32.65626
C-G        0.00000    0.00000    0.00000    0.00000    0.00000    0.00000    0.05580    -0.23646   3.31747    1.85245    3.38634    32.32559
G-C        0.00000    0.00000    0.00000    0.00000    0.00000    0.00000    -0.17431   0.79893    3.26590    -0.61935   4.04963    32.77221
A-T        0.00000    0.00000    0.00000    0.00000    0.00000    0.00000    -0.09634   -0.05770   3.14727    -1.01318   -0.06750   35.19782
C-G        0.00000    0.00000    0.00000    0.00000    0.00000    0.00000    0.15943    -0.52721   3.16955    -0.03799   2.34609    30.48531
A-T        0.00000    0.00000    0.00000    0.00000    0.00000    0.00000    0.03180    -0.13625   3.31024    -0.71838   4.53049    33.79689
C-G        0.00000    0.00000    0.00000    0.00000    0.00000    0.00000    0.21686    -0.53445   3.24785    -0.27446   2.47776    29.74201
G-C        0.00000    0.00000    0.00000    0.00000    0.00000    0.00000    -0.03010   0.44953    3.27012    -0.76584   4.41560    34.06769
A-T        0.00000    0.00000    0.00000    0.00000    0.00000    0.00000    -0.14791   -0.07357   3.13989    -1.55212   0.40227    34.86599
C-G        0.00000    0.00000    0.00000    0.00000    0.00000    0.00000    -0.15787   -0.73754   3.20754    0.13309    3.94694    30.72054
T-A        0.00000    0.00000    0.00000    0.00000    0.00000    0.00000    0.09170    -0.72113   3.52111    -0.56434   3.73437    33.10816
T-A        0.00000    0.00000    0.00000    0.00000    0.00000    0.00000    -0.11645   -0.36883   3.19549    0.56782    2.11338    28.21541
A-T        0.00000    0.00000    0.00000    0.00000    0.00000    0.00000    -0.00221   -0.33582   3.26894    0.50220    9.14087    30.51628
C-G        0.00000    0.00000    0.00000    0.00000    0.00000    0.00000    0.05562    -0.68549   3.24477    1.28052    2.13172    31.15740
T-A        0.00000    0.00000    0.00000    0.00000    0.00000    0.00000    -0.07571   -0.54136   3.30370    2.40750    4.77671    30.57752
G-C        0.00000    0.00000    0.00000    0.00000    0.00000    0.00000    0.10235    0.06826    3.33350    0.02426    4.76643    34.23931
T-A        0.00000    0.00000    0.00000    0.00000    0.00000    0.00000    0.09306    -0.53607   3.15520    0.15036    0.73267    30.25487
A-T        0.00000    0.00000    0.00000    0.00000    0.00000    0.00000    0.02871    0.37155    3.28280    -0.62718   -0.56933   37.30182
G-C        0.00000    0.00000    0.00000    0.00000    0.00000    0.00000    -0.19337   -0.31867   3.21648    -2.19630   3.97931    28.96935
G-C        0.00000    0.00000    0.00000    0.00000    0.00000    0.00000    -0.10461   -0.93873   3.51367    -1.55290   4.81770    31.02078
T-A        0.00000    0.00000    0.00000    0.00000    0.00000    0.00000    0.04764    -0.47231   3.19442    -0.99382   2.60259    29.92486
A-T        0.00000    0.00000    0.00000    0.00000    0.00000    0.00000    -0.02819   -0.77219   3.38434    -0.08704   9.06989    32.14600
T-A        0.00000    0.00000    0.00000    0.00000    0.00000    0.00000    -0.06040   -0.69609   3.18070    0.36171    3.09063    28.49057
C-G        0.00000    0.00000    0.00000    0.00000    0.00000    0.00000    0.08728    -0.32288   3.41314    0.94994    3.34222    36.95088
T-A        0.00000    0.00000    0.00000    0.00000    0.00000    0.00000    0.05903    -0.28708   3.25394    1.51171    4.63587    30.77721
C-G        0.00000    0.00000    0.00000    0.00000    0.00000    0.00000    0.39113    0.35982    3.18531    4.84928    2.34680    34.91128
G-C        0.00000    0.00000    0.00000    0.00000    0.00000    0.00000    0.10252    0.63127    3.19209    2.44896    2.99531    31.67929
A-T        0.00000    0.00000    0.00000    0.00000    0.00000    0.00000    -0.07248   0.17593    3.29350    -0.57851   -0.35806   36.45904
G-C        0.00000    0.00000    0.00000    0.00000    0.00000    0.00000    0.04094    -0.18033   3.27434    -2.03108   -0.57315   31.86313
C-G        0.00000    0.00000    0.00000    0.00000    0.00000    0.00000    -0.10897   -0.48211   3.38394    -1.76971   1.80058    35.21191
T-A        0.00000    0.00000    0.00000    0.00000    0.00000    0.00000    -0.12567   -0.39947   3.30291    -2.41915   4.11422    30.03652
C-G        0.00000    0.00000    0.00000    0.00000    0.00000    0.00000    -0.09396   -0.21967   3.35639    -1.51402   4.63641    33.02791
G-C        0.00000    0.00000    0.00000    0.00000    0.00000    0.00000    0.19294    0.28341    3.15230    -0.06762   8.28798    30.02996
G-C        0.00000    0.00000    0.00000    0.00000    0.00000    0.00000    0.02698    -0.31979   3.28522    -0.22336   6.18733    31.47620
G-C        0.00000    0.00000    0.00000    0.00000    0.00000    0.00000    0.16139    -0.38064   3.34431    2.42487    7.75656    31.67643
A-T        0.00000    0.00000    0.00000    0.00000    0.00000    0.00000    0.00319    -0.24911   3.28455    2.03589    1.33208    35.56322
T-A        0.00000    0.00000    0.00000    0.00000    0.00000    0.00000    0.02619    -0.62751   3.24870    0.99401    0.31180    31.02789
C-G        0.00000    0.00000    0.00000    0.00000    0.00000    0.00000    0.11197    -0.30765   3.34390    0.55403    -1.91728   37.02884
C-G        0.00000    0.00000    0.00000    0.00000    0.00000    0.00000    0.01184    -0.22435   3.29067    -0.26571   3.22575    31.44870
G-C        0.00000    0.00000    0.00000    0.00000    0.00000    0.00000    -0.01799   0.46044    3.22370    -1.96673   3.74795    33.83701
C-G        0.00000    0.00000    0.00000    0.00000    0.00000    0.00000    -0.23765   -0.51299   3.41533    -2.90309   0.94532    34.61338
T-A        0.00000    0.00000    0.00000    0.00000    0.00000    0.00000    -0.22388   -0.46538   3.37573    -2.10582   3.78386    33.31926
T-A        0.00000    0.00000    0.00000    0.00000    0.00000    0.00000    0.03744    -0.44764   3.19403    -1.67172   2.89006    33.00413
T-A        0.00000    0.00000    0.00000    0.00000    0.00000    0.00000    -0.03616   -0.11385   3.18907    -0.41944   6.71894    32.10635
A-T        0.00000    0.00000    0.00000    0.00000    0.00000    0.00000    0.09428    -0.28660   3.37710    1.12012    14.88951   31.74624
A-T        0.00000    0.00000    0.00000    0.00000    0.00000    0.00000    0.00182    -0.24606   3.12384    2.36747    4.89404    31.57335
C-G        0.00000    0.00000    0.00000    0.00000    0.00000    0.00000    0.07639    -0.69361   3.26485    2.38701    0.06083    31.31421
A-T        0.00000    0.00000    0.00000    0.00000    0.00000    0.00000    0.16586    -0.09447   3.33148    1.40510    2.61361    35.07680
C-G        0.00000    0.00000    0.00000    0.00000    0.00000    0.00000    0.05028    -0.73770   3.33632    0.42881    -0.52467   31.63902
T-A        0.00000    0.00000    0.00000    0.00000    0.00000    0.00000    0.12775    -0.85492   3.56088    -0.70003   -2.49261   33.19354
T-A        0.00000    0.00000    0.00000    0.00000    0.00000    0.00000    0.02735    -0.41521   3.22999    -0.79982   -3.40307   35.35052
T-A        0.00000    0.00000    0.00000    0.00000    0.00000    0.00000    -0.06162   -0.35161   3.25279    -1.49758   -1.82444   35.59738
T-A        0.00000    0.00000    0.00000    0.00000    0.00000    0.00000    -0.12293   -0.19150   3.25032    -0.98845   2.21969    35.11001
C-G        0.00000    0.00000    0.00000    0.00000    0.00000    0.00000    0.01903    0.21658    3.20012    -0.91117   7.67071    33.76860
A-T        0.00000    0.00000    0.00000    0.00000    0.00000    0.00000    -0.24481   -0.58893   3.38892    3.52782    10.47791   30.07129
T-A        0.00000    0.00000    0.00000    0.00000    0.00000    0.00000    0.03439    -0.48714   3.18731    0.64944    5.04344    28.82108
G-C        0.00000    0.00000    0.00000    0.00000    0.00000    0.00000    0.09354    -0.28439   3.41557    2.41262    7.26368    34.89633
T-A        0.00000    0.00000    0.00000    0.00000    0.00000    0.00000    0.01921    -0.64286   3.31365    1.77413    0.34812    32.36102
T-A        0.00000    0.00000    0.00000    0.00000    0.00000    0.00000    -0.01772   -0.20515   3.21958    2.21862    -3.10778   34.89422
A-T        0.00000    0.00000    0.00000    0.00000    0.00000    0.00000    -0.00309   0.36596    3.44368    -0.36529   -5.38782   41.72823
T-A        0.00000    0.00000    0.00000    0.00000    0.00000    0.00000    -0.02992   -0.70072   3.18705    -0.87495   -2.62203   30.10844
A-T        0.00000    0.00000    0.00000    0.00000    0.00000    0.00000    -0.09217   0.35231    3.38782    -1.51536   -0.61847   38.75520
A-T        0.00000    0.00000    0.00000    0.00000    0.00000    0.00000    -0.01940   -0.18740   3.16888    -2.11834   1.59674    32.86804
C-G        0.00000    0.00000    0.00000    0.00000    0.00000    0.00000    -0.02561   -0.71487   3.28685    -1.33258   2.81307    32.18583
G-C        0.00000    0.00000    0.00000    0.00000    0.00000    0.00000    0.16061    0.34730    3.22784    -0.95154   12.75112   29.88843
G-C        0.00000    0.00000    0.00000    0.00000    0.00000    0.00000    0.51767    -0.17713   3.24874    2.95381    9.01439    30.55160
A-T        0.00000    0.00000    0.00000    0.00000    0.00000    0.00000    0.05067    -0.28389   3.29133    1.43903    4.83597    34.42575
A-T        0.00000    0.00000    0.00000    0.00000    0.00000    0.00000    0.07578    -0.32181   3.25406    1.20849    0.49194    34.03674
T-A        0.00000    0.00000    0.00000    0.00000    0.00000    0.00000    0.00451    -0.73257   3.27283    1.01268    -0.93406   31.27329
G-C        0.00000    0.00000    0.00000    0.00000    0.00000    0.00000    0.01195    -0.25439   3.30806    0.46341    5.41677    37.34538
C-G        0.00000    0.00000    0.00000    0.00000    0.00000    0.00000    0.12614    -0.39193   3.28870    -0.93057   1.01208    33.72706
T-A        0.00000    0.00000    0.00000    0.00000    0.00000    0.00000    0.04378    -0.43307   3.41748    0.72361    1.37905    34.63180
T-A        0.00000    0.00000    0.00000    0.00000    0.00000    0.00000    -0.05727   -0.22643   3.19841    -0.86036   1.86905    33.79665
C-G        0.00000    0.00000    0.00000    0.00000    0.00000    0.00000    0.01542    -0.25176   3.30655    -0.93425   3.40906    34.99965
C-G        0.00000    0.00000    0.00000    0.00000    0.00000    0.00000    -0.31365   -0.17932   3.26468    -2.14482   7.64034    30.96212
G-C        0.00000    0.00000    0.00000    0.00000    0.00000    0.00000    0.06657    0.23739    3.06349    0.07840    7.95775    29.97709
G-C        0.00000    0.00000    0.00000    0.00000    0.00000    0.00000    0.35021    -0.32426   3.32624    1.37294    5.22865    32.82130
C-G        0.00000    0.00000    0.00000    0.00000    0.00000    0.00000    0.23060    -0.63645   3.29866    0.74664    2.75816    33.09820
T-A        0.00000    0.00000    0.00000    0.00000    0.00000    0.00000    -0.07549   -0.29180   3.29467    1.21062    2.65216    31.45165
C-G        0.00000    0.00000    0.00000    0.00000    0.00000    0.00000    0.15346    0.12435    3.28273    2.04757    2.13341    35.49313
G-C        0.00000    0.00000    0.00000    0.00000    0.00000    0.00000    -0.01613   0.47602    3.27969    0.12132    3.21973    35.52769
T-A        0.00000    0.00000    0.00000    0.00000    0.00000    0.00000    0.18396    -0.57714   3.24298    -0.20888   2.04445    31.90969
A-T        0.00000    0.00000    0.00000    0.00000    0.00000    0.00000    -0.02730   -0.49410   3.37819    0.01455    3.54332    35.26130
T-A        0.00000    0.00000    0.00000    0.00000    0.00000    0.00000    0.00183    -0.71203   3.17193    -0.27899   -0.75232   30.00114
A-T        0.00000    0.00000    0.00000    0.00000    0.00000    0.00000    -0.01149   0.27656    3.35322    0.13822    2.26072    36.44670
A-T        0.00000    0.00000    0.00000    0.00000    0.00000    0.00000    0.01803    -0.34154   3.22261    -0.24832   1.78166    34.03002
T-A        0.00000    0.00000    0.00000    0.00000    0.00000    0.00000    0.02711    -0.67861   3.26538    0.05578    0.18185    31.02212
G-C        0.00000    0.00000    0.00000    0.00000    0.00000    0.00000    -0.01176   -0.30288   3.44756    -0.77427   5.29168    35.31185
T-A        0.00000    0.00000    0.00000    0.00000    0.00000    0.00000    0.04893    -0.52248   3.23104    0.00730    1.23442    29.70386
G-C        0.00000    0.00000    0.00000    0.00000    0.00000    0.00000    -0.03903   -0.15764   3.34309    0.43007    5.17390    34.43812
T-A        0.00000    0.00000    0.00000    0.00000    0.00000    0.00000    -0.16557   -0.51979   3.16715    -0.00252   2.89096    30.93045
C-G        0.00000    0.00000    0.00000    0.00000    0.00000    0.00000    0.09578    -0.06099   3.15920    1.07501    0.21095    35.59471
G-C        0.00000    0.00000    0.00000    0.00000    0.00000    0.00000    -0.00798   0.54219    3.26199    0.68715    9.03924    30.65627
A-T        0.00000    0.00000    0.00000    0.00000    0.00000    0.00000    -0.07135   -0.05675   3.16596    -0.57120   0.01039    35.79092
C-G        0.00000    0.00000    0.00000    0.00000    0.00000    0.00000    -0.09960   -0.78771   3.20822    0.08529    2.35574    31.82761
C-G        0.00000    0.00000    0.00000    0.00000    0.00000    0.00000    0.16438    -0.50006   3.37672    0.87807    5.86648    31.58971
A-T        0.00000    0.00000    0.00000    0.00000    0.00000    0.00000    -0.01217   0.73022    3.28383    -0.78109   3.53856    35.49066
A-T        0.00000    0.00000    0.00000    0.00000    0.00000    0.00000    0.09055    -0.22946   3.28049    0.08697    -0.52091   34.80613
A-T        0.00000    0.00000    0.00000    0.00000    0.00000    0.00000    0.00854    -0.41731   3.25691    -0.62825   -2.67588   36.03780
T-A        0.00000    0.00000    0.00000    0.00000    0.00000    0.00000    -0.00573   -0.67654   3.26584    -0.42935   0.27664    31.04897
G-C        0.00000    0.00000    0.00000    0.00000    0.00000    0.00000    -0.52900   -0.91300   3.45600    -1.67700   -11.71400  37.49400
T-A        0.00000    0.00000    0.00000    0.00000    0.00000    0.00000    -0.90500   -1.56500   3.20800    -2.32800   -8.21500   32.14400
G-C        0.00000    0.00000    0.00000    0.00000    0.00000    0.00000    -0.37700   -0.59700   3.22400    -2.12800   -0.61200   39.44800
A-T        0.00000    0.00000    0.00000    0.00000    0.00000    0.00000    0.13400    -1.01800   3.05000    2.61500    -6.07800   32.10400
G-C        0.00000    0.00000    0.00000    0.00000    0.00000    0.00000    0.92900    -0.52800   2.87800    -1.17000   -8.56800   33.48600
C-G        0.00000    0.00000    0.00000    0.00000    0.00000    0.00000    -0.67600   -0.12300   3.12700    12.52000   -5.63700   33.19300
G-C        0.00000    0.00000    0.00000    0.00000    0.00000    0.00000    0.04800    1.55200    5.40900    0.16300    60.14800   13.23700
C-G        0.00000    0.00000    0.00000    0.00000    0.00000    0.00000    0.71600    -0.08700   3.08800    -11.70600  -4.92500   33.30400
T-A        0.00000    0.00000    0.00000    0.00000    0.00000    0.00000    -0.96100   -0.48200   2.89500    0.91000    -7.58900   33.57800
C-G        0.00000    0.00000    0.00000    0.00000    0.00000    0.00000    -0.12000   -0.98200   3.10500    -2.85700   -6.37300   31.80800
A-T        0.00000    0.00000    0.00000    0.00000    0.00000    0.00000    0.32300    -0.59400   3.18200    1.62300    -0.34600   39.45200
C-G        0.00000    0.00000    0.00000    0.00000    0.00000    0.00000    0.92900    -1.59400   3.28000    2.05500    -8.65500   31.92100
A-T        0.00000    0.00000    0.00000    0.00000    0.00000    0.00000    0.27000    -1.09600   3.26800    -0.62400   -9.99700   39.99000
