147 # base pairs
  0 # ***local base-pair & step parameters***
#          Shear      Stretch    Stagger    Buckle     Prop-Tw    Opening    Shift      Slide      Rise       Tilt       Roll       Twist
T-A        0.00000    0.00000    0.00000    0.00000    0.00000    0.00000    0.00000    0.00000    0.00000    0.00000    0.00000    0.00000
G-C        0.00000    0.00000    0.00000    0.00000    0.00000    0.00000    -0.52900   -0.91400   3.45700    -1.68900   -11.71200  37.48600
T-A        0.00000    0.00000    0.00000    0.00000    0.00000    0.00000    -0.90500   -1.56600   3.20600    -2.28600   -8.20700   32.14700
G-C        0.00000    0.00000    0.00000    0.00000    0.00000    0.00000    -0.37800   -0.59600   3.22500    -2.16700   -0.60300   39.43900
A-T        0.00000    0.00000    0.00000    0.00000    0.00000    0.00000    0.13400    -1.01800   3.05000    2.61000    -6.09300   32.09300
G-C        0.00000    0.00000    0.00000    0.00000    0.00000    0.00000    0.92900    -0.52800   2.87800    -1.17000   -8.57000   33.49400
C-G        0.00000    0.00000    0.00000    0.00000    0.00000    0.00000    -0.67600   -0.12200   3.12700    12.55900   -5.64700   33.21100
G-C        0.00000    0.00000    0.00000    0.00000    0.00000    0.00000    0.04900    1.55300    5.41000    0.14200    60.15100   13.21000
C-G        0.00000    0.00000    0.00000    0.00000    0.00000    0.00000    0.71500    -0.08700   3.08800    -11.72400  -4.90600   33.28700
T-A        0.00000    0.00000    0.00000    0.00000    0.00000    0.00000    -0.96000   -0.48500   2.89400    0.89600    -7.58500   33.58500
C-G        0.00000    0.00000    0.00000    0.00000    0.00000    0.00000    -0.12000   -0.98300   3.10600    -2.86200   -6.42300   31.82500
A-T        0.00000    0.00000    0.00000    0.00000    0.00000    0.00000    0.32200    -0.59300   3.18200    1.65600    -0.34900   39.43600
C-G        0.00000    0.00000    0.00000    0.00000    0.00000    0.00000    0.92900    -1.59300   3.28000    2.06100    -8.65300   31.94300
A-T        0.00000    0.00000    0.00000    0.00000    0.00000    0.00000    0.27000    -1.09600   3.26800    -0.64500   -9.98900   39.97000
A-T        0.00000    0.00000    0.00000    0.00000    0.00000    0.00000    -0.11299   -0.15913   3.23410    -1.30623   -0.32345   35.21933
T-A        0.00000    0.00000    0.00000    0.00000    0.00000    0.00000    -0.01936   -0.75272   3.30974    -0.60172   -2.68608   32.58971
T-A        0.00000    0.00000    0.00000    0.00000    0.00000    0.00000    -0.00625   -0.38909   3.26730    -0.62878   -2.18818   36.05669
T-A        0.00000    0.00000    0.00000    0.00000    0.00000    0.00000    -0.02303   -0.19648   3.22735    -0.60108   2.54985    33.70620
A-T        0.00000    0.00000    0.00000    0.00000    0.00000    0.00000    0.04824    0.08899    3.29198    -0.70689   7.00933    32.37485
T-A        0.00000    0.00000    0.00000    0.00000    0.00000    0.00000    -0.01101   -0.72408   3.22616    -0.09912   0.75063    30.52417
T-A        0.00000    0.00000    0.00000    0.00000    0.00000    0.00000    -0.00995   -0.30225   3.25936    0.80470    1.11231    34.00123
C-G        0.00000    0.00000    0.00000    0.00000    0.00000    0.00000    0.04313    -0.06961   3.27752    0.72282    2.37810    35.23627
G-C        0.00000    0.00000    0.00000    0.00000    0.00000    0.00000    0.19197    0.55270    3.32577    1.51994    8.53773    33.49585
C-G        0.00000    0.00000    0.00000    0.00000    0.00000    0.00000    -0.10236   -0.41397   3.24810    -0.70943   3.03096    31.56746
A-T        0.00000    0.00000    0.00000    0.00000    0.00000    0.00000    -0.10057   0.49871    3.28322    -0.51846   2.61963    35.46292
A-T        0.00000    0.00000    0.00000    0.00000    0.00000    0.00000    0.05469    -0.21109   3.27779    0.05839    -0.70127   34.77445
A-T        0.00000    0.00000    0.00000    0.00000    0.00000    0.00000    -0.05141   -0.37185   3.23890    -0.83366   -1.86011   35.47430
G-C        0.00000    0.00000    0.00000    0.00000    0.00000    0.00000    0.01625    -0.46992   3.33785    -0.01418   3.21782    32.20720
G-C        0.00000    0.00000    0.00000    0.00000    0.00000    0.00000    0.01615    -0.38346   3.42194    -0.99914   4.73410    34.17792
C-G        0.00000    0.00000    0.00000    0.00000    0.00000    0.00000    0.00987    -0.46500   3.24338    -0.14728   3.77414    32.90706
C-G        0.00000    0.00000    0.00000    0.00000    0.00000    0.00000    -0.24641   -0.32926   3.32439    -0.49575   5.06280    32.98263
G-C        0.00000    0.00000    0.00000    0.00000    0.00000    0.00000    0.05187    0.21668    3.04937    0.52555    7.14245    29.98021
G-C        0.00000    0.00000    0.00000    0.00000    0.00000    0.00000    0.32278    -0.33030   3.33247    1.30510    4.53800    32.98673
C-G        0.00000    0.00000    0.00000    0.00000    0.00000    0.00000    0.03247    -0.43801   3.24841    0.49352    3.13023    33.15292
C-G        0.00000    0.00000    0.00000    0.00000    0.00000    0.00000    0.21735    -0.38766   3.37883    1.17565    3.53187    33.51961
C-G        0.00000    0.00000    0.00000    0.00000    0.00000    0.00000    0.06902    -0.22523   3.34096    1.94282    3.16266    33.42999
G-C        0.00000    0.00000    0.00000    0.00000    0.00000    0.00000    -0.18452   0.90509    3.29818    -0.87100   3.48390    33.91973
A-T        0.00000    0.00000    0.00000    0.00000    0.00000    0.00000    -0.09878   -0.05496   3.15886    -1.02983   -0.16554   35.72551
C-G        0.00000    0.00000    0.00000    0.00000    0.00000    0.00000    0.15124    -0.51824   3.17404    -0.12864   2.32045    31.06544
A-T        0.00000    0.00000    0.00000    0.00000    0.00000    0.00000    0.03464    -0.10830   3.33309    -0.89077   4.33328    34.86451
C-G        0.00000    0.00000    0.00000    0.00000    0.00000    0.00000    0.20312    -0.52727   3.25286    -0.31515   2.72876    30.43372
G-C        0.00000    0.00000    0.00000    0.00000    0.00000    0.00000    -0.02657   0.46584    3.28450    -0.60305   4.65911    34.96368
A-T        0.00000    0.00000    0.00000    0.00000    0.00000    0.00000    -0.13155   -0.06944   3.15427    -1.27638   0.42122    35.41615
C-G        0.00000    0.00000    0.00000    0.00000    0.00000    0.00000    -0.17481   -0.70960   3.21541    0.31883    3.92145    31.37765
T-A        0.00000    0.00000    0.00000    0.00000    0.00000    0.00000    0.06065    -0.69681   3.52872    -0.23453   3.67609    34.11649
T-A        0.00000    0.00000    0.00000    0.00000    0.00000    0.00000    -0.09237   -0.31512   3.20111    0.40267    1.44109    29.78357
A-T        0.00000    0.00000    0.00000    0.00000    0.00000    0.00000    0.01948    -0.03607   3.30721    0.60196    5.48799    34.46372
C-G        0.00000    0.00000    0.00000    0.00000    0.00000    0.00000    0.06962    -0.68322   3.26557    1.08160    1.48441    31.83155
T-A        0.00000    0.00000    0.00000    0.00000    0.00000    0.00000    -0.03491   -0.50008   3.32816    1.56457    4.45443    31.57157
G-C        0.00000    0.00000    0.00000    0.00000    0.00000    0.00000    0.09157    0.07519    3.34130    -0.64909   4.70766    34.84992
T-A        0.00000    0.00000    0.00000    0.00000    0.00000    0.00000    0.08086    -0.54170   3.16322    -0.13473   1.06049    30.73346
A-T        0.00000    0.00000    0.00000    0.00000    0.00000    0.00000    0.03787    0.27037    3.30747    -0.84795   1.41775    37.13740
G-C        0.00000    0.00000    0.00000    0.00000    0.00000    0.00000    -0.24656   -0.28523   3.22607    -1.97271   4.91752    29.69294
G-C        0.00000    0.00000    0.00000    0.00000    0.00000    0.00000    -0.08285   -0.88441   3.51646    -1.05624   5.43559    32.02123
T-A        0.00000    0.00000    0.00000    0.00000    0.00000    0.00000    0.05500    -0.47907   3.19920    -0.44638   2.64299    30.39570
A-T        0.00000    0.00000    0.00000    0.00000    0.00000    0.00000    -0.01349   -0.68912   3.38809    0.44392    8.09389    33.29832
T-A        0.00000    0.00000    0.00000    0.00000    0.00000    0.00000    -0.07056   -0.69662   3.18952    0.60119    2.16604    29.61037
C-G        0.00000    0.00000    0.00000    0.00000    0.00000    0.00000    0.08876    -0.29352   3.41184    0.87809    2.39681    37.86053
T-A        0.00000    0.00000    0.00000    0.00000    0.00000    0.00000    0.09326    -0.28954   3.28435    1.29476    3.63318    31.84773
C-G        0.00000    0.00000    0.00000    0.00000    0.00000    0.00000    0.29278    0.31712    3.23414    3.40287    1.17302    36.18194
G-C        0.00000    0.00000    0.00000    0.00000    0.00000    0.00000    0.05698    0.64816    3.21754    0.71522    2.78245    32.75630
A-T        0.00000    0.00000    0.00000    0.00000    0.00000    0.00000    -0.15875   0.22365    3.27565    -2.02409   0.36337    36.66962
G-C        0.00000    0.00000    0.00000    0.00000    0.00000    0.00000    0.04812    -0.20708   3.28360    -2.32050   0.82449    32.11690
C-G        0.00000    0.00000    0.00000    0.00000    0.00000    0.00000    -0.10670   -0.51649   3.37501    -1.62904   2.54305    35.15929
T-A        0.00000    0.00000    0.00000    0.00000    0.00000    0.00000    -0.15718   -0.40217   3.30727    -1.71170   5.12824    30.47864
C-G        0.00000    0.00000    0.00000    0.00000    0.00000    0.00000    0.00408    -0.09730   3.32552    0.27112    4.97991    33.54807
G-C        0.00000    0.00000    0.00000    0.00000    0.00000    0.00000    0.27504    0.45531    3.20025    1.35430    7.46006    31.37273
G-C        0.00000    0.00000    0.00000    0.00000    0.00000    0.00000    0.07898    -0.32247   3.31747    0.75862    5.31870    32.47886
G-C        0.00000    0.00000    0.00000    0.00000    0.00000    0.00000    0.18784    -0.33121   3.34849    2.71488    6.68646    32.62889
A-T        0.00000    0.00000    0.00000    0.00000    0.00000    0.00000    -0.00584   -0.26907   3.31909    1.82421    -0.30899   36.73570
T-A        0.00000    0.00000    0.00000    0.00000    0.00000    0.00000    0.02671    -0.61867   3.25736    0.60877    -0.32131   31.54852
C-G        0.00000    0.00000    0.00000    0.00000    0.00000    0.00000    0.09239    -0.31074   3.35584    -0.28021   -2.39574   37.62723
C-G        0.00000    0.00000    0.00000    0.00000    0.00000    0.00000    -0.17278   -0.19706   3.28741    -1.77055   4.29868    31.70036
G-C        0.00000    0.00000    0.00000    0.00000    0.00000    0.00000    -0.29943   0.28813    3.25306    -4.76138   3.87700    35.35176
T-A        0.00000    0.00000    0.00000    0.00000    0.00000    0.00000    -0.28620   -0.66806   3.23827    -3.13929   1.39613    29.90055
C-G        0.00000    0.00000    0.00000    0.00000    0.00000    0.00000    -0.07161   0.03660    3.17000    -0.90021   5.57739    32.36832
A-T        0.00000    0.00000    0.00000    0.00000    0.00000    0.00000    -0.35041   -0.44904   3.38047    1.66636    10.01809   30.50693
T-A        0.00000    0.00000    0.00000    0.00000    0.00000    0.00000    -0.00671   -0.48101   3.17662    0.26878    5.60637    28.36980
G-C        0.00000    0.00000    0.00000    0.00000    0.00000    0.00000    0.09112    -0.27298   3.44053    1.94586    9.40319    33.81081
T-A        0.00000    0.00000    0.00000    0.00000    0.00000    0.00000    0.04410    -0.65694   3.28092    2.13015    1.74749    31.26507
T-A        0.00000    0.00000    0.00000    0.00000    0.00000    0.00000    0.03109    -0.19364   3.19756    2.85189    -1.53670   33.66416
A-T        0.00000    0.00000    0.00000    0.00000    0.00000    0.00000    0.05874    0.34922    3.42726    0.69237    -4.62659   40.71314
T-A        0.00000    0.00000    0.00000    0.00000    0.00000    0.00000    -0.00109   -0.70089   3.18380    -0.25358   -3.35951   29.72912
A-T        0.00000    0.00000    0.00000    0.00000    0.00000    0.00000    -0.07271   0.31868    3.41349    -1.24170   -3.31192   39.87682
A-T        0.00000    0.00000    0.00000    0.00000    0.00000    0.00000    -0.03573   -0.19492   3.18382    -2.88425   -0.25228   33.08997
C-G        0.00000    0.00000    0.00000    0.00000    0.00000    0.00000    -0.10007   -0.71747   3.29159    -2.14388   2.30232    31.95116
G-C        0.00000    0.00000    0.00000    0.00000    0.00000    0.00000    0.07314    0.33011    3.21526    -3.16750   14.36054   28.48113
G-C        0.00000    0.00000    0.00000    0.00000    0.00000    0.00000    0.45483    -0.20939   3.23804    2.28887    9.69746    29.80635
A-T        0.00000    0.00000    0.00000    0.00000    0.00000    0.00000    0.23371    -0.20149   3.22631    2.00859    6.19545    34.14161
C-G        0.00000    0.00000    0.00000    0.00000    0.00000    0.00000    -0.16914   -0.71939   3.20921    1.54834    4.48844    30.90837
T-A        0.00000    0.00000    0.00000    0.00000    0.00000    0.00000    0.13301    -0.76293   3.54745    2.01647    1.45765    33.44060
T-A        0.00000    0.00000    0.00000    0.00000    0.00000    0.00000    0.04265    -0.39109   3.24703    1.66094    -3.79095   35.73022
T-A        0.00000    0.00000    0.00000    0.00000    0.00000    0.00000    -0.05543   -0.41628   3.25214    0.15077    -4.60623   34.96613
A-T        0.00000    0.00000    0.00000    0.00000    0.00000    0.00000    -0.10892   0.82411    3.21133    -0.95677   -8.11285   36.95360
A-T        0.00000    0.00000    0.00000    0.00000    0.00000    0.00000    -0.04370   -0.18926   3.19100    -2.38712   -0.97629   33.34916
C-G        0.00000    0.00000    0.00000    0.00000    0.00000    0.00000    -0.02858   -0.65071   3.27903    -1.65983   1.53136    31.20150
A-T        0.00000    0.00000    0.00000    0.00000    0.00000    0.00000    -0.09212   -0.14630   3.30397    -1.64744   7.04779    32.89857
C-G        0.00000    0.00000    0.00000    0.00000    0.00000    0.00000    0.17475    -0.65553   3.25552    -0.10462   3.29297    30.07734
T-A        0.00000    0.00000    0.00000    0.00000    0.00000    0.00000    0.11217    -0.66338   3.50816    -0.17663   5.66587    33.41356
T-A        0.00000    0.00000    0.00000    0.00000    0.00000    0.00000    0.06144    -0.40454   3.22334    0.75803    0.56534    34.30616
T-A        0.00000    0.00000    0.00000    0.00000    0.00000    0.00000    -0.00359   -0.28252   3.22165    0.62817    0.66604    33.63501
A-T        0.00000    0.00000    0.00000    0.00000    0.00000    0.00000    0.04200    0.11993    3.36266    0.79210    1.15012    36.10443
T-A        0.00000    0.00000    0.00000    0.00000    0.00000    0.00000    -0.10606   -0.75291   3.19197    0.69650    1.05651    27.80503
G-C        0.00000    0.00000    0.00000    0.00000    0.00000    0.00000    0.00941    -0.25416   3.30689    0.30211    5.43143    37.22586
C-G        0.00000    0.00000    0.00000    0.00000    0.00000    0.00000    0.16534    -0.40781   3.25324    -1.60621   1.71071    32.95236
T-A        0.00000    0.00000    0.00000    0.00000    0.00000    0.00000    0.01983    -0.44585   3.39946    0.28783    2.00186    33.87326
T-A        0.00000    0.00000    0.00000    0.00000    0.00000    0.00000    -0.06218   -0.23058   3.18887    -0.79758   2.82787    33.08509
C-G        0.00000    0.00000    0.00000    0.00000    0.00000    0.00000    0.03876    -0.26755   3.27672    -0.64904   4.49304    33.60092
C-G        0.00000    0.00000    0.00000    0.00000    0.00000    0.00000    -0.27301   -0.23087   3.25914    -1.71966   7.76153    30.19321
G-C        0.00000    0.00000    0.00000    0.00000    0.00000    0.00000    0.10683    0.18680    3.03699    0.70722    7.97145    29.15394
G-C        0.00000    0.00000    0.00000    0.00000    0.00000    0.00000    0.40190    -0.36051   3.32258    1.97097    4.96748    32.29516
C-G        0.00000    0.00000    0.00000    0.00000    0.00000    0.00000    0.20650    -0.64193   3.29741    0.82057    2.47227    32.56251
T-A        0.00000    0.00000    0.00000    0.00000    0.00000    0.00000    -0.09374   -0.30165   3.28211    1.10676    2.07720    30.91886
C-G        0.00000    0.00000    0.00000    0.00000    0.00000    0.00000    0.13110    0.11308    3.27636    1.58764    1.97434    34.91730
G-C        0.00000    0.00000    0.00000    0.00000    0.00000    0.00000    -0.03139   0.46878    3.26929    -0.40757   3.18456    34.79562
T-A        0.00000    0.00000    0.00000    0.00000    0.00000    0.00000    0.18005    -0.52700   3.21949    -0.28857   2.17649    31.20352
A-T        0.00000    0.00000    0.00000    0.00000    0.00000    0.00000    -0.01476   -0.56186   3.37213    -0.07202   4.32261    34.16256
T-A        0.00000    0.00000    0.00000    0.00000    0.00000    0.00000    0.01233    -0.71935   3.15253    -0.34912   -0.50349   29.27399
A-T        0.00000    0.00000    0.00000    0.00000    0.00000    0.00000    -0.00396   0.17403    3.31424    0.24091    4.32533    33.75325
A-T        0.00000    0.00000    0.00000    0.00000    0.00000    0.00000    0.03184    -0.35527   3.21527    -0.16548   2.22984    33.36316
T-A        0.00000    0.00000    0.00000    0.00000    0.00000    0.00000    0.01835    -0.69086   3.25867    0.14720    0.39645    30.45729
G-C        0.00000    0.00000    0.00000    0.00000    0.00000    0.00000    -0.00222   -0.36519   3.43348    -0.61675   5.65289    34.19262
T-A        0.00000    0.00000    0.00000    0.00000    0.00000    0.00000    0.06110    -0.52139   3.21472    0.25135    1.33989    28.85630
G-C        0.00000    0.00000    0.00000    0.00000    0.00000    0.00000    -0.01918   -0.17882   3.31885    0.56694    5.28676    33.52831
T-A        0.00000    0.00000    0.00000    0.00000    0.00000    0.00000    -0.16796   -0.52825   3.16573    0.09454    2.75763    30.45809
C-G        0.00000    0.00000    0.00000    0.00000    0.00000    0.00000    0.10225    -0.06222   3.14785    1.17026    0.13734    35.17171
G-C        0.00000    0.00000    0.00000    0.00000    0.00000    0.00000    -0.00589   0.51217    3.23254    0.46787    8.74897    29.58056
A-T        0.00000    0.00000    0.00000    0.00000    0.00000    0.00000    -0.08622   -0.05935   3.15245    -0.82915   0.00151    35.30610
C-G        0.00000    0.00000    0.00000    0.00000    0.00000    0.00000    -0.08030   -0.78478   3.20644    -0.10060   2.39213    31.40248
C-G        0.00000    0.00000    0.00000    0.00000    0.00000    0.00000    0.18285    -0.55507   3.36607    0.61650    6.31870    30.70145
A-T        0.00000    0.00000    0.00000    0.00000    0.00000    0.00000    0.04749    0.57627    3.27632    -0.99582   5.46774    33.37216
A-T        0.00000    0.00000    0.00000    0.00000    0.00000    0.00000    0.08100    -0.24319   3.27384    0.13371    0.02920    33.98267
A-T        0.00000    0.00000    0.00000    0.00000    0.00000    0.00000    0.00778    -0.42412   3.25730    -0.59219   -2.49835   35.73110
T-A        0.00000    0.00000    0.00000    0.00000    0.00000    0.00000    -0.01213   -0.68540   3.25900    -0.31154   0.47446    30.47780
G-C        0.00000    0.00000    0.00000    0.00000    0.00000    0.00000    -0.52900   -0.91300   3.45600    -1.67700   -11.71400  37.49400
T-A        0.00000    0.00000    0.00000    0.00000    0.00000    0.00000    -0.90500   -1.56500   3.20800    -2.32800   -8.21500   32.14400
G-C        0.00000    0.00000    0.00000    0.00000    0.00000    0.00000    -0.37700   -0.59700   3.22400    -2.12800   -0.61200   39.44800
A-T        0.00000    0.00000    0.00000    0.00000    0.00000    0.00000    0.13400    -1.01800   3.05000    2.61500    -6.07800   32.10400
G-C        0.00000    0.00000    0.00000    0.00000    0.00000    0.00000    0.92900    -0.52800   2.87800    -1.17000   -8.56800   33.48600
C-G        0.00000    0.00000    0.00000    0.00000    0.00000    0.00000    -0.67600   -0.12300   3.12700    12.52000   -5.63700   33.19300
G-C        0.00000    0.00000    0.00000    0.00000    0.00000    0.00000    0.04800    1.55200    5.40900    0.16300    60.14800   13.23700
C-G        0.00000    0.00000    0.00000    0.00000    0.00000    0.00000    0.71600    -0.08700   3.08800    -11.70600  -4.92500   33.30400
T-A        0.00000    0.00000    0.00000    0.00000    0.00000    0.00000    -0.96100   -0.48200   2.89500    0.91000    -7.58900   33.57800
C-G        0.00000    0.00000    0.00000    0.00000    0.00000    0.00000    -0.12000   -0.98200   3.10500    -2.85700   -6.37300   31.80800
A-T        0.00000    0.00000    0.00000    0.00000    0.00000    0.00000    0.32300    -0.59400   3.18200    1.62300    -0.34600   39.45200
C-G        0.00000    0.00000    0.00000    0.00000    0.00000    0.00000    0.92900    -1.59400   3.28000    2.05500    -8.65500   31.92100
A-T        0.00000    0.00000    0.00000    0.00000    0.00000    0.00000    0.27000    -1.09600   3.26800    -0.62400   -9.99700   39.99000
