147 # base pairs
  0 # ***local base-pair & step parameters***
#          Shear      Stretch    Stagger    Buckle     Prop-Tw    Opening    Shift      Slide      Rise       Tilt       Roll       Twist
T-A        0.00000    0.00000    0.00000    0.00000    0.00000    0.00000    0.00000    0.00000    0.00000    0.00000    0.00000    0.00000
G-C        0.00000    0.00000    0.00000    0.00000    0.00000    0.00000    -0.52900   -0.91400   3.45700    -1.68900   -11.71200  37.48600
T-A        0.00000    0.00000    0.00000    0.00000    0.00000    0.00000    -0.90500   -1.56600   3.20600    -2.28600   -8.20700   32.14700
G-C        0.00000    0.00000    0.00000    0.00000    0.00000    0.00000    -0.37800   -0.59600   3.22500    -2.16700   -0.60300   39.43900
A-T        0.00000    0.00000    0.00000    0.00000    0.00000    0.00000    0.13400    -1.01800   3.05000    2.61000    -6.09300   32.09300
G-C        0.00000    0.00000    0.00000    0.00000    0.00000    0.00000    0.92900    -0.52800   2.87800    -1.17000   -8.57000   33.49400
C-G        0.00000    0.00000    0.00000    0.00000    0.00000    0.00000    -0.67600   -0.12200   3.12700    12.55900   -5.64700   33.21100
G-C        0.00000    0.00000    0.00000    0.00000    0.00000    0.00000    0.04900    1.55300    5.41000    0.14200    60.15100   13.21000
C-G        0.00000    0.00000    0.00000    0.00000    0.00000    0.00000    0.71500    -0.08700   3.08800    -11.72400  -4.90600   33.28700
T-A        0.00000    0.00000    0.00000    0.00000    0.00000    0.00000    -0.96000   -0.48500   2.89400    0.89600    -7.58500   33.58500
C-G        0.00000    0.00000    0.00000    0.00000    0.00000    0.00000    -0.12000   -0.98300   3.10600    -2.86200   -6.42300   31.82500
A-T        0.00000    0.00000    0.00000    0.00000    0.00000    0.00000    0.32200    -0.59300   3.18200    1.65600    -0.34900   39.43600
C-G        0.00000    0.00000    0.00000    0.00000    0.00000    0.00000    0.92900    -1.59300   3.28000    2.06100    -8.65300   31.94300
A-T        0.00000    0.00000    0.00000    0.00000    0.00000    0.00000    0.27000    -1.09600   3.26800    -0.64500   -9.98900   39.97000
A-T        0.00000    0.00000    0.00000    0.00000    0.00000    0.00000    -0.00309   -0.31677   3.23515    -0.59790   -1.47733   34.35729
T-A        0.00000    0.00000    0.00000    0.00000    0.00000    0.00000    -0.01032   -0.68714   3.21821    -0.57378   -0.06324   29.94858
T-A        0.00000    0.00000    0.00000    0.00000    0.00000    0.00000    -0.03559   -0.28044   3.22528    -0.82769   0.75612    33.74043
T-A        0.00000    0.00000    0.00000    0.00000    0.00000    0.00000    -0.01825   -0.27278   3.22114    -0.59575   1.66607    33.43995
A-T        0.00000    0.00000    0.00000    0.00000    0.00000    0.00000    0.03537    -0.27462   3.30961    -0.13277   8.21719    32.30572
T-A        0.00000    0.00000    0.00000    0.00000    0.00000    0.00000    0.02214    -0.68905   3.20222    0.18228    1.40236    29.45182
T-A        0.00000    0.00000    0.00000    0.00000    0.00000    0.00000    -0.00096   -0.30251   3.22374    0.44424    1.16109    33.44960
C-G        0.00000    0.00000    0.00000    0.00000    0.00000    0.00000    0.08313    -0.15631   3.25809    0.85473    2.40926    34.92482
G-C        0.00000    0.00000    0.00000    0.00000    0.00000    0.00000    0.05308    0.30388    3.30855    1.07160    6.34661    33.00473
C-G        0.00000    0.00000    0.00000    0.00000    0.00000    0.00000    -0.00599   -0.44174   3.27789    0.32261    2.31692    32.54428
A-T        0.00000    0.00000    0.00000    0.00000    0.00000    0.00000    -0.09224   0.17025    3.30749    0.13219    5.00155    34.10638
A-T        0.00000    0.00000    0.00000    0.00000    0.00000    0.00000    0.00907    -0.30157   3.23279    -0.18488   -0.76870   34.25919
A-T        0.00000    0.00000    0.00000    0.00000    0.00000    0.00000    0.01690    -0.29296   3.23088    -0.33159   -0.37088   34.14802
G-C        0.00000    0.00000    0.00000    0.00000    0.00000    0.00000    -0.02349   -0.34211   3.27906    -0.89431   3.76356    30.98718
G-C        0.00000    0.00000    0.00000    0.00000    0.00000    0.00000    -0.00103   -0.36522   3.34467    -0.34570   5.36716    31.96155
C-G        0.00000    0.00000    0.00000    0.00000    0.00000    0.00000    0.01996    -0.46794   3.26330    -0.13853   3.19878    32.19448
C-G        0.00000    0.00000    0.00000    0.00000    0.00000    0.00000    0.02947    -0.41795   3.35013    -0.04892   5.58637    31.75332
G-C        0.00000    0.00000    0.00000    0.00000    0.00000    0.00000    0.01790    0.25435    3.31312    0.16477    7.41856    32.61184
G-C        0.00000    0.00000    0.00000    0.00000    0.00000    0.00000    -0.00064   -0.42601   3.35254    0.23589    5.45471    31.79435
C-G        0.00000    0.00000    0.00000    0.00000    0.00000    0.00000    -0.01320   -0.46855   3.26742    0.16225    3.03744    32.26427
C-G        0.00000    0.00000    0.00000    0.00000    0.00000    0.00000    -0.01419   -0.37917   3.34833    0.19471    5.20095    32.00039
C-G        0.00000    0.00000    0.00000    0.00000    0.00000    0.00000    0.00252    -0.34972   3.34595    0.29838    5.02965    32.12440
G-C        0.00000    0.00000    0.00000    0.00000    0.00000    0.00000    0.02636    0.37968    3.30676    0.55779    6.28565    33.19705
A-T        0.00000    0.00000    0.00000    0.00000    0.00000    0.00000    -0.00722   -0.11558   3.26752    0.16393    1.64964    35.47803
C-G        0.00000    0.00000    0.00000    0.00000    0.00000    0.00000    0.03779    -0.62984   3.25047    0.22677    1.27955    31.03391
A-T        0.00000    0.00000    0.00000    0.00000    0.00000    0.00000    -0.03659   0.16273    3.30905    -0.08017   5.13666    34.13286
C-G        0.00000    0.00000    0.00000    0.00000    0.00000    0.00000    0.03405    -0.64491   3.24916    -0.15474   1.43217    30.95157
G-C        0.00000    0.00000    0.00000    0.00000    0.00000    0.00000    -0.05979   0.28796    3.31127    -1.10474   6.68624    32.93496
A-T        0.00000    0.00000    0.00000    0.00000    0.00000    0.00000    -0.08022   -0.15557   3.25714    -0.77062   2.62411    34.89563
C-G        0.00000    0.00000    0.00000    0.00000    0.00000    0.00000    -0.03256   -0.65535   3.22466    -0.16647   2.64187    30.51745
T-A        0.00000    0.00000    0.00000    0.00000    0.00000    0.00000    -0.00994   -0.37864   3.27305    0.24948    5.01726    30.48129
T-A        0.00000    0.00000    0.00000    0.00000    0.00000    0.00000    -0.03715   -0.27767   3.22085    0.18822    1.69571    33.37273
A-T        0.00000    0.00000    0.00000    0.00000    0.00000    0.00000    0.00372    -0.08648   3.31275    0.79036    6.06082    33.68855
C-G        0.00000    0.00000    0.00000    0.00000    0.00000    0.00000    0.01900    -0.63215   3.23757    1.00898    1.94115    30.81213
T-A        0.00000    0.00000    0.00000    0.00000    0.00000    0.00000    0.07228    -0.33277   3.28377    1.45800    3.02328    31.26022
G-C        0.00000    0.00000    0.00000    0.00000    0.00000    0.00000    0.12509    0.24535    3.30024    0.68353    4.01472    34.73992
T-A        0.00000    0.00000    0.00000    0.00000    0.00000    0.00000    0.02341    -0.63814   3.26958    -0.21184   0.38830    31.37369
A-T        0.00000    0.00000    0.00000    0.00000    0.00000    0.00000    -0.00094   0.24687    3.33303    -0.83526   -0.50620   37.45042
G-C        0.00000    0.00000    0.00000    0.00000    0.00000    0.00000    -0.04648   -0.38066   3.28638    -1.90796   3.24638    31.17600
G-C        0.00000    0.00000    0.00000    0.00000    0.00000    0.00000    -0.17383   -0.41243   3.34922    -1.90290   5.68116    31.83433
T-A        0.00000    0.00000    0.00000    0.00000    0.00000    0.00000    -0.04563   -0.66248   3.21455    -1.07423   3.26238    30.29722
A-T        0.00000    0.00000    0.00000    0.00000    0.00000    0.00000    -0.05250   -0.46689   3.30263    -0.36417   10.90831   30.68048
T-A        0.00000    0.00000    0.00000    0.00000    0.00000    0.00000    -0.01752   -0.67713   3.18958    0.30241    2.27486    29.17277
C-G        0.00000    0.00000    0.00000    0.00000    0.00000    0.00000    0.10969    -0.11571   3.24086    1.45622    3.76505    34.48435
T-A        0.00000    0.00000    0.00000    0.00000    0.00000    0.00000    0.06317    -0.34293   3.27174    2.37126    4.09105    30.87798
C-G        0.00000    0.00000    0.00000    0.00000    0.00000    0.00000    0.16904    -0.11613   3.26455    1.84084    0.96243    35.58849
G-C        0.00000    0.00000    0.00000    0.00000    0.00000    0.00000    0.14506    0.46361    3.29623    1.71564    3.34818    34.23552
A-T        0.00000    0.00000    0.00000    0.00000    0.00000    0.00000    -0.03643   -0.13923   3.28629    -0.33586   -0.60638   36.29580
G-C        0.00000    0.00000    0.00000    0.00000    0.00000    0.00000    -0.04556   -0.36463   3.29492    -1.89107   1.66823    31.65889
C-G        0.00000    0.00000    0.00000    0.00000    0.00000    0.00000    -0.15976   -0.45004   3.27805    -2.17825   2.34615    32.55416
T-A        0.00000    0.00000    0.00000    0.00000    0.00000    0.00000    -0.02035   -0.37993   3.27736    -1.96327   4.70664    30.49307
C-G        0.00000    0.00000    0.00000    0.00000    0.00000    0.00000    -0.10090   -0.14853   3.24194    -1.44000   4.71067    34.15815
T-A        0.00000    0.00000    0.00000    0.00000    0.00000    0.00000    -0.01619   -0.38262   3.25231    0.08581    7.11131    29.70938
C-G        0.00000    0.00000    0.00000    0.00000    0.00000    0.00000    0.07959    -0.12433   3.22674    1.08630    5.26462    33.83167
A-T        0.00000    0.00000    0.00000    0.00000    0.00000    0.00000    0.04359    -0.02027   3.32883    2.60617    8.53928    32.29530
T-A        0.00000    0.00000    0.00000    0.00000    0.00000    0.00000    0.01514    -0.68658   3.21357    1.28866    0.27500    29.91334
G-C        0.00000    0.00000    0.00000    0.00000    0.00000    0.00000    0.19688    0.28734    3.29007    2.37593    3.34705    35.14196
T-A        0.00000    0.00000    0.00000    0.00000    0.00000    0.00000    0.01892    -0.62709   3.28938    0.60077    -0.83418   31.76399
T-A        0.00000    0.00000    0.00000    0.00000    0.00000    0.00000    -0.02843   -0.36463   3.24921    -0.29053   -4.46207   35.52440
A-T        0.00000    0.00000    0.00000    0.00000    0.00000    0.00000    -0.08207   0.44206    3.33726    -2.08471   -3.20609   39.21049
T-A        0.00000    0.00000    0.00000    0.00000    0.00000    0.00000    -0.01802   -0.69263   3.21896    -1.41474   0.03437    30.18608
A-T        0.00000    0.00000    0.00000    0.00000    0.00000    0.00000    -0.11426   -0.30494   3.31001    -2.49374   8.92041    32.32842
A-T        0.00000    0.00000    0.00000    0.00000    0.00000    0.00000    -0.01022   -0.23769   3.20562    -0.87133   4.46902    32.58969
C-G        0.00000    0.00000    0.00000    0.00000    0.00000    0.00000    -0.02238   -0.64793   3.17180    0.28276    5.11365    29.83561
G-C        0.00000    0.00000    0.00000    0.00000    0.00000    0.00000    0.19653    0.16953    3.31857    2.77554    11.22590   31.47500
G-C        0.00000    0.00000    0.00000    0.00000    0.00000    0.00000    0.30762    -0.43008   3.34098    3.46776    6.73740    31.65871
A-T        0.00000    0.00000    0.00000    0.00000    0.00000    0.00000    0.17517    -0.14084   3.28124    2.70462    1.39496    35.96708
G-C        0.00000    0.00000    0.00000    0.00000    0.00000    0.00000    -0.01166   -0.33800   3.31050    1.81939    0.90299    32.22220
G-C        0.00000    0.00000    0.00000    0.00000    0.00000    0.00000    0.00722    -0.28384   3.37008    0.53872    1.37924    33.75621
G-C        0.00000    0.00000    0.00000    0.00000    0.00000    0.00000    -0.17356   -0.26277   3.36674    -1.53102   1.53651    33.75945
A-T        0.00000    0.00000    0.00000    0.00000    0.00000    0.00000    -0.21246   -0.12119   3.27508    -2.43119   0.09195    36.22606
T-A        0.00000    0.00000    0.00000    0.00000    0.00000    0.00000    -0.01886   -0.68503   3.21566    -1.39683   0.29086    30.18650
C-G        0.00000    0.00000    0.00000    0.00000    0.00000    0.00000    -0.14454   -0.11989   3.25564    -2.21476   4.15731    35.01056
C-G        0.00000    0.00000    0.00000    0.00000    0.00000    0.00000    -0.12541   -0.43256   3.33020    -1.46858   8.47668    31.24402
G-C        0.00000    0.00000    0.00000    0.00000    0.00000    0.00000    0.08063    0.15784    3.32851    0.87520    11.65900   31.60678
C-G        0.00000    0.00000    0.00000    0.00000    0.00000    0.00000    0.16390    -0.51874   3.24143    1.88962    4.91727    31.94938
T-A        0.00000    0.00000    0.00000    0.00000    0.00000    0.00000    0.08506    -0.37207   3.27824    3.08015    4.76756    31.21328
T-A        0.00000    0.00000    0.00000    0.00000    0.00000    0.00000    0.01837    -0.31881   3.23732    1.73910    -1.43224   34.83435
T-A        0.00000    0.00000    0.00000    0.00000    0.00000    0.00000    -0.01176   -0.34758   3.24638    1.11197    -3.43519   35.38770
A-T        0.00000    0.00000    0.00000    0.00000    0.00000    0.00000    -0.04155   0.63729    3.34619    -0.13196   -5.87372   40.93466
A-T        0.00000    0.00000    0.00000    0.00000    0.00000    0.00000    -0.01881   -0.32658   3.24473    -1.16459   -3.04320   35.32574
C-G        0.00000    0.00000    0.00000    0.00000    0.00000    0.00000    -0.05549   -0.61519   3.25128    -1.45056   1.15393    31.44650
A-T        0.00000    0.00000    0.00000    0.00000    0.00000    0.00000    -0.18192   0.15139    3.32074    -2.14669   6.99147    33.90984
C-G        0.00000    0.00000    0.00000    0.00000    0.00000    0.00000    -0.00968   -0.62882   3.20233    -0.75167   3.63597    30.47720
T-A        0.00000    0.00000    0.00000    0.00000    0.00000    0.00000    0.05370    -0.35969   3.26573    0.12084    6.47149    30.34427
T-A        0.00000    0.00000    0.00000    0.00000    0.00000    0.00000    0.01476    -0.25721   3.21488    0.46682    3.21044    33.09740
T-A        0.00000    0.00000    0.00000    0.00000    0.00000    0.00000    0.01917    -0.28335   3.22135    1.03690    1.84884    33.48606
A-T        0.00000    0.00000    0.00000    0.00000    0.00000    0.00000    0.07278    -0.06079   3.32666    1.72356    3.99659    34.98160
T-A        0.00000    0.00000    0.00000    0.00000    0.00000    0.00000    -0.00543   -0.70382   3.23072    0.69803    -0.76244   30.35440
G-C        0.00000    0.00000    0.00000    0.00000    0.00000    0.00000    0.05702    0.22622    3.30167    0.60485    3.45944    35.07202
C-G        0.00000    0.00000    0.00000    0.00000    0.00000    0.00000    -0.05728   -0.40419   3.29782    -0.34345   1.26366    33.15243
T-A        0.00000    0.00000    0.00000    0.00000    0.00000    0.00000    -0.00132   -0.32957   3.29623    -0.68954   2.24810    31.66758
T-A        0.00000    0.00000    0.00000    0.00000    0.00000    0.00000    -0.05135   -0.28786   3.23296    -0.94367   -0.48910   34.43379
C-G        0.00000    0.00000    0.00000    0.00000    0.00000    0.00000    -0.05142   -0.11390   3.26404    -1.11048   2.71390    35.32591
C-G        0.00000    0.00000    0.00000    0.00000    0.00000    0.00000    -0.04136   -0.38172   3.34192    -0.89731   6.41174    31.81189
G-C        0.00000    0.00000    0.00000    0.00000    0.00000    0.00000    0.03399    0.24744    3.32190    0.02853    8.89603    32.40508
G-C        0.00000    0.00000    0.00000    0.00000    0.00000    0.00000    0.10984    -0.43246   3.34926    0.89572    6.40876    31.74072
C-G        0.00000    0.00000    0.00000    0.00000    0.00000    0.00000    0.08491    -0.48366   3.26831    0.96852    3.36054    32.37321
T-A        0.00000    0.00000    0.00000    0.00000    0.00000    0.00000    0.04075    -0.37913   3.28949    1.37832    3.66825    31.25089
C-G        0.00000    0.00000    0.00000    0.00000    0.00000    0.00000    0.06041    -0.14283   3.27370    0.70855    1.40146    35.69652
G-C        0.00000    0.00000    0.00000    0.00000    0.00000    0.00000    -0.01001   0.37627    3.31527    0.29788    5.25401    33.81446
T-A        0.00000    0.00000    0.00000    0.00000    0.00000    0.00000    -0.04690   -0.63384   3.26077    -0.32892   1.01068    31.35358
A-T        0.00000    0.00000    0.00000    0.00000    0.00000    0.00000    -0.03981   0.25676    3.33082    -0.50198   1.25916    36.99464
T-A        0.00000    0.00000    0.00000    0.00000    0.00000    0.00000    -0.00053   -0.68339   3.21912    -0.30914   0.10578    30.17014
A-T        0.00000    0.00000    0.00000    0.00000    0.00000    0.00000    0.00450    0.08100    3.32555    -0.50049   3.92211    35.46607
A-T        0.00000    0.00000    0.00000    0.00000    0.00000    0.00000    0.03627    -0.27889   3.22838    -0.19007   0.73899    34.03730
T-A        0.00000    0.00000    0.00000    0.00000    0.00000    0.00000    0.02085    -0.68884   3.21213    -0.06229   0.78651    29.91599
G-C        0.00000    0.00000    0.00000    0.00000    0.00000    0.00000    0.09754    0.02934    3.33092    -0.03301   6.86332    33.56990
T-A        0.00000    0.00000    0.00000    0.00000    0.00000    0.00000    0.00719    -0.65748   3.24022    -0.03909   2.17832    30.98991
G-C        0.00000    0.00000    0.00000    0.00000    0.00000    0.00000    0.06652    0.05430    3.32774    0.15512    6.39876    33.82231
T-A        0.00000    0.00000    0.00000    0.00000    0.00000    0.00000    -0.02984   -0.64758   3.24558    0.01502    1.86602    31.11130
C-G        0.00000    0.00000    0.00000    0.00000    0.00000    0.00000    0.02133    -0.12415   3.26954    0.29125    2.02958    35.58083
G-C        0.00000    0.00000    0.00000    0.00000    0.00000    0.00000    0.00260    0.37581    3.31796    0.35497    6.27777    33.55150
A-T        0.00000    0.00000    0.00000    0.00000    0.00000    0.00000    -0.01962   -0.10946   3.27190    0.09179    1.72576    35.75335
C-G        0.00000    0.00000    0.00000    0.00000    0.00000    0.00000    0.02235    -0.62722   3.25219    0.25120    1.39621    31.30136
C-G        0.00000    0.00000    0.00000    0.00000    0.00000    0.00000    0.04843    -0.32423   3.35402    0.03712    4.46735    32.65928
A-T        0.00000    0.00000    0.00000    0.00000    0.00000    0.00000    -0.03930   0.15931    3.31734    -0.14517   5.28810    34.41375
A-T        0.00000    0.00000    0.00000    0.00000    0.00000    0.00000    0.03066    -0.30518   3.23412    -0.33148   -0.36460   34.38157
A-T        0.00000    0.00000    0.00000    0.00000    0.00000    0.00000    0.01727    -0.30271   3.23183    -0.42690   0.14993    34.21377
T-A        0.00000    0.00000    0.00000    0.00000    0.00000    0.00000    -0.00864   -0.69343   3.21379    -0.30063   0.74610    29.97004
G-C        0.00000    0.00000    0.00000    0.00000    0.00000    0.00000    -0.52900   -0.91300   3.45600    -1.67700   -11.71400  37.49400
T-A        0.00000    0.00000    0.00000    0.00000    0.00000    0.00000    -0.90500   -1.56500   3.20800    -2.32800   -8.21500   32.14400
G-C        0.00000    0.00000    0.00000    0.00000    0.00000    0.00000    -0.37700   -0.59700   3.22400    -2.12800   -0.61200   39.44800
A-T        0.00000    0.00000    0.00000    0.00000    0.00000    0.00000    0.13400    -1.01800   3.05000    2.61500    -6.07800   32.10400
G-C        0.00000    0.00000    0.00000    0.00000    0.00000    0.00000    0.92900    -0.52800   2.87800    -1.17000   -8.56800   33.48600
C-G        0.00000    0.00000    0.00000    0.00000    0.00000    0.00000    -0.67600   -0.12300   3.12700    12.52000   -5.63700   33.19300
G-C        0.00000    0.00000    0.00000    0.00000    0.00000    0.00000    0.04800    1.55200    5.40900    0.16300    60.14800   13.23700
C-G        0.00000    0.00000    0.00000    0.00000    0.00000    0.00000    0.71600    -0.08700   3.08800    -11.70600  -4.92500   33.30400
T-A        0.00000    0.00000    0.00000    0.00000    0.00000    0.00000    -0.96100   -0.48200   2.89500    0.91000    -7.58900   33.57800
C-G        0.00000    0.00000    0.00000    0.00000    0.00000    0.00000    -0.12000   -0.98200   3.10500    -2.85700   -6.37300   31.80800
A-T        0.00000    0.00000    0.00000    0.00000    0.00000    0.00000    0.32300    -0.59400   3.18200    1.62300    -0.34600   39.45200
C-G        0.00000    0.00000    0.00000    0.00000    0.00000    0.00000    0.92900    -1.59400   3.28000    2.05500    -8.65500   31.92100
A-T        0.00000    0.00000    0.00000    0.00000    0.00000    0.00000    0.27000    -1.09600   3.26800    -0.62400   -9.99700   39.99000
