147 # base pairs
  0 # ***local base-pair & step parameters***
#          Shear      Stretch    Stagger    Buckle     Prop-Tw    Opening    Shift      Slide      Rise       Tilt       Roll       Twist
A-T        0.00000    0.00000    0.00000    0.00000    0.00000    0.00000    0.00000    0.00000    0.00000    0.00000    0.00000    0.00000
G-C        0.00000    0.00000    0.00000    0.00000    0.00000    0.00000    -0.27100   -1.09500   3.26800    0.63200    -9.98900   39.97400
T-A        0.00000    0.00000    0.00000    0.00000    0.00000    0.00000    -0.92900   -1.59400   3.27900    -2.06100   -8.63900   31.93600
G-C        0.00000    0.00000    0.00000    0.00000    0.00000    0.00000    -0.32200   -0.59300   3.18200    -1.67200   -0.37400   39.43800
A-T        0.00000    0.00000    0.00000    0.00000    0.00000    0.00000    0.12100    -0.98400   3.10400    2.85600    -6.40100   31.82500
G-C        0.00000    0.00000    0.00000    0.00000    0.00000    0.00000    0.96000    -0.48500   2.89700    -0.88600   -7.60300   33.57600
C-G        0.00000    0.00000    0.00000    0.00000    0.00000    0.00000    -0.71600   -0.08700   3.08600    11.72100   -4.90400   33.29400
G-C        0.00000    0.00000    0.00000    0.00000    0.00000    0.00000    -0.04900   1.55300    5.41100    -0.15300   60.13400   13.21100
C-G        0.00000    0.00000    0.00000    0.00000    0.00000    0.00000    0.67500    -0.12200   3.12500    -12.52100  -5.64000   33.20500
T-A        0.00000    0.00000    0.00000    0.00000    0.00000    0.00000    -0.92800   -0.52700   2.87800    1.17200    -8.55900   33.49500
C-G        0.00000    0.00000    0.00000    0.00000    0.00000    0.00000    -0.13300   -1.01800   3.05100    -2.62600   -6.07500   32.10600
A-T        0.00000    0.00000    0.00000    0.00000    0.00000    0.00000    0.37700    -0.59600   3.22300    2.15700    -0.58600   39.43900
C-G        0.00000    0.00000    0.00000    0.00000    0.00000    0.00000    0.90400    -1.56400   3.20700    2.30100    -8.21100   32.14900
A-T        0.00000    0.00000    0.00000    0.00000    0.00000    0.00000    0.52900    -0.91300   3.45700    1.67600    -11.71500  37.48500
A-T        0.00000    0.00000    0.00000    0.00000    0.00000    0.00000    -0.03892   -0.30057   3.24181    -1.79307   -1.66019   35.35358
T-A        0.00000    0.00000    0.00000    0.00000    0.00000    0.00000    -0.03109   -0.67741   3.21266    -1.26491   0.91488    30.36957
T-A        0.00000    0.00000    0.00000    0.00000    0.00000    0.00000    -0.05841   -0.21397   3.21924    -1.36466   3.34558    33.96900
T-A        0.00000    0.00000    0.00000    0.00000    0.00000    0.00000    -0.02236   -0.19649   3.21385    -0.39536   4.42414    33.61630
A-T        0.00000    0.00000    0.00000    0.00000    0.00000    0.00000    0.06747    -0.31426   3.32375    1.13096    11.27275   32.54733
T-A        0.00000    0.00000    0.00000    0.00000    0.00000    0.00000    0.03006    -0.67111   3.20440    1.09484    1.67593    30.23578
T-A        0.00000    0.00000    0.00000    0.00000    0.00000    0.00000    0.04303    -0.27672   3.23709    1.81572    -0.36928   35.12538
C-G        0.00000    0.00000    0.00000    0.00000    0.00000    0.00000    0.19181    -0.12691   3.29142    2.09331    -0.14916   36.92233
G-C        0.00000    0.00000    0.00000    0.00000    0.00000    0.00000    0.08415    0.47802    3.32545    1.18273    1.93612    35.79326
C-G        0.00000    0.00000    0.00000    0.00000    0.00000    0.00000    -0.08478   -0.38605   3.33210    -0.92003   0.21674    34.25190
A-T        0.00000    0.00000    0.00000    0.00000    0.00000    0.00000    -0.20493   0.30528    3.31079    -2.37791   3.07912    36.30432
A-T        0.00000    0.00000    0.00000    0.00000    0.00000    0.00000    -0.04103   -0.26925   3.23498    -1.75483   -0.07428   34.96387
A-T        0.00000    0.00000    0.00000    0.00000    0.00000    0.00000    -0.02828   -0.22631   3.22350    -1.31469   2.40681    34.25338
G-C        0.00000    0.00000    0.00000    0.00000    0.00000    0.00000    -0.03337   -0.33272   3.27515    -1.29400   6.77452    31.29694
G-C        0.00000    0.00000    0.00000    0.00000    0.00000    0.00000    0.10344    -0.38131   3.34152    0.85568    8.05563    32.13735
C-G        0.00000    0.00000    0.00000    0.00000    0.00000    0.00000    0.16611    -0.49429   3.26158    1.85863    4.38812    32.72535
C-G        0.00000    0.00000    0.00000    0.00000    0.00000    0.00000    0.30429    -0.31414   3.36027    3.12852    5.28264    33.27729
G-C        0.00000    0.00000    0.00000    0.00000    0.00000    0.00000    0.28729    0.40372    3.34127    3.80952    4.45593    35.20794
G-C        0.00000    0.00000    0.00000    0.00000    0.00000    0.00000    0.09863    -0.30349   3.38725    1.31182    2.15965    34.46089
C-G        0.00000    0.00000    0.00000    0.00000    0.00000    0.00000    -0.03222   -0.38715   3.34047    -0.27500   0.19204    34.60083
C-G        0.00000    0.00000    0.00000    0.00000    0.00000    0.00000    -0.17094   -0.30168   3.38282    -1.86259   2.57342    34.31596
C-G        0.00000    0.00000    0.00000    0.00000    0.00000    0.00000    -0.26775   -0.32913   3.37081    -2.83664   4.16333    33.65802
G-C        0.00000    0.00000    0.00000    0.00000    0.00000    0.00000    -0.28836   0.33388    3.34386    -3.80817   7.74184    33.91887
A-T        0.00000    0.00000    0.00000    0.00000    0.00000    0.00000    -0.11262   -0.08863   3.25366    -1.32500   4.40482    35.38408
C-G        0.00000    0.00000    0.00000    0.00000    0.00000    0.00000    -0.01087   -0.63439   3.20436    0.21243    4.18550    31.08015
A-T        0.00000    0.00000    0.00000    0.00000    0.00000    0.00000    0.02648    0.03027    3.35454    1.50527    8.94933    33.58338
C-G        0.00000    0.00000    0.00000    0.00000    0.00000    0.00000    0.06383    -0.65172   3.24176    1.71006    2.68622    31.63243
G-C        0.00000    0.00000    0.00000    0.00000    0.00000    0.00000    0.28992    0.36785    3.34345    3.79816    5.63514    34.73128
A-T        0.00000    0.00000    0.00000    0.00000    0.00000    0.00000    0.08415    -0.13211   3.31025    1.41011    -0.23368   37.42377
C-G        0.00000    0.00000    0.00000    0.00000    0.00000    0.00000    0.00900    -0.64910   3.30916    0.37476    -0.64429   32.83904
T-A        0.00000    0.00000    0.00000    0.00000    0.00000    0.00000    0.00192    -0.33117   3.33004    -0.65696   0.95878    33.29586
T-A        0.00000    0.00000    0.00000    0.00000    0.00000    0.00000    -0.07027   -0.28912   3.24807    -1.26077   -1.93958   35.96436
A-T        0.00000    0.00000    0.00000    0.00000    0.00000    0.00000    -0.11372   0.23183    3.35211    -1.99584   2.69607    37.93581
C-G        0.00000    0.00000    0.00000    0.00000    0.00000    0.00000    -0.06328   -0.62622   3.22721    -0.88053   3.16037    31.74438
T-A        0.00000    0.00000    0.00000    0.00000    0.00000    0.00000    0.01295    -0.32105   3.28992    -0.07844   6.12263    31.86236
G-C        0.00000    0.00000    0.00000    0.00000    0.00000    0.00000    0.12909    0.08431    3.35677    0.67032    8.69389    34.22931
T-A        0.00000    0.00000    0.00000    0.00000    0.00000    0.00000    0.07936    -0.63272   3.23336    0.96984    2.91845    31.84052
A-T        0.00000    0.00000    0.00000    0.00000    0.00000    0.00000    0.11218    0.23863    3.35622    1.92132    1.89178    38.31880
G-C        0.00000    0.00000    0.00000    0.00000    0.00000    0.00000    0.01107    -0.33354   3.32686    1.32176    1.96773    33.11768
G-C        0.00000    0.00000    0.00000    0.00000    0.00000    0.00000    0.04317    -0.30216   3.38696    0.69166    2.47065    34.42822
T-A        0.00000    0.00000    0.00000    0.00000    0.00000    0.00000    -0.03230   -0.64842   3.30683    -0.52344   -0.38172   32.91023
A-T        0.00000    0.00000    0.00000    0.00000    0.00000    0.00000    -0.08937   0.55229    3.36998    -1.43407   -3.03292   41.30791
T-A        0.00000    0.00000    0.00000    0.00000    0.00000    0.00000    -0.02693   -0.68115   3.23066    -0.90170   -0.12107   31.14377
C-G        0.00000    0.00000    0.00000    0.00000    0.00000    0.00000    -0.10782   -0.09126   3.28675    -1.49673   2.98274    36.62823
T-A        0.00000    0.00000    0.00000    0.00000    0.00000    0.00000    0.00263    -0.31534   3.29958    -0.32776   5.62304    32.31342
C-G        0.00000    0.00000    0.00000    0.00000    0.00000    0.00000    0.04533    -0.08332   3.27007    0.38942    4.04000    36.10812
G-C        0.00000    0.00000    0.00000    0.00000    0.00000    0.00000    0.17883    0.31670    3.36386    2.26415    8.30789    34.29421
A-T        0.00000    0.00000    0.00000    0.00000    0.00000    0.00000    0.12345    -0.10441   3.29756    1.69337    2.04543    37.01874
G-C        0.00000    0.00000    0.00000    0.00000    0.00000    0.00000    0.01535    -0.32515   3.32962    1.24940    2.33361    33.35759
C-G        0.00000    0.00000    0.00000    0.00000    0.00000    0.00000    0.06968    -0.40923   3.33438    0.82192    0.95937    34.58046
T-A        0.00000    0.00000    0.00000    0.00000    0.00000    0.00000    0.02767    -0.32589   3.33711    0.13182    1.16996    33.75543
C-G        0.00000    0.00000    0.00000    0.00000    0.00000    0.00000    -0.07128   -0.11390   3.31431    -1.11704   0.06555    37.75687
G-C        0.00000    0.00000    0.00000    0.00000    0.00000    0.00000    -0.22914   0.39833    3.35821    -2.94388   5.52430    35.31845
G-C        0.00000    0.00000    0.00000    0.00000    0.00000    0.00000    -0.20237   -0.29419   3.36484    -2.07511   5.54320    33.66718
G-C        0.00000    0.00000    0.00000    0.00000    0.00000    0.00000    -0.10961   -0.31614   3.35745    -1.19498   6.57611    33.23362
A-T        0.00000    0.00000    0.00000    0.00000    0.00000    0.00000    -0.00450   -0.08498   3.27028    0.05172    4.03716    36.04119
T-A        0.00000    0.00000    0.00000    0.00000    0.00000    0.00000    0.01637    -0.66755   3.20879    0.51087    1.56581    30.52491
C-G        0.00000    0.00000    0.00000    0.00000    0.00000    0.00000    0.15432    -0.09559   3.27803    1.67963    2.49593    36.48198
C-G        0.00000    0.00000    0.00000    0.00000    0.00000    0.00000    0.22696    -0.28528   3.37550    2.22413    4.00507    34.10147
G-C        0.00000    0.00000    0.00000    0.00000    0.00000    0.00000    0.13946    0.43724    3.35171    1.79659    3.71457    35.84708
C-G        0.00000    0.00000    0.00000    0.00000    0.00000    0.00000    0.00176    -0.40496   3.33562    0.02107    0.79903    34.56957
T-A        0.00000    0.00000    0.00000    0.00000    0.00000    0.00000    0.00552    -0.32690   3.33349    -0.64694   1.55774    33.51840
T-A        0.00000    0.00000    0.00000    0.00000    0.00000    0.00000    -0.05989   -0.27250   3.24816    -1.08658   -1.35238   36.09072
T-A        0.00000    0.00000    0.00000    0.00000    0.00000    0.00000    -0.05885   -0.23949   3.24016    -1.15207   0.40259    35.62050
A-T        0.00000    0.00000    0.00000    0.00000    0.00000    0.00000    -0.06032   0.07096    3.35337    -0.99936   5.90339    36.70768
A-T        0.00000    0.00000    0.00000    0.00000    0.00000    0.00000    0.01251    -0.20372   3.22981    0.04850    2.44913    34.95270
C-G        0.00000    0.00000    0.00000    0.00000    0.00000    0.00000    0.01026    -0.63881   3.23870    0.85389    3.09415    32.07677
A-T        0.00000    0.00000    0.00000    0.00000    0.00000    0.00000    0.05171    0.17787    3.35305    1.66682    6.43866    35.48421
C-G        0.00000    0.00000    0.00000    0.00000    0.00000    0.00000    0.05178    -0.64758   3.28025    1.37773    1.23628    32.74004
T-A        0.00000    0.00000    0.00000    0.00000    0.00000    0.00000    0.07723    -0.32152   3.33089    1.60033    1.91127    33.67082
T-A        0.00000    0.00000    0.00000    0.00000    0.00000    0.00000    -0.00890   -0.30002   3.25818    0.29816    -3.25884   36.81451
T-A        0.00000    0.00000    0.00000    0.00000    0.00000    0.00000    -0.03429   -0.29715   3.25741    -0.40189   -3.05142   36.76924
A-T        0.00000    0.00000    0.00000    0.00000    0.00000    0.00000    -0.07904   0.52332    3.37751    -1.39017   -2.15812   41.44115
T-A        0.00000    0.00000    0.00000    0.00000    0.00000    0.00000    -0.02353   -0.67864   3.23072    -0.78123   0.10364    31.33238
G-C        0.00000    0.00000    0.00000    0.00000    0.00000    0.00000    -0.03422   0.16123    3.36028    -1.37306   6.99113    35.49383
C-G        0.00000    0.00000    0.00000    0.00000    0.00000    0.00000    -0.04709   -0.48211   3.28414    -0.47693   4.03739    33.61659
T-A        0.00000    0.00000    0.00000    0.00000    0.00000    0.00000    0.02872    -0.31136   3.30471    0.93551    5.50249    32.73299
T-A        0.00000    0.00000    0.00000    0.00000    0.00000    0.00000    0.01606    -0.21594   3.23640    0.85837    1.28295    35.49303
C-G        0.00000    0.00000    0.00000    0.00000    0.00000    0.00000    0.15783    -0.08793   3.29130    1.73224    1.70028    37.17916
T-A        0.00000    0.00000    0.00000    0.00000    0.00000    0.00000    0.08574    -0.31657   3.32964    1.86765    2.13138    33.70280
C-G        0.00000    0.00000    0.00000    0.00000    0.00000    0.00000    0.08113    -0.11045   3.31577    0.64914    -0.50977   38.04242
A-T        0.00000    0.00000    0.00000    0.00000    0.00000    0.00000    -0.07542   0.35322    3.32794    -0.70466   2.24847    37.59162
T-A        0.00000    0.00000    0.00000    0.00000    0.00000    0.00000    -0.01685   -0.69288   3.24853    -0.68723   -1.33191   31.74506
G-C        0.00000    0.00000    0.00000    0.00000    0.00000    0.00000    -0.07616   0.21470    3.34811    -1.93159   5.05629    36.16976
T-A        0.00000    0.00000    0.00000    0.00000    0.00000    0.00000    -0.04335   -0.64760   3.25339    -1.36586   2.56096    32.35624
T-A        0.00000    0.00000    0.00000    0.00000    0.00000    0.00000    -0.03958   -0.20141   3.23061    -0.65063   2.45962    35.08509
A-T        0.00000    0.00000    0.00000    0.00000    0.00000    0.00000    0.00754    -0.01416   3.35106    0.30126    7.70721    35.92318
T-A        0.00000    0.00000    0.00000    0.00000    0.00000    0.00000    0.01344    -0.66431   3.21227    0.63010    1.45312    30.83416
A-T        0.00000    0.00000    0.00000    0.00000    0.00000    0.00000    0.10293    0.30684    3.36382    1.81978    2.18862    39.00105
A-T        0.00000    0.00000    0.00000    0.00000    0.00000    0.00000    0.06605    -0.27249   3.25096    1.20865    -1.83667   36.38877
C-G        0.00000    0.00000    0.00000    0.00000    0.00000    0.00000    0.04801    -0.64797   3.30977    0.90338    -0.31734   33.15603
G-C        0.00000    0.00000    0.00000    0.00000    0.00000    0.00000    -0.01553   0.47498    3.35147    -0.31395   2.49093    36.41792
G-C        0.00000    0.00000    0.00000    0.00000    0.00000    0.00000    -0.18916   -0.27341   3.38724    -1.88927   2.67431    34.70226
A-T        0.00000    0.00000    0.00000    0.00000    0.00000    0.00000    -0.18538   -0.10669   3.29172    -2.05687   1.15820    37.11037
C-G        0.00000    0.00000    0.00000    0.00000    0.00000    0.00000    -0.08798   -0.63348   3.24566    -1.22465   2.47010    32.23252
G-C        0.00000    0.00000    0.00000    0.00000    0.00000    0.00000    -0.17096   0.28399    3.36468    -2.12765   9.32731    33.90168
G-C        0.00000    0.00000    0.00000    0.00000    0.00000    0.00000    -0.00435   -0.33984   3.35202    -0.04832   7.52705    32.92462
C-G        0.00000    0.00000    0.00000    0.00000    0.00000    0.00000    0.09533    -0.48835   3.27054    1.17800    4.39090    33.18761
T-A        0.00000    0.00000    0.00000    0.00000    0.00000    0.00000    0.08251    -0.31670   3.30126    2.50576    4.72398    32.62741
C-G        0.00000    0.00000    0.00000    0.00000    0.00000    0.00000    0.19996    -0.09419   3.28930    2.21873    1.19035    37.09361
G-C        0.00000    0.00000    0.00000    0.00000    0.00000    0.00000    0.21432    0.46841    3.35014    2.70703    3.13736    36.15262
T-A        0.00000    0.00000    0.00000    0.00000    0.00000    0.00000    0.01523    -0.64439   3.31768    0.06679    -0.85069   33.33260
A-T        0.00000    0.00000    0.00000    0.00000    0.00000    0.00000    -0.05044   0.75107    3.38432    -1.06291   -6.41146   43.62670
T-A        0.00000    0.00000    0.00000    0.00000    0.00000    0.00000    -0.02531   -0.69133   3.24560    -1.00129   -1.14374   31.68502
A-T        0.00000    0.00000    0.00000    0.00000    0.00000    0.00000    -0.12490   0.26689    3.36633    -2.14745   2.37351    38.99105
A-T        0.00000    0.00000    0.00000    0.00000    0.00000    0.00000    -0.02808   -0.20121   3.23104    -0.96299   2.33399    35.21639
T-A        0.00000    0.00000    0.00000    0.00000    0.00000    0.00000    -0.01111   -0.65612   3.20037    -0.16499   2.42440    30.60005
G-C        0.00000    0.00000    0.00000    0.00000    0.00000    0.00000    0.12371    0.13990    3.36650    0.97464    8.61194    35.09923
T-A        0.00000    0.00000    0.00000    0.00000    0.00000    0.00000    0.08384    -0.62368   3.24180    1.20644    2.82292    32.50827
G-C        0.00000    0.00000    0.00000    0.00000    0.00000    0.00000    0.21806    0.31332    3.34291    2.61185    4.76905    36.99485
T-A        0.00000    0.00000    0.00000    0.00000    0.00000    0.00000    0.07313    -0.63207   3.30239    1.17393    -0.01869   33.49231
C-G        0.00000    0.00000    0.00000    0.00000    0.00000    0.00000    0.09077    -0.11004   3.32532    0.73949    -1.32968   38.56498
G-C        0.00000    0.00000    0.00000    0.00000    0.00000    0.00000    -0.09692   0.49649    3.36004    -1.35239   1.97209    37.02418
A-T        0.00000    0.00000    0.00000    0.00000    0.00000    0.00000    -0.17969   -0.10412   3.30966    -1.97832   -0.11567   38.01532
C-G        0.00000    0.00000    0.00000    0.00000    0.00000    0.00000    -0.09719   -0.63198   3.26845    -1.55393   1.57855    32.94741
C-G        0.00000    0.00000    0.00000    0.00000    0.00000    0.00000    -0.25854   -0.34023   3.36766    -2.53000   6.48293    33.72524
A-T        0.00000    0.00000    0.00000    0.00000    0.00000    0.00000    -0.14101   0.11036    3.36867    -0.96763   9.00794    34.86863
A-T        0.00000    0.00000    0.00000    0.00000    0.00000    0.00000    0.02319    -0.17529   3.22404    0.50828    3.72622    34.80043
A-T        0.00000    0.00000    0.00000    0.00000    0.00000    0.00000    0.05832    -0.19556   3.23001    1.39504    2.50445    35.18294
T-A        0.00000    0.00000    0.00000    0.00000    0.00000    0.00000    0.03255    -0.67450   3.22576    1.22927    0.33982    31.20211
G-C        0.00000    0.00000    0.00000    0.00000    0.00000    0.00000    -0.52900   -0.91300   3.45800    -1.69300   -11.71100  37.46900
T-A        0.00000    0.00000    0.00000    0.00000    0.00000    0.00000    -0.90500   -1.56500   3.20600    -2.30400   -8.21600   32.15500
G-C        0.00000    0.00000    0.00000    0.00000    0.00000    0.00000    -0.37600   -0.59600   3.22500    -2.15200   -0.59100   39.45800
A-T        0.00000    0.00000    0.00000    0.00000    0.00000    0.00000    0.13300    -1.01800   3.04900    2.60000    -6.07400   32.09600
G-C        0.00000    0.00000    0.00000    0.00000    0.00000    0.00000    0.92800    -0.52800   2.87900    -1.16300   -8.59200   33.49600
C-G        0.00000    0.00000    0.00000    0.00000    0.00000    0.00000    -0.67500   -0.12400   3.12500    12.52500   -5.62600   33.18900
G-C        0.00000    0.00000    0.00000    0.00000    0.00000    0.00000    0.04900    1.55100    5.41000    0.13300    60.11500   13.23600
C-G        0.00000    0.00000    0.00000    0.00000    0.00000    0.00000    0.71700    -0.08700   3.08800    -11.66700  -4.90100   33.31800
T-A        0.00000    0.00000    0.00000    0.00000    0.00000    0.00000    -0.96100   -0.48300   2.89500    0.88000    -7.56800   33.57900
C-G        0.00000    0.00000    0.00000    0.00000    0.00000    0.00000    -0.12100   -0.98300   3.10600    -2.86300   -6.39900   31.81800
A-T        0.00000    0.00000    0.00000    0.00000    0.00000    0.00000    0.32200    -0.59400   3.18100    1.63800    -0.34700   39.42300
C-G        0.00000    0.00000    0.00000    0.00000    0.00000    0.00000    0.92800    -1.59300   3.28000    2.05900    -8.66500   31.95300
A-T        0.00000    0.00000    0.00000    0.00000    0.00000    0.00000    0.27000    -1.09700   3.26700    -0.64400   -9.99200   39.98000
