147 # base pairs
  0 # ***local base-pair & step parameters***
#          Shear      Stretch    Stagger    Buckle     Prop-Tw    Opening    Shift      Slide      Rise       Tilt       Roll       Twist
A-T        0.00000    0.00000    0.00000    0.00000    0.00000    0.00000    0.00000    0.00000    0.00000    0.00000    0.00000    0.00000
G-C        0.00000    0.00000    0.00000    0.00000    0.00000    0.00000    -0.27100   -1.09500   3.26800    0.63200    -9.98900   39.97400
T-A        0.00000    0.00000    0.00000    0.00000    0.00000    0.00000    -0.92900   -1.59400   3.27900    -2.06100   -8.63900   31.93600
G-C        0.00000    0.00000    0.00000    0.00000    0.00000    0.00000    -0.32200   -0.59300   3.18200    -1.67200   -0.37400   39.43800
A-T        0.00000    0.00000    0.00000    0.00000    0.00000    0.00000    0.12100    -0.98400   3.10400    2.85600    -6.40100   31.82500
G-C        0.00000    0.00000    0.00000    0.00000    0.00000    0.00000    0.96000    -0.48500   2.89700    -0.88600   -7.60300   33.57600
C-G        0.00000    0.00000    0.00000    0.00000    0.00000    0.00000    -0.71600   -0.08700   3.08600    11.72100   -4.90400   33.29400
G-C        0.00000    0.00000    0.00000    0.00000    0.00000    0.00000    -0.04900   1.55300    5.41100    -0.15300   60.13400   13.21100
C-G        0.00000    0.00000    0.00000    0.00000    0.00000    0.00000    0.67500    -0.12200   3.12500    -12.52100  -5.64000   33.20500
T-A        0.00000    0.00000    0.00000    0.00000    0.00000    0.00000    -0.92800   -0.52700   2.87800    1.17200    -8.55900   33.49500
C-G        0.00000    0.00000    0.00000    0.00000    0.00000    0.00000    -0.13300   -1.01800   3.05100    -2.62600   -6.07500   32.10600
A-T        0.00000    0.00000    0.00000    0.00000    0.00000    0.00000    0.37700    -0.59600   3.22300    2.15700    -0.58600   39.43900
C-G        0.00000    0.00000    0.00000    0.00000    0.00000    0.00000    0.90400    -1.56400   3.20700    2.30100    -8.21100   32.14900
A-T        0.00000    0.00000    0.00000    0.00000    0.00000    0.00000    0.52900    -0.91300   3.45700    1.67600    -11.71500  37.48500
A-T        0.00000    0.00000    0.00000    0.00000    0.00000    0.00000    -0.04853   -0.25906   3.24023    -1.92968   -0.41897   35.61694
T-A        0.00000    0.00000    0.00000    0.00000    0.00000    0.00000    -0.02801   -0.66528   3.20632    -1.12850   1.72156    30.55500
T-A        0.00000    0.00000    0.00000    0.00000    0.00000    0.00000    -0.03915   -0.18209   3.21992    -0.90480   4.05669    34.36102
T-A        0.00000    0.00000    0.00000    0.00000    0.00000    0.00000    0.00086    -0.17875   3.21867    0.22675    4.27424    34.27788
A-T        0.00000    0.00000    0.00000    0.00000    0.00000    0.00000    0.10874    -0.08535   3.34446    1.90003    8.36878    35.23814
T-A        0.00000    0.00000    0.00000    0.00000    0.00000    0.00000    0.03429    -0.67608   3.22253    1.30157    0.54286    31.03544
T-A        0.00000    0.00000    0.00000    0.00000    0.00000    0.00000    0.04002    -0.28951   3.25015    1.78907    -2.27234   36.29536
C-G        0.00000    0.00000    0.00000    0.00000    0.00000    0.00000    0.13783    -0.12267   3.31283    1.40890    -1.30907   37.92189
G-C        0.00000    0.00000    0.00000    0.00000    0.00000    0.00000    -0.04813   0.50949    3.33879    -0.56134   1.34293    36.57401
C-G        0.00000    0.00000    0.00000    0.00000    0.00000    0.00000    -0.16536   -0.39233   3.33502    -1.87196   0.52042    34.54033
A-T        0.00000    0.00000    0.00000    0.00000    0.00000    0.00000    -0.24128   0.29021    3.32564    -2.95029   4.31285    36.35331
A-T        0.00000    0.00000    0.00000    0.00000    0.00000    0.00000    -0.03984   -0.23026   3.23000    -1.64661   1.50286    34.87026
A-T        0.00000    0.00000    0.00000    0.00000    0.00000    0.00000    -0.01386   -0.19569   3.22023    -0.83498   3.60146    34.24643
G-C        0.00000    0.00000    0.00000    0.00000    0.00000    0.00000    -0.00164   -0.32562   3.28177    -0.33589   7.03117    31.64139
G-C        0.00000    0.00000    0.00000    0.00000    0.00000    0.00000    0.20941    -0.37507   3.35096    1.97692    7.64567    32.67500
C-G        0.00000    0.00000    0.00000    0.00000    0.00000    0.00000    0.21532    -0.47451   3.28412    2.45899    3.56496    33.41720
C-G        0.00000    0.00000    0.00000    0.00000    0.00000    0.00000    0.32025    -0.28011   3.37480    3.29080    3.96779    34.19476
G-C        0.00000    0.00000    0.00000    0.00000    0.00000    0.00000    0.21877    0.46081    3.34962    2.95766    2.83545    36.25479
G-C        0.00000    0.00000    0.00000    0.00000    0.00000    0.00000    -0.01728   -0.26517   3.39468    0.15002    1.53013    35.10999
C-G        0.00000    0.00000    0.00000    0.00000    0.00000    0.00000    -0.11334   -0.38728   3.34439    -1.21514   0.29604    34.86148
C-G        0.00000    0.00000    0.00000    0.00000    0.00000    0.00000    -0.25239   -0.30135   3.38131    -2.68565   3.37009    34.37487
C-G        0.00000    0.00000    0.00000    0.00000    0.00000    0.00000    -0.28992   -0.32980   3.36725    -3.04822   5.23363    33.62123
G-C        0.00000    0.00000    0.00000    0.00000    0.00000    0.00000    -0.23633   0.30371    3.35660    -3.18854   9.05076    33.81887
A-T        0.00000    0.00000    0.00000    0.00000    0.00000    0.00000    -0.04824   -0.08145   3.25724    -0.59294   4.89675    35.57512
C-G        0.00000    0.00000    0.00000    0.00000    0.00000    0.00000    0.01561    -0.64038   3.21273    0.82157    4.09777    31.42819
A-T        0.00000    0.00000    0.00000    0.00000    0.00000    0.00000    0.07585    0.07272    3.35667    2.17098    7.97695    34.36747
C-G        0.00000    0.00000    0.00000    0.00000    0.00000    0.00000    0.07003    -0.65600   3.26614    1.89861    1.79243    32.28106
G-C        0.00000    0.00000    0.00000    0.00000    0.00000    0.00000    0.25435    0.41873    3.35077    3.40374    4.08467    35.69272
A-T        0.00000    0.00000    0.00000    0.00000    0.00000    0.00000    0.02910    -0.12589   3.32039    0.78037    -0.98986   38.02522
C-G        0.00000    0.00000    0.00000    0.00000    0.00000    0.00000    -0.02330   -0.64245   3.31416    -0.20651   -0.75202   33.22856
T-A        0.00000    0.00000    0.00000    0.00000    0.00000    0.00000    -0.01992   -0.31714   3.33412    -1.32561   1.39947    33.59908
T-A        0.00000    0.00000    0.00000    0.00000    0.00000    0.00000    -0.07220   -0.25719   3.24522    -1.48803   -0.84610   35.99313
A-T        0.00000    0.00000    0.00000    0.00000    0.00000    0.00000    -0.09552   0.15267    3.35399    -1.80046   4.74053    37.35455
C-G        0.00000    0.00000    0.00000    0.00000    0.00000    0.00000    -0.04454   -0.62823   3.22384    -0.48295   3.57842    31.90080
T-A        0.00000    0.00000    0.00000    0.00000    0.00000    0.00000    0.03566    -0.31791   3.29499    0.62878    6.17739    32.22480
G-C        0.00000    0.00000    0.00000    0.00000    0.00000    0.00000    0.16748    0.12742    3.35891    1.35975    7.97878    34.99236
T-A        0.00000    0.00000    0.00000    0.00000    0.00000    0.00000    0.08440    -0.63501   3.25247    1.19230    2.22374    32.40224
A-T        0.00000    0.00000    0.00000    0.00000    0.00000    0.00000    0.09993    0.43374    3.37076    1.82700    -1.11059   40.51445
G-C        0.00000    0.00000    0.00000    0.00000    0.00000    0.00000    -0.01304   -0.32746   3.33691    0.83344    1.25669    33.64904
G-C        0.00000    0.00000    0.00000    0.00000    0.00000    0.00000    -0.04943   -0.27501   3.39065    -0.20885   2.18749    34.81356
T-A        0.00000    0.00000    0.00000    0.00000    0.00000    0.00000    -0.05112   -0.64725   3.30555    -0.97869   -0.13887   33.04976
A-T        0.00000    0.00000    0.00000    0.00000    0.00000    0.00000    -0.10318   0.49336    3.37012    -1.73115   -1.34086   40.77204
T-A        0.00000    0.00000    0.00000    0.00000    0.00000    0.00000    -0.02205   -0.67277   3.22366    -0.85439   0.52239    31.08852
C-G        0.00000    0.00000    0.00000    0.00000    0.00000    0.00000    -0.07193   -0.08208   3.28381    -1.07229   3.48857    36.62760
T-A        0.00000    0.00000    0.00000    0.00000    0.00000    0.00000    0.02502    -0.31309   3.30223    0.29076    5.73404    32.53491
C-G        0.00000    0.00000    0.00000    0.00000    0.00000    0.00000    0.08976    -0.08356   3.27560    0.91151    3.64719    36.43772
G-C        0.00000    0.00000    0.00000    0.00000    0.00000    0.00000    0.21386    0.34089    3.36904    2.73625    7.31962    34.89572
A-T        0.00000    0.00000    0.00000    0.00000    0.00000    0.00000    0.11143    -0.10758   3.30861    1.60434    1.23276    37.53757
G-C        0.00000    0.00000    0.00000    0.00000    0.00000    0.00000    -0.00558   -0.32151   3.33818    0.83405    1.75671    33.79821
C-G        0.00000    0.00000    0.00000    0.00000    0.00000    0.00000    0.01376    -0.40422   3.34088    0.23744    0.80388    34.82735
T-A        0.00000    0.00000    0.00000    0.00000    0.00000    0.00000    0.00651    -0.31698   3.33950    -0.38801   1.42477    33.92757
C-G        0.00000    0.00000    0.00000    0.00000    0.00000    0.00000    -0.09522   -0.10173   3.31311    -1.37589   0.63635    37.77734
G-C        0.00000    0.00000    0.00000    0.00000    0.00000    0.00000    -0.21253   0.38728    3.36646    -2.76787   6.35589    35.27434
G-C        0.00000    0.00000    0.00000    0.00000    0.00000    0.00000    -0.14499   -0.29269   3.36507    -1.57974   5.96638    33.75762
G-C        0.00000    0.00000    0.00000    0.00000    0.00000    0.00000    -0.03894   -0.31544   3.36108    -0.54666   6.64894    33.45118
A-T        0.00000    0.00000    0.00000    0.00000    0.00000    0.00000    0.03531    -0.08512   3.27975    0.51346    3.67560    36.44926
T-A        0.00000    0.00000    0.00000    0.00000    0.00000    0.00000    0.02048    -0.67185   3.21766    0.63146    1.01675    30.87428
C-G        0.00000    0.00000    0.00000    0.00000    0.00000    0.00000    0.15005    -0.09886   3.28923    1.62200    1.76471    36.98438
C-G        0.00000    0.00000    0.00000    0.00000    0.00000    0.00000    0.18232    -0.27908   3.38332    1.79810    3.47804    34.50355
G-C        0.00000    0.00000    0.00000    0.00000    0.00000    0.00000    0.06493    0.44869    3.35762    0.89047    3.45304    36.16890
T-A        0.00000    0.00000    0.00000    0.00000    0.00000    0.00000    -0.02113   -0.64697   3.30517    -0.48679   -0.05216   33.15407
C-G        0.00000    0.00000    0.00000    0.00000    0.00000    0.00000    -0.07552   -0.10828   3.31287    -1.15367   0.41500    37.72716
A-T        0.00000    0.00000    0.00000    0.00000    0.00000    0.00000    -0.16746   0.26517    3.34199    -1.73243   5.04587    36.39468
T-A        0.00000    0.00000    0.00000    0.00000    0.00000    0.00000    -0.01764   -0.67154   3.21976    -0.63027   0.84677    30.95132
G-C        0.00000    0.00000    0.00000    0.00000    0.00000    0.00000    0.01996    0.14241    3.35944    -0.72515   7.61925    35.05533
T-A        0.00000    0.00000    0.00000    0.00000    0.00000    0.00000    0.03234    -0.63428   3.23531    -0.03631   3.17736    32.07840
T-A        0.00000    0.00000    0.00000    0.00000    0.00000    0.00000    0.01207    -0.22140   3.23473    0.65988    1.45103    35.25793
A-T        0.00000    0.00000    0.00000    0.00000    0.00000    0.00000    0.08718    0.27812    3.36286    1.46692    2.03000    38.80403
T-A        0.00000    0.00000    0.00000    0.00000    0.00000    0.00000    0.01990    -0.68909   3.24062    0.67637    -0.81452   31.41862
A-T        0.00000    0.00000    0.00000    0.00000    0.00000    0.00000    0.04142    0.59552    3.37573    0.70778    -3.89474   41.93791
A-T        0.00000    0.00000    0.00000    0.00000    0.00000    0.00000    0.01321    -0.30410   3.25566    -0.25069   -3.03353   36.51778
C-G        0.00000    0.00000    0.00000    0.00000    0.00000    0.00000    -0.04011   -0.64041   3.29071    -0.62088   0.37355    32.83839
G-C        0.00000    0.00000    0.00000    0.00000    0.00000    0.00000    -0.21173   0.38709    3.35563    -2.72181   5.62071    35.14978
G-C        0.00000    0.00000    0.00000    0.00000    0.00000    0.00000    -0.19216   -0.30450   3.36459    -1.93759   5.51617    33.54691
A-T        0.00000    0.00000    0.00000    0.00000    0.00000    0.00000    -0.08461   -0.08876   3.27017    -0.86605   3.60016    36.08621
C-G        0.00000    0.00000    0.00000    0.00000    0.00000    0.00000    -0.01847   -0.63482   3.22761    0.28935    3.37061    31.72368
T-A        0.00000    0.00000    0.00000    0.00000    0.00000    0.00000    0.05287    -0.32194   3.29703    1.42838    5.23863    32.25213
T-A        0.00000    0.00000    0.00000    0.00000    0.00000    0.00000    0.02251    -0.24492   3.23680    1.04564    0.53780    35.24145
T-A        0.00000    0.00000    0.00000    0.00000    0.00000    0.00000    0.02327    -0.27786   3.24477    1.12040    -1.20587   35.71059
A-T        0.00000    0.00000    0.00000    0.00000    0.00000    0.00000    0.06005    0.53983    3.36680    0.92496    -3.41938   41.11960
A-T        0.00000    0.00000    0.00000    0.00000    0.00000    0.00000    0.02141    -0.31815   3.25372    -0.16087   -3.17126   36.21530
C-G        0.00000    0.00000    0.00000    0.00000    0.00000    0.00000    -0.03133   -0.64315   3.28918    -0.61830   0.22650    32.54790
A-T        0.00000    0.00000    0.00000    0.00000    0.00000    0.00000    -0.18000   0.22744    3.32980    -1.85109   4.70074    35.84408
C-G        0.00000    0.00000    0.00000    0.00000    0.00000    0.00000    -0.07402   -0.63426   3.24327    -1.01411   2.30538    31.82032
T-A        0.00000    0.00000    0.00000    0.00000    0.00000    0.00000    -0.02049   -0.33102   3.29332    -0.71892   5.39381    31.82751
T-A        0.00000    0.00000    0.00000    0.00000    0.00000    0.00000    -0.02449   -0.21523   3.22338    -0.17785   2.87901    34.23262
T-A        0.00000    0.00000    0.00000    0.00000    0.00000    0.00000    0.00345    -0.22177   3.22550    0.57560    2.39698    34.37619
A-T        0.00000    0.00000    0.00000    0.00000    0.00000    0.00000    0.09376    0.10543    3.34302    1.64203    4.49338    36.53247
T-A        0.00000    0.00000    0.00000    0.00000    0.00000    0.00000    0.02753    -0.68702   3.23114    0.87788    -0.38415   30.91323
G-C        0.00000    0.00000    0.00000    0.00000    0.00000    0.00000    0.15091    0.29551    3.31790    1.44579    3.14962    36.39583
C-G        0.00000    0.00000    0.00000    0.00000    0.00000    0.00000    0.02866    -0.40285   3.32767    0.23433    0.74133    34.19125
T-A        0.00000    0.00000    0.00000    0.00000    0.00000    0.00000    0.01991    -0.33926   3.32645    -0.60215   1.31602    33.04191
T-A        0.00000    0.00000    0.00000    0.00000    0.00000    0.00000    -0.06175   -0.29544   3.24616    -1.17002   -1.63378   35.71506
C-G        0.00000    0.00000    0.00000    0.00000    0.00000    0.00000    -0.13490   -0.11580   3.28890    -1.84944   2.29358    36.50729
C-G        0.00000    0.00000    0.00000    0.00000    0.00000    0.00000    -0.19201   -0.37039   3.35602    -1.82772   6.69179    32.77234
G-C        0.00000    0.00000    0.00000    0.00000    0.00000    0.00000    -0.06431   0.26735    3.35224    -0.71407   9.80101    33.24392
G-C        0.00000    0.00000    0.00000    0.00000    0.00000    0.00000    0.09354    -0.35519   3.34866    0.99176    7.25229    32.58078
C-G        0.00000    0.00000    0.00000    0.00000    0.00000    0.00000    0.14508    -0.47098   3.27490    1.71277    3.73834    33.11413
T-A        0.00000    0.00000    0.00000    0.00000    0.00000    0.00000    0.09610    -0.32501   3.30336    2.52094    3.59470    32.53538
C-G        0.00000    0.00000    0.00000    0.00000    0.00000    0.00000    0.17008    -0.11156   3.29368    1.75213    0.27168    37.08610
G-C        0.00000    0.00000    0.00000    0.00000    0.00000    0.00000    0.09965    0.46570    3.33782    1.17255    2.69933    35.86198
T-A        0.00000    0.00000    0.00000    0.00000    0.00000    0.00000    -0.01825   -0.65090   3.30791    -0.62350   -0.52778   32.83643
A-T        0.00000    0.00000    0.00000    0.00000    0.00000    0.00000    -0.08759   0.50638    3.36749    -1.67253   -2.95200   40.99411
T-A        0.00000    0.00000    0.00000    0.00000    0.00000    0.00000    -0.02906   -0.68473   3.22839    -1.05155   0.01482    31.01281
A-T        0.00000    0.00000    0.00000    0.00000    0.00000    0.00000    -0.10744   0.00117    3.34637    -1.75954   6.21775    36.02236
A-T        0.00000    0.00000    0.00000    0.00000    0.00000    0.00000    -0.01031   -0.20313   3.22302    -0.42812   3.23777    34.39384
T-A        0.00000    0.00000    0.00000    0.00000    0.00000    0.00000    -0.00113   -0.65953   3.19609    0.23625    2.48134    30.18608
G-C        0.00000    0.00000    0.00000    0.00000    0.00000    0.00000    0.17214    0.14430    3.35169    1.68792    7.99691    34.77998
T-A        0.00000    0.00000    0.00000    0.00000    0.00000    0.00000    0.08546    -0.62394   3.25029    1.43392    2.04760    32.25473
G-C        0.00000    0.00000    0.00000    0.00000    0.00000    0.00000    0.20453    0.32635    3.32601    2.37880    3.59732    36.83520
T-A        0.00000    0.00000    0.00000    0.00000    0.00000    0.00000    0.04491    -0.63751   3.30767    0.69605    -0.54922   33.14120
C-G        0.00000    0.00000    0.00000    0.00000    0.00000    0.00000    0.02465    -0.12525   3.31970    -0.12469   -1.29263   38.06561
G-C        0.00000    0.00000    0.00000    0.00000    0.00000    0.00000    -0.20037   0.45072    3.34632    -2.71633   3.04311    36.02491
A-T        0.00000    0.00000    0.00000    0.00000    0.00000    0.00000    -0.20863   -0.10939   3.28757    -2.35168   1.14811    36.95029
C-G        0.00000    0.00000    0.00000    0.00000    0.00000    0.00000    -0.09531   -0.63212   3.23878    -1.42400   2.64373    32.03574
C-G        0.00000    0.00000    0.00000    0.00000    0.00000    0.00000    -0.19579   -0.36959   3.35284    -1.82453   7.44756    32.78290
A-T        0.00000    0.00000    0.00000    0.00000    0.00000    0.00000    -0.08581   0.04311    3.36335    0.06109    9.66981    33.83623
A-T        0.00000    0.00000    0.00000    0.00000    0.00000    0.00000    0.04462    -0.19806   3.22234    1.07216    3.35076    34.40724
A-T        0.00000    0.00000    0.00000    0.00000    0.00000    0.00000    0.07249    -0.23063   3.23165    1.69535    1.40392    34.99850
T-A        0.00000    0.00000    0.00000    0.00000    0.00000    0.00000    0.03252    -0.68650   3.23348    1.21771    -0.54931   31.09685
G-C        0.00000    0.00000    0.00000    0.00000    0.00000    0.00000    -0.52900   -0.91300   3.45800    -1.69300   -11.71100  37.46900
T-A        0.00000    0.00000    0.00000    0.00000    0.00000    0.00000    -0.90500   -1.56500   3.20600    -2.30400   -8.21600   32.15500
G-C        0.00000    0.00000    0.00000    0.00000    0.00000    0.00000    -0.37600   -0.59600   3.22500    -2.15200   -0.59100   39.45800
A-T        0.00000    0.00000    0.00000    0.00000    0.00000    0.00000    0.13300    -1.01800   3.04900    2.60000    -6.07400   32.09600
G-C        0.00000    0.00000    0.00000    0.00000    0.00000    0.00000    0.92800    -0.52800   2.87900    -1.16300   -8.59200   33.49600
C-G        0.00000    0.00000    0.00000    0.00000    0.00000    0.00000    -0.67500   -0.12400   3.12500    12.52500   -5.62600   33.18900
G-C        0.00000    0.00000    0.00000    0.00000    0.00000    0.00000    0.04900    1.55100    5.41000    0.13300    60.11500   13.23600
C-G        0.00000    0.00000    0.00000    0.00000    0.00000    0.00000    0.71700    -0.08700   3.08800    -11.66700  -4.90100   33.31800
T-A        0.00000    0.00000    0.00000    0.00000    0.00000    0.00000    -0.96100   -0.48300   2.89500    0.88000    -7.56800   33.57900
C-G        0.00000    0.00000    0.00000    0.00000    0.00000    0.00000    -0.12100   -0.98300   3.10600    -2.86300   -6.39900   31.81800
A-T        0.00000    0.00000    0.00000    0.00000    0.00000    0.00000    0.32200    -0.59400   3.18100    1.63800    -0.34700   39.42300
C-G        0.00000    0.00000    0.00000    0.00000    0.00000    0.00000    0.92800    -1.59300   3.28000    2.05900    -8.66500   31.95300
A-T        0.00000    0.00000    0.00000    0.00000    0.00000    0.00000    0.27000    -1.09700   3.26700    -0.64400   -9.99200   39.98000
