147 # base pairs
  0 # ***local base-pair & step parameters***
#          Shear      Stretch    Stagger    Buckle     Prop-Tw    Opening    Shift      Slide      Rise       Tilt       Roll       Twist
A-T        0.00000    0.00000    0.00000    0.00000    0.00000    0.00000    0.00000    0.00000    0.00000    0.00000    0.00000    0.00000
G-C        0.00000    0.00000    0.00000    0.00000    0.00000    0.00000    -0.27100   -1.09500   3.26800    0.63200    -9.98900   39.97400
T-A        0.00000    0.00000    0.00000    0.00000    0.00000    0.00000    -0.92900   -1.59400   3.27900    -2.06100   -8.63900   31.93600
G-C        0.00000    0.00000    0.00000    0.00000    0.00000    0.00000    -0.32200   -0.59300   3.18200    -1.67200   -0.37400   39.43800
A-T        0.00000    0.00000    0.00000    0.00000    0.00000    0.00000    0.12100    -0.98400   3.10400    2.85600    -6.40100   31.82500
G-C        0.00000    0.00000    0.00000    0.00000    0.00000    0.00000    0.96000    -0.48500   2.89700    -0.88600   -7.60300   33.57600
C-G        0.00000    0.00000    0.00000    0.00000    0.00000    0.00000    -0.71600   -0.08700   3.08600    11.72100   -4.90400   33.29400
G-C        0.00000    0.00000    0.00000    0.00000    0.00000    0.00000    -0.04900   1.55300    5.41100    -0.15300   60.13400   13.21100
C-G        0.00000    0.00000    0.00000    0.00000    0.00000    0.00000    0.67500    -0.12200   3.12500    -12.52100  -5.64000   33.20500
T-A        0.00000    0.00000    0.00000    0.00000    0.00000    0.00000    -0.92800   -0.52700   2.87800    1.17200    -8.55900   33.49500
C-G        0.00000    0.00000    0.00000    0.00000    0.00000    0.00000    -0.13300   -1.01800   3.05100    -2.62600   -6.07500   32.10600
A-T        0.00000    0.00000    0.00000    0.00000    0.00000    0.00000    0.37700    -0.59600   3.22300    2.15700    -0.58600   39.43900
C-G        0.00000    0.00000    0.00000    0.00000    0.00000    0.00000    0.90400    -1.56400   3.20700    2.30100    -8.21100   32.14900
A-T        0.00000    0.00000    0.00000    0.00000    0.00000    0.00000    0.52900    -0.91300   3.45700    1.67600    -11.71500  37.48500
A-T        0.00000    0.00000    0.00000    0.00000    0.00000    0.00000    -0.03561   -0.31404   3.24145    -1.80957   -1.99960   35.22103
T-A        0.00000    0.00000    0.00000    0.00000    0.00000    0.00000    -0.03112   -0.68115   3.21316    -1.34284   0.74490    30.26129
T-A        0.00000    0.00000    0.00000    0.00000    0.00000    0.00000    -0.06459   -0.22365   3.21761    -1.53956   3.29384    33.75421
T-A        0.00000    0.00000    0.00000    0.00000    0.00000    0.00000    -0.02975   -0.20162   3.21083    -0.58925   4.65293    33.31042
A-T        0.00000    0.00000    0.00000    0.00000    0.00000    0.00000    0.05532    -0.41747   3.31503    0.93917    12.56993   31.40960
T-A        0.00000    0.00000    0.00000    0.00000    0.00000    0.00000    0.02816    -0.66962   3.19746    1.06784    2.08950    29.93823
T-A        0.00000    0.00000    0.00000    0.00000    0.00000    0.00000    0.04400    -0.27395   3.23223    1.88110    0.23784    34.71407
C-G        0.00000    0.00000    0.00000    0.00000    0.00000    0.00000    0.21222    -0.12832   3.28368    2.37079    0.17351    36.58217
G-C        0.00000    0.00000    0.00000    0.00000    0.00000    0.00000    0.12831    0.47412    3.31859    1.78565    2.00127    35.54813
C-G        0.00000    0.00000    0.00000    0.00000    0.00000    0.00000    -0.06014   -0.38056   3.33110    -0.62757   0.04674    34.15836
A-T        0.00000    0.00000    0.00000    0.00000    0.00000    0.00000    -0.19456   0.31797    3.30373    -2.24983   2.58325    36.30493
A-T        0.00000    0.00000    0.00000    0.00000    0.00000    0.00000    -0.04128   -0.28253   3.23608    -1.84354   -0.60953   34.97496
A-T        0.00000    0.00000    0.00000    0.00000    0.00000    0.00000    -0.03279   -0.23629   3.22373    -1.52340   2.06845    34.21378
G-C        0.00000    0.00000    0.00000    0.00000    0.00000    0.00000    -0.04161   -0.33691   3.27117    -1.66802   6.78271    31.12519
G-C        0.00000    0.00000    0.00000    0.00000    0.00000    0.00000    0.07017    -0.38924   3.33716    0.47280    8.30492    31.88712
C-G        0.00000    0.00000    0.00000    0.00000    0.00000    0.00000    0.15146    -0.50462   3.25197    1.67538    4.75356    32.43504
C-G        0.00000    0.00000    0.00000    0.00000    0.00000    0.00000    0.30066    -0.33137   3.35453    3.11736    5.80789    32.91030
G-C        0.00000    0.00000    0.00000    0.00000    0.00000    0.00000    0.31453    0.37900    3.33742    4.19021    5.06814    34.80545
G-C        0.00000    0.00000    0.00000    0.00000    0.00000    0.00000    0.13979    -0.31745   3.38410    1.77320    2.37561    34.22328
C-G        0.00000    0.00000    0.00000    0.00000    0.00000    0.00000    -0.00401   -0.38530   3.33898    0.08989    0.12721    34.51548
C-G        0.00000    0.00000    0.00000    0.00000    0.00000    0.00000    -0.14128   -0.29575   3.38250    -1.54382   2.23248    34.32176
C-G        0.00000    0.00000    0.00000    0.00000    0.00000    0.00000    -0.25776   -0.32196   3.37125    -2.75134   3.71568    33.70311
G-C        0.00000    0.00000    0.00000    0.00000    0.00000    0.00000    -0.30565   0.35184    3.33825    -4.04962   7.18496    33.99061
A-T        0.00000    0.00000    0.00000    0.00000    0.00000    0.00000    -0.13468   -0.09041   3.25244    -1.61264   4.18820    35.33367
C-G        0.00000    0.00000    0.00000    0.00000    0.00000    0.00000    -0.01653   -0.63265   3.20152    -0.04078   4.20159    30.95899
A-T        0.00000    0.00000    0.00000    0.00000    0.00000    0.00000    0.00790    0.00780    3.35387    1.20837    9.32483    33.28054
C-G        0.00000    0.00000    0.00000    0.00000    0.00000    0.00000    0.06026    -0.65216   3.23204    1.60004    3.05327    31.37439
G-C        0.00000    0.00000    0.00000    0.00000    0.00000    0.00000    0.29470    0.33887    3.34092    3.85906    6.33839    34.31578
A-T        0.00000    0.00000    0.00000    0.00000    0.00000    0.00000    0.10055    -0.13560   3.30518    1.62789    0.16489    37.14665
C-G        0.00000    0.00000    0.00000    0.00000    0.00000    0.00000    0.01572    -0.65145   3.30514    0.62318    -0.50562   32.66259
T-A        0.00000    0.00000    0.00000    0.00000    0.00000    0.00000    0.00781    -0.33456   3.32735    -0.30803   0.87212    33.16533
T-A        0.00000    0.00000    0.00000    0.00000    0.00000    0.00000    -0.06791   -0.29912   3.24904    -1.09213   -2.35768   35.96006
A-T        0.00000    0.00000    0.00000    0.00000    0.00000    0.00000    -0.11327   0.29180    3.35168    -1.96923   1.59567    38.36173
C-G        0.00000    0.00000    0.00000    0.00000    0.00000    0.00000    -0.06292   -0.62432   3.23124    -0.99390   2.86766    31.73272
T-A        0.00000    0.00000    0.00000    0.00000    0.00000    0.00000    0.01083    -0.32129   3.28971    -0.36819   5.91252    31.78856
G-C        0.00000    0.00000    0.00000    0.00000    0.00000    0.00000    0.11280    0.06989    3.35532    0.31662    8.77620    34.00661
T-A        0.00000    0.00000    0.00000    0.00000    0.00000    0.00000    0.07504    -0.63488   3.22785    0.77307    3.12953    31.63762
A-T        0.00000    0.00000    0.00000    0.00000    0.00000    0.00000    0.10713    0.13850    3.35065    1.78929    3.28103    37.31658
G-C        0.00000    0.00000    0.00000    0.00000    0.00000    0.00000    0.01405    -0.33850   3.32176    1.37459    2.44617    32.85091
G-C        0.00000    0.00000    0.00000    0.00000    0.00000    0.00000    0.07142    -0.31735   3.38428    1.00331    2.84488    34.19144
T-A        0.00000    0.00000    0.00000    0.00000    0.00000    0.00000    -0.02585   -0.64733   3.30301    -0.27674   -0.26996   32.79420
A-T        0.00000    0.00000    0.00000    0.00000    0.00000    0.00000    -0.07658   0.56400    3.36875    -1.12100   -3.35200   41.32977
T-A        0.00000    0.00000    0.00000    0.00000    0.00000    0.00000    -0.02587   -0.68396   3.23377    -0.80627   -0.41829   31.16424
C-G        0.00000    0.00000    0.00000    0.00000    0.00000    0.00000    -0.10453   -0.09416   3.28883    -1.47837   2.56540    36.67429
T-A        0.00000    0.00000    0.00000    0.00000    0.00000    0.00000    0.00258    -0.31560   3.30080    -0.51666   5.24979    32.29565
C-G        0.00000    0.00000    0.00000    0.00000    0.00000    0.00000    0.02579    -0.08710   3.27097    0.10456    3.87281    36.07216
G-C        0.00000    0.00000    0.00000    0.00000    0.00000    0.00000    0.13873    0.30889    3.36105    1.69543    8.43617    34.10894
A-T        0.00000    0.00000    0.00000    0.00000    0.00000    0.00000    0.10524    -0.10624   3.29199    1.44341    2.37627    36.75056
G-C        0.00000    0.00000    0.00000    0.00000    0.00000    0.00000    0.01472    -0.33032   3.32391    1.15188    2.80596    33.06263
C-G        0.00000    0.00000    0.00000    0.00000    0.00000    0.00000    0.07747    -0.41988   3.32627    0.92932    1.32497    34.33486
T-A        0.00000    0.00000    0.00000    0.00000    0.00000    0.00000    0.03166    -0.33008   3.33222    0.42238    1.49389    33.51774
C-G        0.00000    0.00000    0.00000    0.00000    0.00000    0.00000    -0.04536   -0.11508   3.31091    -0.77192   0.13043    37.59414
G-C        0.00000    0.00000    0.00000    0.00000    0.00000    0.00000    -0.19160   0.40638    3.35450    -2.42387   5.23953    35.29100
G-C        0.00000    0.00000    0.00000    0.00000    0.00000    0.00000    -0.18792   -0.29174   3.36614    -1.88579   5.16119    33.68520
G-C        0.00000    0.00000    0.00000    0.00000    0.00000    0.00000    -0.11657   -0.31086   3.35903    -1.24506   6.13870    33.28084
A-T        0.00000    0.00000    0.00000    0.00000    0.00000    0.00000    -0.02189   -0.08791   3.27133    -0.16498   3.69913    36.05473
T-A        0.00000    0.00000    0.00000    0.00000    0.00000    0.00000    0.01409    -0.66934   3.20981    0.34681    1.45300    30.49112
C-G        0.00000    0.00000    0.00000    0.00000    0.00000    0.00000    0.12916    -0.09851   3.27678    1.34534    2.63482    36.35042
C-G        0.00000    0.00000    0.00000    0.00000    0.00000    0.00000    0.19612    -0.30038   3.37276    1.90374    4.39198    33.85018
G-C        0.00000    0.00000    0.00000    0.00000    0.00000    0.00000    0.13341    0.41198    3.35117    1.72153    4.41090    35.48085
C-G        0.00000    0.00000    0.00000    0.00000    0.00000    0.00000    0.01497    -0.41483   3.32809    0.19281    1.15016    34.34651
T-A        0.00000    0.00000    0.00000    0.00000    0.00000    0.00000    0.01181    -0.33009   3.32943    -0.30469   1.81933    33.32406
T-A        0.00000    0.00000    0.00000    0.00000    0.00000    0.00000    -0.05282   -0.27639   3.24788    -0.82931   -1.40040   35.99111
T-A        0.00000    0.00000    0.00000    0.00000    0.00000    0.00000    -0.05360   -0.24910   3.24146    -0.94873   0.01344    35.61812
A-T        0.00000    0.00000    0.00000    0.00000    0.00000    0.00000    -0.05475   0.13008    3.35413    -0.90826   4.73315    37.17814
A-T        0.00000    0.00000    0.00000    0.00000    0.00000    0.00000    0.01160    -0.21604   3.23216    -0.04858   1.87952    35.02516
C-G        0.00000    0.00000    0.00000    0.00000    0.00000    0.00000    0.00599    -0.63825   3.24212    0.64435    2.85777    32.05194
A-T        0.00000    0.00000    0.00000    0.00000    0.00000    0.00000    0.02734    0.17398    3.35114    1.27986    6.42484    35.38346
C-G        0.00000    0.00000    0.00000    0.00000    0.00000    0.00000    0.04178    -0.64680   3.27431    1.14352    1.43999    32.55649
T-A        0.00000    0.00000    0.00000    0.00000    0.00000    0.00000    0.07012    -0.32518   3.32589    1.41865    2.36262    33.38487
T-A        0.00000    0.00000    0.00000    0.00000    0.00000    0.00000    -0.00853   -0.29324   3.25440    0.30300    -2.58001   36.47202
T-A        0.00000    0.00000    0.00000    0.00000    0.00000    0.00000    -0.02922   -0.29299   3.25428    -0.24956   -2.52801   36.46362
A-T        0.00000    0.00000    0.00000    0.00000    0.00000    0.00000    -0.06105   0.47573    3.37322    -1.04973   -1.60746   40.85844
T-A        0.00000    0.00000    0.00000    0.00000    0.00000    0.00000    -0.01969   -0.68128   3.23145    -0.62543   -0.02136   31.24179
C-G        0.00000    0.00000    0.00000    0.00000    0.00000    0.00000    -0.07095   -0.09356   3.29209    -0.99843   2.66495    36.89505
A-T        0.00000    0.00000    0.00000    0.00000    0.00000    0.00000    -0.09775   0.16413    3.35785    -0.42420   7.29696    35.33476
T-A        0.00000    0.00000    0.00000    0.00000    0.00000    0.00000    0.00138    -0.66680   3.21375    0.17061    1.34140    30.80666
G-C        0.00000    0.00000    0.00000    0.00000    0.00000    0.00000    0.12920    0.20720    3.35253    1.09301    6.60529    35.71644
T-A        0.00000    0.00000    0.00000    0.00000    0.00000    0.00000    0.05878    -0.63109   3.26549    0.76294    1.68651    32.64975
T-A        0.00000    0.00000    0.00000    0.00000    0.00000    0.00000    0.01505    -0.26869   3.24999    0.85254    -1.57098   36.27595
A-T        0.00000    0.00000    0.00000    0.00000    0.00000    0.00000    0.04288    0.60867    3.37800    0.57793    -3.75149   42.09042
T-A        0.00000    0.00000    0.00000    0.00000    0.00000    0.00000    0.00159    -0.69685   3.25155    -0.13032   -1.64075   31.71678
A-T        0.00000    0.00000    0.00000    0.00000    0.00000    0.00000    -0.05195   0.52655    3.37639    -0.99676   -2.60623   41.45172
A-T        0.00000    0.00000    0.00000    0.00000    0.00000    0.00000    -0.01880   -0.25986   3.24623    -0.97266   -0.75181   36.03238
C-G        0.00000    0.00000    0.00000    0.00000    0.00000    0.00000    -0.06707   -0.63656   3.25483    -0.70940   2.26593    32.49974
G-C        0.00000    0.00000    0.00000    0.00000    0.00000    0.00000    -0.10405   0.32047    3.37096    -1.23202   8.31035    34.53644
G-C        0.00000    0.00000    0.00000    0.00000    0.00000    0.00000    0.00409    -0.31636   3.36290    0.09322    6.54461    33.53256
A-T        0.00000    0.00000    0.00000    0.00000    0.00000    0.00000    0.05781    -0.08224   3.28622    0.90937    3.18003    36.73734
T-A        0.00000    0.00000    0.00000    0.00000    0.00000    0.00000    0.01933    -0.67338   3.22533    0.72813    0.39941    31.13262
G-C        0.00000    0.00000    0.00000    0.00000    0.00000    0.00000    0.16584    0.31029    3.33660    1.73456    4.23140    36.80027
C-G        0.00000    0.00000    0.00000    0.00000    0.00000    0.00000    0.09457    -0.40888   3.33327    0.96791    1.13197    34.65311
T-A        0.00000    0.00000    0.00000    0.00000    0.00000    0.00000    0.05288    -0.32051   3.33918    0.36953    1.25287    33.91322
T-A        0.00000    0.00000    0.00000    0.00000    0.00000    0.00000    -0.03526   -0.29143   3.25649    -0.57772   -2.74954   36.75251
C-G        0.00000    0.00000    0.00000    0.00000    0.00000    0.00000    -0.09934   -0.11192   3.31159    -1.48693   0.90963    37.67091
C-G        0.00000    0.00000    0.00000    0.00000    0.00000    0.00000    -0.20357   -0.33827   3.37637    -2.02679   5.29952    33.95095
G-C        0.00000    0.00000    0.00000    0.00000    0.00000    0.00000    -0.16743   0.31144    3.36990    -2.04775   8.38567    34.47991
G-C        0.00000    0.00000    0.00000    0.00000    0.00000    0.00000    -0.04381   -0.32174   3.35930    -0.38726   6.91840    33.36805
C-G        0.00000    0.00000    0.00000    0.00000    0.00000    0.00000    0.05438    -0.48078   3.27922    0.74456    4.11830    33.47438
T-A        0.00000    0.00000    0.00000    0.00000    0.00000    0.00000    0.06551    -0.30929   3.30577    2.03194    4.73204    32.86236
C-G        0.00000    0.00000    0.00000    0.00000    0.00000    0.00000    0.17082    -0.08534   3.29059    1.88162    1.52685    37.18979
G-C        0.00000    0.00000    0.00000    0.00000    0.00000    0.00000    0.20742    0.45840    3.35791    2.58270    3.83160    36.13373
T-A        0.00000    0.00000    0.00000    0.00000    0.00000    0.00000    0.03142    -0.64183   3.31167    0.20816    -0.45715   33.39071
A-T        0.00000    0.00000    0.00000    0.00000    0.00000    0.00000    -0.02273   0.73860    3.38708    -0.66026   -5.96991   43.64158
T-A        0.00000    0.00000    0.00000    0.00000    0.00000    0.00000    -0.01788   -0.69270   3.24860    -0.78694   -1.30007   31.82058
A-T        0.00000    0.00000    0.00000    0.00000    0.00000    0.00000    -0.10923   0.35046    3.37341    -1.86111   0.94493    39.99470
A-T        0.00000    0.00000    0.00000    0.00000    0.00000    0.00000    -0.02876   -0.21098   3.23618    -0.94655   1.53983    35.61949
T-A        0.00000    0.00000    0.00000    0.00000    0.00000    0.00000    -0.01668   -0.65929   3.20756    -0.25082   1.95355    30.87057
G-C        0.00000    0.00000    0.00000    0.00000    0.00000    0.00000    0.09129    0.16623    3.36702    0.61461    8.15891    35.45825
T-A        0.00000    0.00000    0.00000    0.00000    0.00000    0.00000    0.06823    -0.62338   3.24461    0.91506    2.80933    32.64815
G-C        0.00000    0.00000    0.00000    0.00000    0.00000    0.00000    0.19616    0.31422    3.34741    2.27690    5.10060    37.00257
T-A        0.00000    0.00000    0.00000    0.00000    0.00000    0.00000    0.07679    -0.62950   3.29633    1.09603    0.35388    33.50393
C-G        0.00000    0.00000    0.00000    0.00000    0.00000    0.00000    0.10349    -0.10264   3.32309    0.88275    -0.91271   38.54256
G-C        0.00000    0.00000    0.00000    0.00000    0.00000    0.00000    -0.04771   0.49040    3.36538    -0.76752   2.24571    37.09190
A-T        0.00000    0.00000    0.00000    0.00000    0.00000    0.00000    -0.14756   -0.10476   3.31474    -1.60678   -0.22772   38.22584
C-G        0.00000    0.00000    0.00000    0.00000    0.00000    0.00000    -0.08790   -0.63609   3.27758    -1.36746   1.28400    33.18512
C-G        0.00000    0.00000    0.00000    0.00000    0.00000    0.00000    -0.25048   -0.33317   3.37376    -2.42808   6.00697    34.04944
A-T        0.00000    0.00000    0.00000    0.00000    0.00000    0.00000    -0.15375   0.14093    3.36799    -1.15654   8.40021    35.32725
A-T        0.00000    0.00000    0.00000    0.00000    0.00000    0.00000    0.01293    -0.17544   3.22672    0.30782    3.38182    35.06520
A-T        0.00000    0.00000    0.00000    0.00000    0.00000    0.00000    0.04825    -0.18896   3.23108    1.18587    2.48549    35.35170
T-A        0.00000    0.00000    0.00000    0.00000    0.00000    0.00000    0.02923    -0.67037   3.22438    1.12252    0.51143    31.26553
G-C        0.00000    0.00000    0.00000    0.00000    0.00000    0.00000    -0.52900   -0.91300   3.45800    -1.69300   -11.71100  37.46900
T-A        0.00000    0.00000    0.00000    0.00000    0.00000    0.00000    -0.90500   -1.56500   3.20600    -2.30400   -8.21600   32.15500
G-C        0.00000    0.00000    0.00000    0.00000    0.00000    0.00000    -0.37600   -0.59600   3.22500    -2.15200   -0.59100   39.45800
A-T        0.00000    0.00000    0.00000    0.00000    0.00000    0.00000    0.13300    -1.01800   3.04900    2.60000    -6.07400   32.09600
G-C        0.00000    0.00000    0.00000    0.00000    0.00000    0.00000    0.92800    -0.52800   2.87900    -1.16300   -8.59200   33.49600
C-G        0.00000    0.00000    0.00000    0.00000    0.00000    0.00000    -0.67500   -0.12400   3.12500    12.52500   -5.62600   33.18900
G-C        0.00000    0.00000    0.00000    0.00000    0.00000    0.00000    0.04900    1.55100    5.41000    0.13300    60.11500   13.23600
C-G        0.00000    0.00000    0.00000    0.00000    0.00000    0.00000    0.71700    -0.08700   3.08800    -11.66700  -4.90100   33.31800
T-A        0.00000    0.00000    0.00000    0.00000    0.00000    0.00000    -0.96100   -0.48300   2.89500    0.88000    -7.56800   33.57900
C-G        0.00000    0.00000    0.00000    0.00000    0.00000    0.00000    -0.12100   -0.98300   3.10600    -2.86300   -6.39900   31.81800
A-T        0.00000    0.00000    0.00000    0.00000    0.00000    0.00000    0.32200    -0.59400   3.18100    1.63800    -0.34700   39.42300
C-G        0.00000    0.00000    0.00000    0.00000    0.00000    0.00000    0.92800    -1.59300   3.28000    2.05900    -8.66500   31.95300
A-T        0.00000    0.00000    0.00000    0.00000    0.00000    0.00000    0.27000    -1.09700   3.26700    -0.64400   -9.99200   39.98000
