147 # base pairs
  0 # ***local base-pair & step parameters***
#          Shear      Stretch    Stagger    Buckle     Prop-Tw    Opening    Shift      Slide      Rise       Tilt       Roll       Twist
A-T        0.00000    0.00000    0.00000    0.00000    0.00000    0.00000    0.00000    0.00000    0.00000    0.00000    0.00000    0.00000
G-C        0.00000    0.00000    0.00000    0.00000    0.00000    0.00000    -0.27100   -1.09500   3.26800    0.63200    -9.98900   39.97400
T-A        0.00000    0.00000    0.00000    0.00000    0.00000    0.00000    -0.92900   -1.59400   3.27900    -2.06100   -8.63900   31.93600
G-C        0.00000    0.00000    0.00000    0.00000    0.00000    0.00000    -0.32200   -0.59300   3.18200    -1.67200   -0.37400   39.43800
A-T        0.00000    0.00000    0.00000    0.00000    0.00000    0.00000    0.12100    -0.98400   3.10400    2.85600    -6.40100   31.82500
G-C        0.00000    0.00000    0.00000    0.00000    0.00000    0.00000    0.96000    -0.48500   2.89700    -0.88600   -7.60300   33.57600
C-G        0.00000    0.00000    0.00000    0.00000    0.00000    0.00000    -0.71600   -0.08700   3.08600    11.72100   -4.90400   33.29400
G-C        0.00000    0.00000    0.00000    0.00000    0.00000    0.00000    -0.04900   1.55300    5.41100    -0.15300   60.13400   13.21100
C-G        0.00000    0.00000    0.00000    0.00000    0.00000    0.00000    0.67500    -0.12200   3.12500    -12.52100  -5.64000   33.20500
T-A        0.00000    0.00000    0.00000    0.00000    0.00000    0.00000    -0.92800   -0.52700   2.87800    1.17200    -8.55900   33.49500
C-G        0.00000    0.00000    0.00000    0.00000    0.00000    0.00000    -0.13300   -1.01800   3.05100    -2.62600   -6.07500   32.10600
A-T        0.00000    0.00000    0.00000    0.00000    0.00000    0.00000    0.37700    -0.59600   3.22300    2.15700    -0.58600   39.43900
C-G        0.00000    0.00000    0.00000    0.00000    0.00000    0.00000    0.90400    -1.56400   3.20700    2.30100    -8.21100   32.14900
A-T        0.00000    0.00000    0.00000    0.00000    0.00000    0.00000    0.52900    -0.91300   3.45700    1.67600    -11.71500  37.48500
A-T        0.00000    0.00000    0.00000    0.00000    0.00000    0.00000    -0.03919   -0.29751   3.24085    -1.80749   -1.46227   35.29186
T-A        0.00000    0.00000    0.00000    0.00000    0.00000    0.00000    -0.03032   -0.67657   3.21108    -1.24696   1.04007    30.32695
T-A        0.00000    0.00000    0.00000    0.00000    0.00000    0.00000    -0.05635   -0.21262   3.21859    -1.30795   3.46810    33.92200
T-A        0.00000    0.00000    0.00000    0.00000    0.00000    0.00000    -0.02025   -0.19674   3.21368    -0.32034   4.44280    33.60153
A-T        0.00000    0.00000    0.00000    0.00000    0.00000    0.00000    0.07126    -0.30486   3.32416    1.22453    11.09299   32.64546
T-A        0.00000    0.00000    0.00000    0.00000    0.00000    0.00000    0.02999    -0.67196   3.20572    1.12366    1.57011    30.27204
T-A        0.00000    0.00000    0.00000    0.00000    0.00000    0.00000    0.04228    -0.27955   3.23795    1.82063    -0.55870   35.18455
C-G        0.00000    0.00000    0.00000    0.00000    0.00000    0.00000    0.18690    -0.12717   3.29254    2.02983    -0.26525   36.96467
G-C        0.00000    0.00000    0.00000    0.00000    0.00000    0.00000    0.07099    0.48113    3.32484    1.00398    1.87396    35.80645
C-G        0.00000    0.00000    0.00000    0.00000    0.00000    0.00000    -0.09262   -0.38652   3.33118    -1.02190   0.24921    34.22833
A-T        0.00000    0.00000    0.00000    0.00000    0.00000    0.00000    -0.20858   0.29957    3.31121    -2.44094   3.22274    36.22934
A-T        0.00000    0.00000    0.00000    0.00000    0.00000    0.00000    -0.04058   -0.26728   3.23394    -1.75433   0.10205    34.88630
A-T        0.00000    0.00000    0.00000    0.00000    0.00000    0.00000    -0.02688   -0.22513   3.22255    -1.27826   2.55853    34.17858
G-C        0.00000    0.00000    0.00000    0.00000    0.00000    0.00000    -0.03089   -0.33406   3.27430    -1.21202   6.83638    31.24438
G-C        0.00000    0.00000    0.00000    0.00000    0.00000    0.00000    0.11318    -0.38445   3.34135    0.96657    8.06069    32.10655
C-G        0.00000    0.00000    0.00000    0.00000    0.00000    0.00000    0.17096    -0.49336   3.26200    1.92650    4.34310    32.72565
C-G        0.00000    0.00000    0.00000    0.00000    0.00000    0.00000    0.30709    -0.31301   3.36054    3.16569    5.18475    33.29391
G-C        0.00000    0.00000    0.00000    0.00000    0.00000    0.00000    0.28373    0.40826    3.34018    3.77387    4.31398    35.23910
G-C        0.00000    0.00000    0.00000    0.00000    0.00000    0.00000    0.08995    -0.30106   3.38710    1.23110    2.08721    34.46903
C-G        0.00000    0.00000    0.00000    0.00000    0.00000    0.00000    -0.03891   -0.38638   3.34005    -0.35563   0.18261    34.58553
C-G        0.00000    0.00000    0.00000    0.00000    0.00000    0.00000    -0.17872   -0.30294   3.38195    -1.95265   2.62399    34.27185
C-G        0.00000    0.00000    0.00000    0.00000    0.00000    0.00000    -0.27153   -0.33136   3.36971    -2.88638   4.25401    33.59701
G-C        0.00000    0.00000    0.00000    0.00000    0.00000    0.00000    -0.28647   0.32872    3.34318    -3.79729   7.88221    33.83550
A-T        0.00000    0.00000    0.00000    0.00000    0.00000    0.00000    -0.10867   -0.08945   3.25258    -1.28329   4.48467    35.32658
C-G        0.00000    0.00000    0.00000    0.00000    0.00000    0.00000    -0.00865   -0.63520   3.20349    0.25716    4.21556    31.04199
A-T        0.00000    0.00000    0.00000    0.00000    0.00000    0.00000    0.02995    0.02617    3.35412    1.57252    8.94601    33.54425
C-G        0.00000    0.00000    0.00000    0.00000    0.00000    0.00000    0.06451    -0.65235   3.24233    1.73889    2.64644    31.62267
G-C        0.00000    0.00000    0.00000    0.00000    0.00000    0.00000    0.28977    0.36967    3.34239    3.81086    5.54464    34.73656
A-T        0.00000    0.00000    0.00000    0.00000    0.00000    0.00000    0.08092    -0.13264   3.31021    1.38227    -0.29239   37.42161
C-G        0.00000    0.00000    0.00000    0.00000    0.00000    0.00000    0.00709    -0.64843   3.30910    0.33932    -0.66749   32.82634
T-A        0.00000    0.00000    0.00000    0.00000    0.00000    0.00000    0.00058    -0.33067   3.32944    -0.71021   0.96805    33.26799
T-A        0.00000    0.00000    0.00000    0.00000    0.00000    0.00000    -0.07077   -0.28835   3.24755    -1.28801   -1.87661   35.92508
A-T        0.00000    0.00000    0.00000    0.00000    0.00000    0.00000    -0.11293   0.21906    3.35095    -2.00572   2.89457    37.78522
C-G        0.00000    0.00000    0.00000    0.00000    0.00000    0.00000    -0.06158   -0.62631   3.22585    -0.87049   3.20716    31.70228
T-A        0.00000    0.00000    0.00000    0.00000    0.00000    0.00000    0.01469    -0.32219   3.28901    -0.04880   6.16155    31.81619
G-C        0.00000    0.00000    0.00000    0.00000    0.00000    0.00000    0.13216    0.08012    3.35642    0.70458    8.71694    34.18726
T-A        0.00000    0.00000    0.00000    0.00000    0.00000    0.00000    0.07960    -0.63320   3.23324    0.98961    2.90774    31.81987
A-T        0.00000    0.00000    0.00000    0.00000    0.00000    0.00000    0.11161    0.23692    3.35580    1.93105    1.84496    38.29910
G-C        0.00000    0.00000    0.00000    0.00000    0.00000    0.00000    0.00922    -0.33414   3.32654    1.31525    1.94076    33.09490
G-C        0.00000    0.00000    0.00000    0.00000    0.00000    0.00000    0.03911    -0.30193   3.38651    0.66496    2.45731    34.40658
T-A        0.00000    0.00000    0.00000    0.00000    0.00000    0.00000    -0.03397   -0.64802   3.30631    -0.53867   -0.37751   32.88399
A-T        0.00000    0.00000    0.00000    0.00000    0.00000    0.00000    -0.09008   0.54836    3.36905    -1.44820   -2.96101   41.22933
T-A        0.00000    0.00000    0.00000    0.00000    0.00000    0.00000    -0.02647   -0.68091   3.23012    -0.90398   -0.09735   31.11802
C-G        0.00000    0.00000    0.00000    0.00000    0.00000    0.00000    -0.10631   -0.09145   3.28597    -1.48785   3.00808    36.59150
T-A        0.00000    0.00000    0.00000    0.00000    0.00000    0.00000    0.00439    -0.31604   3.29891    -0.31643   5.63656    32.27617
C-G        0.00000    0.00000    0.00000    0.00000    0.00000    0.00000    0.04707    -0.08451   3.26953    0.40195    4.04419    36.07691
G-C        0.00000    0.00000    0.00000    0.00000    0.00000    0.00000    0.17954    0.31439    3.36306    2.27074    8.30756    34.26167
A-T        0.00000    0.00000    0.00000    0.00000    0.00000    0.00000    0.12233    -0.10578   3.29714    1.68609    2.04318    36.99094
G-C        0.00000    0.00000    0.00000    0.00000    0.00000    0.00000    0.01373    -0.32613   3.32910    1.23818    2.33847    33.32404
C-G        0.00000    0.00000    0.00000    0.00000    0.00000    0.00000    0.06740    -0.40957   3.33362    0.80896    0.97372    34.55232
T-A        0.00000    0.00000    0.00000    0.00000    0.00000    0.00000    0.02648    -0.32599   3.33632    0.12998    1.19412    33.71867
C-G        0.00000    0.00000    0.00000    0.00000    0.00000    0.00000    -0.07081   -0.11352   3.31357    -1.10741   0.09017    37.72290
G-C        0.00000    0.00000    0.00000    0.00000    0.00000    0.00000    -0.22622   0.39900    3.35733    -2.90977   5.53857    35.28564
G-C        0.00000    0.00000    0.00000    0.00000    0.00000    0.00000    -0.19843   -0.29435   3.36441    -2.04399   5.53783    33.64361
G-C        0.00000    0.00000    0.00000    0.00000    0.00000    0.00000    -0.10623   -0.31689   3.35726    -1.17254   6.55470    33.21485
A-T        0.00000    0.00000    0.00000    0.00000    0.00000    0.00000    -0.00403   -0.08609   3.27021    0.05078    4.00719    36.02721
T-A        0.00000    0.00000    0.00000    0.00000    0.00000    0.00000    0.01655    -0.66820   3.20895    0.50062    1.54455    30.51407
C-G        0.00000    0.00000    0.00000    0.00000    0.00000    0.00000    0.15177    -0.09706   3.27784    1.64652    2.49387    36.45864
C-G        0.00000    0.00000    0.00000    0.00000    0.00000    0.00000    0.22115    -0.28842   3.37521    2.17405    4.03532    34.06203
G-C        0.00000    0.00000    0.00000    0.00000    0.00000    0.00000    0.13537    0.43404    3.35117    1.75785    3.78985    35.79092
C-G        0.00000    0.00000    0.00000    0.00000    0.00000    0.00000    0.00089    -0.40602   3.33426    0.02409    0.84756    34.52846
T-A        0.00000    0.00000    0.00000    0.00000    0.00000    0.00000    0.00550    -0.32682   3.33247    -0.61356   1.60782    33.47437
T-A        0.00000    0.00000    0.00000    0.00000    0.00000    0.00000    -0.05890   -0.27244   3.24785    -1.05397   -1.32966   36.05751
T-A        0.00000    0.00000    0.00000    0.00000    0.00000    0.00000    -0.05747   -0.24046   3.24010    -1.11944   0.37353    35.60111
A-T        0.00000    0.00000    0.00000    0.00000    0.00000    0.00000    -0.05741   0.07659    3.35305    -0.97295   5.77209    36.73464
A-T        0.00000    0.00000    0.00000    0.00000    0.00000    0.00000    0.01338    -0.20619   3.23006    0.04260    2.36209    34.95135
C-G        0.00000    0.00000    0.00000    0.00000    0.00000    0.00000    0.01070    -0.63924   3.23929    0.82698    3.05005    32.06351
A-T        0.00000    0.00000    0.00000    0.00000    0.00000    0.00000    0.04764    0.17491    3.35255    1.60557    6.42711    35.45545
C-G        0.00000    0.00000    0.00000    0.00000    0.00000    0.00000    0.04923    -0.64789   3.27928    1.33329    1.26361    32.70196
T-A        0.00000    0.00000    0.00000    0.00000    0.00000    0.00000    0.07444    -0.32272   3.32985    1.55724    1.98768    33.61071
T-A        0.00000    0.00000    0.00000    0.00000    0.00000    0.00000    -0.00984   -0.29876   3.25737    0.29103    -3.12757   36.74293
T-A        0.00000    0.00000    0.00000    0.00000    0.00000    0.00000    -0.03402   -0.29587   3.25666    -0.37872   -2.93581   36.70200
A-T        0.00000    0.00000    0.00000    0.00000    0.00000    0.00000    -0.07563   0.51418    3.37633    -1.32404   -2.01626   41.30450
T-A        0.00000    0.00000    0.00000    0.00000    0.00000    0.00000    -0.02226   -0.67889   3.23066    -0.74709   0.08812    31.30810
G-C        0.00000    0.00000    0.00000    0.00000    0.00000    0.00000    -0.02972   0.16349    3.35900    -1.31870   6.90876    35.48504
C-G        0.00000    0.00000    0.00000    0.00000    0.00000    0.00000    -0.04501   -0.48048   3.28470    -0.46495   3.96710    33.60791
T-A        0.00000    0.00000    0.00000    0.00000    0.00000    0.00000    0.02921    -0.31279   3.30486    0.89580    5.41371    32.70942
T-A        0.00000    0.00000    0.00000    0.00000    0.00000    0.00000    0.01433    -0.21865   3.23648    0.80942    1.22822    35.46833
C-G        0.00000    0.00000    0.00000    0.00000    0.00000    0.00000    0.15089    -0.08951   3.29088    1.64714    1.72725    37.13327
C-G        0.00000    0.00000    0.00000    0.00000    0.00000    0.00000    0.19820    -0.26065   3.38361    1.89376    3.38910    34.68123
G-C        0.00000    0.00000    0.00000    0.00000    0.00000    0.00000    0.08056    0.46232    3.36023    0.97894    3.25780    36.38210
T-A        0.00000    0.00000    0.00000    0.00000    0.00000    0.00000    -0.00951   -0.64816   3.30929    -0.49631   -0.17554   33.31627
C-G        0.00000    0.00000    0.00000    0.00000    0.00000    0.00000    -0.07689   -0.11162   3.31640    -1.23293   0.27400    37.89627
A-T        0.00000    0.00000    0.00000    0.00000    0.00000    0.00000    -0.17649   0.25796    3.34451    -1.89979   4.99338    36.55084
T-A        0.00000    0.00000    0.00000    0.00000    0.00000    0.00000    -0.02274   -0.67198   3.21976    -0.70444   0.91761    31.00905
G-C        0.00000    0.00000    0.00000    0.00000    0.00000    0.00000    0.00364    0.12991    3.36333    -0.84789   7.87283    35.06863
T-A        0.00000    0.00000    0.00000    0.00000    0.00000    0.00000    0.02371    -0.63319   3.23208    -0.03770   3.39288    32.11971
T-A        0.00000    0.00000    0.00000    0.00000    0.00000    0.00000    0.01094    -0.20995   3.23374    0.74661    1.74325    35.29631
A-T        0.00000    0.00000    0.00000    0.00000    0.00000    0.00000    0.09701    0.31212    3.36406    1.71232    2.01266    39.05512
T-A        0.00000    0.00000    0.00000    0.00000    0.00000    0.00000    0.02520    -0.68712   3.24238    0.81342    -0.94863   31.54333
A-T        0.00000    0.00000    0.00000    0.00000    0.00000    0.00000    0.06052    0.68754    3.37938    0.89522    -5.12226   42.79520
A-T        0.00000    0.00000    0.00000    0.00000    0.00000    0.00000    0.01859    -0.31196   3.25868    -0.28314   -3.66106   36.78696
C-G        0.00000    0.00000    0.00000    0.00000    0.00000    0.00000    -0.03784   -0.64171   3.29767    -0.78968   0.05271    33.00807
G-C        0.00000    0.00000    0.00000    0.00000    0.00000    0.00000    -0.25679   0.38409    3.35622    -3.35928   5.41707    35.28035
G-C        0.00000    0.00000    0.00000    0.00000    0.00000    0.00000    -0.23935   -0.30967   3.36424    -2.43749   5.65956    33.54176
A-T        0.00000    0.00000    0.00000    0.00000    0.00000    0.00000    -0.10908   -0.08858   3.26504    -1.14510   4.03849    35.93271
G-C        0.00000    0.00000    0.00000    0.00000    0.00000    0.00000    -0.02658   -0.32054   3.29079    -0.36357   6.22249    31.97364
C-G        0.00000    0.00000    0.00000    0.00000    0.00000    0.00000    0.09754    -0.48513   3.27112    1.19581    4.26411    33.15762
T-A        0.00000    0.00000    0.00000    0.00000    0.00000    0.00000    0.08255    -0.31881   3.30100    2.43344    4.56428    32.56763
C-G        0.00000    0.00000    0.00000    0.00000    0.00000    0.00000    0.19095    -0.09736   3.28903    2.09407    1.12020    37.03503
G-C        0.00000    0.00000    0.00000    0.00000    0.00000    0.00000    0.19446    0.46332    3.34768    2.44367    3.20961    36.02103
T-A        0.00000    0.00000    0.00000    0.00000    0.00000    0.00000    0.01111    -0.64513   3.31412    -0.01952   -0.72350   33.19986
A-T        0.00000    0.00000    0.00000    0.00000    0.00000    0.00000    -0.05268   0.69910    3.38052    -1.09556   -5.68614   43.05245
T-A        0.00000    0.00000    0.00000    0.00000    0.00000    0.00000    -0.02482   -0.69067   3.24275    -0.97469   -0.96712   31.55268
A-T        0.00000    0.00000    0.00000    0.00000    0.00000    0.00000    -0.11911   0.22761    3.36269    -2.03722   2.85407    38.52250
A-T        0.00000    0.00000    0.00000    0.00000    0.00000    0.00000    -0.02473   -0.20485   3.23009    -0.87598   2.36496    35.07918
T-A        0.00000    0.00000    0.00000    0.00000    0.00000    0.00000    -0.00997   -0.65767   3.20033    -0.11798   2.36773    30.52658
G-C        0.00000    0.00000    0.00000    0.00000    0.00000    0.00000    0.12664    0.13836    3.36333    1.01412    8.47821    35.00606
T-A        0.00000    0.00000    0.00000    0.00000    0.00000    0.00000    0.08088    -0.62414   3.24248    1.18904    2.71459    32.42014
G-C        0.00000    0.00000    0.00000    0.00000    0.00000    0.00000    0.21215    0.30839    3.34020    2.50644    4.69060    36.86533
T-A        0.00000    0.00000    0.00000    0.00000    0.00000    0.00000    0.06809    -0.63272   3.30095    1.08537    -0.01745   33.36753
C-G        0.00000    0.00000    0.00000    0.00000    0.00000    0.00000    0.08272    -0.11240   3.32276    0.63359    -1.22193   38.40448
G-C        0.00000    0.00000    0.00000    0.00000    0.00000    0.00000    -0.10410   0.48632    3.35697    -1.45288   2.22331    36.79147
A-T        0.00000    0.00000    0.00000    0.00000    0.00000    0.00000    -0.17827   -0.10610   3.30590    -1.96502   0.08219    37.81200
C-G        0.00000    0.00000    0.00000    0.00000    0.00000    0.00000    -0.09394   -0.63265   3.26445    -1.49472   1.69876    32.77971
C-G        0.00000    0.00000    0.00000    0.00000    0.00000    0.00000    -0.24591   -0.34606   3.36555    -2.39722   6.55350    33.56045
A-T        0.00000    0.00000    0.00000    0.00000    0.00000    0.00000    -0.13444   0.10026    3.36662    -0.83263   9.01859    34.69668
A-T        0.00000    0.00000    0.00000    0.00000    0.00000    0.00000    0.02491    -0.18135   3.22381    0.55405    3.60789    34.71248
A-T        0.00000    0.00000    0.00000    0.00000    0.00000    0.00000    0.05853    -0.20211   3.22996    1.39226    2.34442    35.10714
T-A        0.00000    0.00000    0.00000    0.00000    0.00000    0.00000    0.03154    -0.67608   3.22605    1.19896    0.25559    31.14034
G-C        0.00000    0.00000    0.00000    0.00000    0.00000    0.00000    -0.52900   -0.91300   3.45800    -1.69300   -11.71100  37.46900
T-A        0.00000    0.00000    0.00000    0.00000    0.00000    0.00000    -0.90500   -1.56500   3.20600    -2.30400   -8.21600   32.15500
G-C        0.00000    0.00000    0.00000    0.00000    0.00000    0.00000    -0.37600   -0.59600   3.22500    -2.15200   -0.59100   39.45800
A-T        0.00000    0.00000    0.00000    0.00000    0.00000    0.00000    0.13300    -1.01800   3.04900    2.60000    -6.07400   32.09600
G-C        0.00000    0.00000    0.00000    0.00000    0.00000    0.00000    0.92800    -0.52800   2.87900    -1.16300   -8.59200   33.49600
C-G        0.00000    0.00000    0.00000    0.00000    0.00000    0.00000    -0.67500   -0.12400   3.12500    12.52500   -5.62600   33.18900
G-C        0.00000    0.00000    0.00000    0.00000    0.00000    0.00000    0.04900    1.55100    5.41000    0.13300    60.11500   13.23600
C-G        0.00000    0.00000    0.00000    0.00000    0.00000    0.00000    0.71700    -0.08700   3.08800    -11.66700  -4.90100   33.31800
T-A        0.00000    0.00000    0.00000    0.00000    0.00000    0.00000    -0.96100   -0.48300   2.89500    0.88000    -7.56800   33.57900
C-G        0.00000    0.00000    0.00000    0.00000    0.00000    0.00000    -0.12100   -0.98300   3.10600    -2.86300   -6.39900   31.81800
A-T        0.00000    0.00000    0.00000    0.00000    0.00000    0.00000    0.32200    -0.59400   3.18100    1.63800    -0.34700   39.42300
C-G        0.00000    0.00000    0.00000    0.00000    0.00000    0.00000    0.92800    -1.59300   3.28000    2.05900    -8.66500   31.95300
A-T        0.00000    0.00000    0.00000    0.00000    0.00000    0.00000    0.27000    -1.09700   3.26700    -0.64400   -9.99200   39.98000
