147 # base pairs
  0 # ***local base-pair & step parameters***
#          Shear      Stretch    Stagger    Buckle     Prop-Tw    Opening    Shift      Slide      Rise       Tilt       Roll       Twist
A-T        0.00000    0.00000    0.00000    0.00000    0.00000    0.00000    0.00000    0.00000    0.00000    0.00000    0.00000    0.00000
G-C        0.00000    0.00000    0.00000    0.00000    0.00000    0.00000    -0.27100   -1.09500   3.26800    0.63200    -9.98900   39.97400
T-A        0.00000    0.00000    0.00000    0.00000    0.00000    0.00000    -0.92900   -1.59400   3.27900    -2.06100   -8.63900   31.93600
G-C        0.00000    0.00000    0.00000    0.00000    0.00000    0.00000    -0.32200   -0.59300   3.18200    -1.67200   -0.37400   39.43800
A-T        0.00000    0.00000    0.00000    0.00000    0.00000    0.00000    0.12100    -0.98400   3.10400    2.85600    -6.40100   31.82500
G-C        0.00000    0.00000    0.00000    0.00000    0.00000    0.00000    0.96000    -0.48500   2.89700    -0.88600   -7.60300   33.57600
C-G        0.00000    0.00000    0.00000    0.00000    0.00000    0.00000    -0.71600   -0.08700   3.08600    11.72100   -4.90400   33.29400
G-C        0.00000    0.00000    0.00000    0.00000    0.00000    0.00000    -0.04900   1.55300    5.41100    -0.15300   60.13400   13.21100
C-G        0.00000    0.00000    0.00000    0.00000    0.00000    0.00000    0.67500    -0.12200   3.12500    -12.52100  -5.64000   33.20500
T-A        0.00000    0.00000    0.00000    0.00000    0.00000    0.00000    -0.92800   -0.52700   2.87800    1.17200    -8.55900   33.49500
C-G        0.00000    0.00000    0.00000    0.00000    0.00000    0.00000    -0.13300   -1.01800   3.05100    -2.62600   -6.07500   32.10600
A-T        0.00000    0.00000    0.00000    0.00000    0.00000    0.00000    0.37700    -0.59600   3.22300    2.15700    -0.58600   39.43900
C-G        0.00000    0.00000    0.00000    0.00000    0.00000    0.00000    0.90400    -1.56400   3.20700    2.30100    -8.21100   32.14900
A-T        0.00000    0.00000    0.00000    0.00000    0.00000    0.00000    0.52900    -0.91300   3.45700    1.67600    -11.71500  37.48500
A-T        0.00000    0.00000    0.00000    0.00000    0.00000    0.00000    -0.03150   -0.32065   3.24267    -1.67588   -2.29175   35.25584
T-A        0.00000    0.00000    0.00000    0.00000    0.00000    0.00000    -0.03123   -0.68387   3.21649    -1.30880   0.46143    30.31185
T-A        0.00000    0.00000    0.00000    0.00000    0.00000    0.00000    -0.06739   -0.23141   3.21946    -1.58195   2.87734    33.83682
T-A        0.00000    0.00000    0.00000    0.00000    0.00000    0.00000    -0.03471   -0.20669   3.21197    -0.72098   4.39290    33.34923
A-T        0.00000    0.00000    0.00000    0.00000    0.00000    0.00000    0.04333    -0.41973   3.31383    0.69844    12.54953   31.31620
T-A        0.00000    0.00000    0.00000    0.00000    0.00000    0.00000    0.02644    -0.66896   3.19540    0.95862    2.22101    29.83782
T-A        0.00000    0.00000    0.00000    0.00000    0.00000    0.00000    0.04208    -0.26987   3.23010    1.77889    0.62348    34.52252
C-G        0.00000    0.00000    0.00000    0.00000    0.00000    0.00000    0.21414    -0.12812   3.27980    2.39049    0.51464    36.39466
G-C        0.00000    0.00000    0.00000    0.00000    0.00000    0.00000    0.15069    0.46014    3.31856    2.06824    2.36757    35.35969
C-G        0.00000    0.00000    0.00000    0.00000    0.00000    0.00000    -0.03934   -0.38353   3.32947    -0.38464   0.11946    34.09373
A-T        0.00000    0.00000    0.00000    0.00000    0.00000    0.00000    -0.18013   0.31449    3.30315    -2.00434   2.46743    36.28498
A-T        0.00000    0.00000    0.00000    0.00000    0.00000    0.00000    -0.03927   -0.28937   3.23768    -1.76673   -0.93642   35.04668
A-T        0.00000    0.00000    0.00000    0.00000    0.00000    0.00000    -0.03409   -0.24325   3.22562    -1.54278   1.68686    34.31034
G-C        0.00000    0.00000    0.00000    0.00000    0.00000    0.00000    -0.04884   -0.33651   3.27260    -1.79654   6.55368    31.17263
G-C        0.00000    0.00000    0.00000    0.00000    0.00000    0.00000    0.04383    -0.38377   3.33724    0.21842    8.19763    31.90542
C-G        0.00000    0.00000    0.00000    0.00000    0.00000    0.00000    0.13451    -0.50463   3.25055    1.47627    4.79496    32.39037
C-G        0.00000    0.00000    0.00000    0.00000    0.00000    0.00000    0.28503    -0.33421   3.35274    2.94274    5.99805    32.80267
G-C        0.00000    0.00000    0.00000    0.00000    0.00000    0.00000    0.31403    0.36984    3.33728    4.15278    5.41714    34.63608
G-C        0.00000    0.00000    0.00000    0.00000    0.00000    0.00000    0.15690    -0.32398   3.38249    1.90719    2.60331    34.09945
C-G        0.00000    0.00000    0.00000    0.00000    0.00000    0.00000    0.01297    -0.38855   3.33709    0.26363    0.21813    34.44971
C-G        0.00000    0.00000    0.00000    0.00000    0.00000    0.00000    -0.11855   -0.29822   3.38298    -1.31843   2.19671    34.30193
C-G        0.00000    0.00000    0.00000    0.00000    0.00000    0.00000    -0.24329   -0.32351   3.37264    -2.59747   3.56422    33.72775
G-C        0.00000    0.00000    0.00000    0.00000    0.00000    0.00000    -0.30514   0.35627    3.33744    -4.01235   6.91272    34.06143
A-T        0.00000    0.00000    0.00000    0.00000    0.00000    0.00000    -0.14383   -0.09219   3.25355    -1.69062   4.01277    35.37246
C-G        0.00000    0.00000    0.00000    0.00000    0.00000    0.00000    -0.02360   -0.63156   3.20248    -0.13834   4.12898    30.96558
A-T        0.00000    0.00000    0.00000    0.00000    0.00000    0.00000    -0.00390   0.01197    3.35324    1.05538    9.34979    33.25978
C-G        0.00000    0.00000    0.00000    0.00000    0.00000    0.00000    0.05671    -0.64993   3.22920    1.52951    3.15174    31.31483
G-C        0.00000    0.00000    0.00000    0.00000    0.00000    0.00000    0.29393    0.33582    3.34041    3.82582    6.56472    34.20354
A-T        0.00000    0.00000    0.00000    0.00000    0.00000    0.00000    0.10845    -0.13447   3.30358    1.69343    0.31556    37.06537
C-G        0.00000    0.00000    0.00000    0.00000    0.00000    0.00000    0.02348    -0.65222   3.30389    0.70652    -0.44951   32.61067
T-A        0.00000    0.00000    0.00000    0.00000    0.00000    0.00000    0.01426    -0.33711   3.32701    -0.19188   0.84685    33.13021
T-A        0.00000    0.00000    0.00000    0.00000    0.00000    0.00000    -0.06603   -0.30419   3.24954    -1.04183   -2.50067   35.96348
A-T        0.00000    0.00000    0.00000    0.00000    0.00000    0.00000    -0.11568   0.29810    3.35207    -1.98127   1.29622    38.46071
C-G        0.00000    0.00000    0.00000    0.00000    0.00000    0.00000    -0.06819   -0.62513   3.23227    -1.04873   2.79978    31.72861
T-A        0.00000    0.00000    0.00000    0.00000    0.00000    0.00000    0.00385    -0.32214   3.28935    -0.47170   5.90150    31.75780
G-C        0.00000    0.00000    0.00000    0.00000    0.00000    0.00000    0.10366    0.06685    3.35513    0.21460    8.87603    33.92225
T-A        0.00000    0.00000    0.00000    0.00000    0.00000    0.00000    0.07250    -0.63327   3.22500    0.74711    3.23387    31.57139
A-T        0.00000    0.00000    0.00000    0.00000    0.00000    0.00000    0.10956    0.12227    3.34867    1.82103    3.65649    37.07271
G-C        0.00000    0.00000    0.00000    0.00000    0.00000    0.00000    0.01973    -0.33712   3.32051    1.46800    2.52467    32.80264
G-C        0.00000    0.00000    0.00000    0.00000    0.00000    0.00000    0.09012    -0.31854   3.38390    1.15734    2.84304    34.16919
T-A        0.00000    0.00000    0.00000    0.00000    0.00000    0.00000    -0.01977   -0.64773   3.30423    -0.21380   -0.34791   32.80322
A-T        0.00000    0.00000    0.00000    0.00000    0.00000    0.00000    -0.07350   0.57641    3.36948    -1.10919   -3.71845   41.49324
T-A        0.00000    0.00000    0.00000    0.00000    0.00000    0.00000    -0.02681   -0.68578   3.23507    -0.84008   -0.52014   31.18695
C-G        0.00000    0.00000    0.00000    0.00000    0.00000    0.00000    -0.11528   -0.09670   3.28950    -1.59872   2.52725    36.68141
T-A        0.00000    0.00000    0.00000    0.00000    0.00000    0.00000    -0.00519   -0.31681   3.30019    -0.64048   5.31365    32.26086
C-G        0.00000    0.00000    0.00000    0.00000    0.00000    0.00000    0.01673    -0.08588   3.26953    0.02658    4.02646    36.00892
G-C        0.00000    0.00000    0.00000    0.00000    0.00000    0.00000    0.13754    0.30523    3.36078    1.70819    8.68268    34.00979
A-T        0.00000    0.00000    0.00000    0.00000    0.00000    0.00000    0.11325    -0.10357   3.29051    1.53982    2.52102    36.69458
G-C        0.00000    0.00000    0.00000    0.00000    0.00000    0.00000    0.02100    -0.32820   3.32321    1.30906    2.84084    33.04179
C-G        0.00000    0.00000    0.00000    0.00000    0.00000    0.00000    0.09362    -0.41736   3.32699    1.08482    1.25756    34.35284
T-A        0.00000    0.00000    0.00000    0.00000    0.00000    0.00000    0.03888    -0.33031   3.33333    0.50424    1.30632    33.56500
C-G        0.00000    0.00000    0.00000    0.00000    0.00000    0.00000    -0.04408   -0.11822   3.31275    -0.78897   -0.08786   37.66497
G-C        0.00000    0.00000    0.00000    0.00000    0.00000    0.00000    -0.20743   0.40741    3.35361    -2.64352   5.03578    35.34649
G-C        0.00000    0.00000    0.00000    0.00000    0.00000    0.00000    -0.21159   -0.29381   3.36625    -2.12077   5.13172    33.67551
G-C        0.00000    0.00000    0.00000    0.00000    0.00000    0.00000    -0.13988   -0.31378   3.35786    -1.46554   6.25299    33.21514
A-T        0.00000    0.00000    0.00000    0.00000    0.00000    0.00000    -0.03150   -0.08717   3.26803    -0.26521   3.93897    35.92949
T-A        0.00000    0.00000    0.00000    0.00000    0.00000    0.00000    0.01226    -0.66709   3.20640    0.35630    1.69229    30.39367
C-G        0.00000    0.00000    0.00000    0.00000    0.00000    0.00000    0.13762    -0.09544   3.27351    1.47501    2.85983    36.23758
C-G        0.00000    0.00000    0.00000    0.00000    0.00000    0.00000    0.22206    -0.29500   3.37089    2.17525    4.45832    33.81825
G-C        0.00000    0.00000    0.00000    0.00000    0.00000    0.00000    0.16444    0.41946    3.34983    2.10495    4.26321    35.52315
C-G        0.00000    0.00000    0.00000    0.00000    0.00000    0.00000    0.03025    -0.40927   3.33121    0.33596    0.95163    34.41923
T-A        0.00000    0.00000    0.00000    0.00000    0.00000    0.00000    0.01681    -0.33061   3.33182    -0.31441   1.49733    33.41733
T-A        0.00000    0.00000    0.00000    0.00000    0.00000    0.00000    -0.05526   -0.28301   3.24944    -0.92312   -1.74004   36.10281
T-A        0.00000    0.00000    0.00000    0.00000    0.00000    0.00000    -0.05936   -0.25201   3.24208    -1.11581   -0.10954   35.67398
A-T        0.00000    0.00000    0.00000    0.00000    0.00000    0.00000    -0.07039   0.10667    3.35365    -1.15225   5.06861    37.00892
T-A        0.00000    0.00000    0.00000    0.00000    0.00000    0.00000    -0.00750   -0.66521   3.20835    -0.19284   1.67983    30.58744
C-G        0.00000    0.00000    0.00000    0.00000    0.00000    0.00000    0.05512    -0.08297   3.27406    0.55779    3.65703    36.28477
A-T        0.00000    0.00000    0.00000    0.00000    0.00000    0.00000    0.03383    0.16230    3.35374    1.44663    6.83104    35.23675
T-A        0.00000    0.00000    0.00000    0.00000    0.00000    0.00000    0.02332    -0.68034   3.23059    0.76986    -0.03350   31.18434
G-C        0.00000    0.00000    0.00000    0.00000    0.00000    0.00000    0.15063    0.30479    3.33252    1.53254    3.68425    36.83983
T-A        0.00000    0.00000    0.00000    0.00000    0.00000    0.00000    0.02314    -0.64309   3.30184    0.23192    -0.04390   33.07358
T-A        0.00000    0.00000    0.00000    0.00000    0.00000    0.00000    -0.02681   -0.30048   3.25686    -0.20238   -3.05784   36.66828
A-T        0.00000    0.00000    0.00000    0.00000    0.00000    0.00000    -0.06644   0.53869    3.37666    -1.19231   -2.67091   41.53413
T-A        0.00000    0.00000    0.00000    0.00000    0.00000    0.00000    -0.02250   -0.68248   3.23369    -0.75928   -0.17344   31.34007
A-T        0.00000    0.00000    0.00000    0.00000    0.00000    0.00000    -0.07927   0.17922    3.36177    -1.28418   3.98582    37.97847
A-T        0.00000    0.00000    0.00000    0.00000    0.00000    0.00000    -0.00326   -0.20725   3.23289    -0.30621   2.04283    35.21898
C-G        0.00000    0.00000    0.00000    0.00000    0.00000    0.00000    -0.01689   -0.63614   3.23772    0.47647    3.19491    32.19945
G-C        0.00000    0.00000    0.00000    0.00000    0.00000    0.00000    0.14986    0.34477    3.37106    1.99814    7.91873    34.75080
G-C        0.00000    0.00000    0.00000    0.00000    0.00000    0.00000    0.18330    -0.30529   3.37602    1.89608    5.01518    34.16215
A-T        0.00000    0.00000    0.00000    0.00000    0.00000    0.00000    0.09770    -0.09896   3.31371    1.39639    0.71793    37.82808
A-T        0.00000    0.00000    0.00000    0.00000    0.00000    0.00000    0.04349    -0.28686   3.25768    0.48832    -2.90775   36.88373
C-G        0.00000    0.00000    0.00000    0.00000    0.00000    0.00000    0.00606    -0.64544   3.31006    0.06842    -0.25695   33.34839
A-T        0.00000    0.00000    0.00000    0.00000    0.00000    0.00000    -0.11966   0.32944    3.33297    -1.31323   2.94818    37.39007
C-G        0.00000    0.00000    0.00000    0.00000    0.00000    0.00000    -0.06471   -0.63844   3.27904    -1.02310   1.08510    32.90339
T-A        0.00000    0.00000    0.00000    0.00000    0.00000    0.00000    -0.03195   -0.32053   3.31962    -1.30416   4.11653    33.07202
T-A        0.00000    0.00000    0.00000    0.00000    0.00000    0.00000    -0.04615   -0.20889   3.23314    -0.80270   2.02329    35.25155
T-A        0.00000    0.00000    0.00000    0.00000    0.00000    0.00000    -0.02081   -0.19648   3.23036    -0.10143   2.56815    35.09396
A-T        0.00000    0.00000    0.00000    0.00000    0.00000    0.00000    0.04816    0.09177    3.35613    1.00762    6.07416    36.94393
T-A        0.00000    0.00000    0.00000    0.00000    0.00000    0.00000    0.02076    -0.67117   3.22369    0.83140    0.58146    31.15334
G-C        0.00000    0.00000    0.00000    0.00000    0.00000    0.00000    0.18223    0.32016    3.33823    2.04513    4.22256    36.97110
C-G        0.00000    0.00000    0.00000    0.00000    0.00000    0.00000    0.11403    -0.40434   3.33804    1.21509    0.97544    34.81957
T-A        0.00000    0.00000    0.00000    0.00000    0.00000    0.00000    0.05678    -0.31668   3.34375    0.50899    0.90965    34.16960
T-A        0.00000    0.00000    0.00000    0.00000    0.00000    0.00000    -0.03559   -0.29480   3.25975    -0.57538   -3.26449   37.05007
C-G        0.00000    0.00000    0.00000    0.00000    0.00000    0.00000    -0.11133   -0.11020   3.31705    -1.65209   0.58831    37.93618
C-G        0.00000    0.00000    0.00000    0.00000    0.00000    0.00000    -0.23054   -0.33298   3.37887    -2.33501   5.16755    34.13087
G-C        0.00000    0.00000    0.00000    0.00000    0.00000    0.00000    -0.19977   0.31152    3.37348    -2.50113   8.46163    34.58891
G-C        0.00000    0.00000    0.00000    0.00000    0.00000    0.00000    -0.06231   -0.32035   3.35914    -0.62219   7.14527    33.41075
C-G        0.00000    0.00000    0.00000    0.00000    0.00000    0.00000    0.04993    -0.48820   3.27672    0.68587    4.37780    33.46583
T-A        0.00000    0.00000    0.00000    0.00000    0.00000    0.00000    0.06527    -0.30861   3.30494    2.13612    5.06999    32.88216
C-G        0.00000    0.00000    0.00000    0.00000    0.00000    0.00000    0.18550    -0.08208   3.28966    2.09357    1.72453    37.20943
G-C        0.00000    0.00000    0.00000    0.00000    0.00000    0.00000    0.24182    0.46113    3.36099    3.06642    3.81384    36.26511
T-A        0.00000    0.00000    0.00000    0.00000    0.00000    0.00000    0.03673    -0.64028   3.31621    0.38836    -0.63455   33.55843
A-T        0.00000    0.00000    0.00000    0.00000    0.00000    0.00000    -0.01827   0.82207    3.39203    -0.55018   -7.15180   44.50134
T-A        0.00000    0.00000    0.00000    0.00000    0.00000    0.00000    -0.01854   -0.69409   3.25337    -0.81092   -1.63364   32.01035
A-T        0.00000    0.00000    0.00000    0.00000    0.00000    0.00000    -0.11713   0.42395    3.37836    -2.03295   -0.01455   40.77224
A-T        0.00000    0.00000    0.00000    0.00000    0.00000    0.00000    -0.03329   -0.20751   3.23779    -1.10998   1.40386    35.82091
T-A        0.00000    0.00000    0.00000    0.00000    0.00000    0.00000    -0.01753   -0.65746   3.20776    -0.35401   2.01321    30.96710
G-C        0.00000    0.00000    0.00000    0.00000    0.00000    0.00000    0.08437    0.16163    3.37170    0.47284    8.40037    35.53005
T-A        0.00000    0.00000    0.00000    0.00000    0.00000    0.00000    0.07172    -0.62399   3.24223    0.89503    3.03049    32.72805
G-C        0.00000    0.00000    0.00000    0.00000    0.00000    0.00000    0.20305    0.30891    3.35218    2.38996    5.37922    37.07828
T-A        0.00000    0.00000    0.00000    0.00000    0.00000    0.00000    0.08317    -0.62906   3.29615    1.23627    0.45264    33.62801
C-G        0.00000    0.00000    0.00000    0.00000    0.00000    0.00000    0.11836    -0.09910   3.32543    1.09780    -0.97358   38.71285
G-C        0.00000    0.00000    0.00000    0.00000    0.00000    0.00000    -0.02678   0.50497    3.36926    -0.45947   1.92011    37.39063
A-T        0.00000    0.00000    0.00000    0.00000    0.00000    0.00000    -0.14318   -0.10171   3.32057    -1.53601   -0.56400   38.52283
C-G        0.00000    0.00000    0.00000    0.00000    0.00000    0.00000    -0.08930   -0.63464   3.28505    -1.41162   1.01559    33.43567
C-G        0.00000    0.00000    0.00000    0.00000    0.00000    0.00000    -0.26456   -0.32175   3.37729    -2.60371   5.76635    34.31362
A-T        0.00000    0.00000    0.00000    0.00000    0.00000    0.00000    -0.16413   0.16197    3.36959    -1.40754   8.22592    35.62396
A-T        0.00000    0.00000    0.00000    0.00000    0.00000    0.00000    0.00944    -0.16917   3.22741    0.17353    3.46287    35.19487
A-T        0.00000    0.00000    0.00000    0.00000    0.00000    0.00000    0.04596    -0.18059   3.23102    1.11245    2.73234    35.42996
T-A        0.00000    0.00000    0.00000    0.00000    0.00000    0.00000    0.02957    -0.66796   3.22294    1.11983    0.71535    31.31366
G-C        0.00000    0.00000    0.00000    0.00000    0.00000    0.00000    -0.52900   -0.91300   3.45800    -1.69300   -11.71100  37.46900
T-A        0.00000    0.00000    0.00000    0.00000    0.00000    0.00000    -0.90500   -1.56500   3.20600    -2.30400   -8.21600   32.15500
G-C        0.00000    0.00000    0.00000    0.00000    0.00000    0.00000    -0.37600   -0.59600   3.22500    -2.15200   -0.59100   39.45800
A-T        0.00000    0.00000    0.00000    0.00000    0.00000    0.00000    0.13300    -1.01800   3.04900    2.60000    -6.07400   32.09600
G-C        0.00000    0.00000    0.00000    0.00000    0.00000    0.00000    0.92800    -0.52800   2.87900    -1.16300   -8.59200   33.49600
C-G        0.00000    0.00000    0.00000    0.00000    0.00000    0.00000    -0.67500   -0.12400   3.12500    12.52500   -5.62600   33.18900
G-C        0.00000    0.00000    0.00000    0.00000    0.00000    0.00000    0.04900    1.55100    5.41000    0.13300    60.11500   13.23600
C-G        0.00000    0.00000    0.00000    0.00000    0.00000    0.00000    0.71700    -0.08700   3.08800    -11.66700  -4.90100   33.31800
T-A        0.00000    0.00000    0.00000    0.00000    0.00000    0.00000    -0.96100   -0.48300   2.89500    0.88000    -7.56800   33.57900
C-G        0.00000    0.00000    0.00000    0.00000    0.00000    0.00000    -0.12100   -0.98300   3.10600    -2.86300   -6.39900   31.81800
A-T        0.00000    0.00000    0.00000    0.00000    0.00000    0.00000    0.32200    -0.59400   3.18100    1.63800    -0.34700   39.42300
C-G        0.00000    0.00000    0.00000    0.00000    0.00000    0.00000    0.92800    -1.59300   3.28000    2.05900    -8.66500   31.95300
A-T        0.00000    0.00000    0.00000    0.00000    0.00000    0.00000    0.27000    -1.09700   3.26700    -0.64400   -9.99200   39.98000
