147 # base pairs
  0 # ***local base-pair & step parameters***
#          Shear      Stretch    Stagger    Buckle     Prop-Tw    Opening    Shift      Slide      Rise       Tilt       Roll       Twist
A-T        0.00000    0.00000    0.00000    0.00000    0.00000    0.00000    0.00000    0.00000    0.00000    0.00000    0.00000    0.00000
G-C        0.00000    0.00000    0.00000    0.00000    0.00000    0.00000    -0.27100   -1.09500   3.26800    0.63200    -9.98900   39.97400
T-A        0.00000    0.00000    0.00000    0.00000    0.00000    0.00000    -0.92900   -1.59400   3.27900    -2.06100   -8.63900   31.93600
G-C        0.00000    0.00000    0.00000    0.00000    0.00000    0.00000    -0.32200   -0.59300   3.18200    -1.67200   -0.37400   39.43800
A-T        0.00000    0.00000    0.00000    0.00000    0.00000    0.00000    0.12100    -0.98400   3.10400    2.85600    -6.40100   31.82500
G-C        0.00000    0.00000    0.00000    0.00000    0.00000    0.00000    0.96000    -0.48500   2.89700    -0.88600   -7.60300   33.57600
C-G        0.00000    0.00000    0.00000    0.00000    0.00000    0.00000    -0.71600   -0.08700   3.08600    11.72100   -4.90400   33.29400
G-C        0.00000    0.00000    0.00000    0.00000    0.00000    0.00000    -0.04900   1.55300    5.41100    -0.15300   60.13400   13.21100
C-G        0.00000    0.00000    0.00000    0.00000    0.00000    0.00000    0.67500    -0.12200   3.12500    -12.52100  -5.64000   33.20500
T-A        0.00000    0.00000    0.00000    0.00000    0.00000    0.00000    -0.92800   -0.52700   2.87800    1.17200    -8.55900   33.49500
C-G        0.00000    0.00000    0.00000    0.00000    0.00000    0.00000    -0.13300   -1.01800   3.05100    -2.62600   -6.07500   32.10600
A-T        0.00000    0.00000    0.00000    0.00000    0.00000    0.00000    0.37700    -0.59600   3.22300    2.15700    -0.58600   39.43900
C-G        0.00000    0.00000    0.00000    0.00000    0.00000    0.00000    0.90400    -1.56400   3.20700    2.30100    -8.21100   32.14900
A-T        0.00000    0.00000    0.00000    0.00000    0.00000    0.00000    0.52900    -0.91300   3.45700    1.67600    -11.71500  37.48500
A-T        0.00000    0.00000    0.00000    0.00000    0.00000    0.00000    -0.03237   -0.32191   3.24230    -1.74263   -2.30820   35.22874
T-A        0.00000    0.00000    0.00000    0.00000    0.00000    0.00000    -0.03124   -0.68380   3.21552    -1.35389   0.51272    30.27521
T-A        0.00000    0.00000    0.00000    0.00000    0.00000    0.00000    -0.06826   -0.23059   3.21832    -1.62924   3.02824    33.75805
T-A        0.00000    0.00000    0.00000    0.00000    0.00000    0.00000    -0.03494   -0.20544   3.21063    -0.73527   4.57919    33.25572
A-T        0.00000    0.00000    0.00000    0.00000    0.00000    0.00000    0.04460    -0.45050   3.31193    0.73237    12.97757   31.02033
T-A        0.00000    0.00000    0.00000    0.00000    0.00000    0.00000    0.02672    -0.66863   3.19406    0.99466    2.30563    29.79431
T-A        0.00000    0.00000    0.00000    0.00000    0.00000    0.00000    0.04338    -0.27017   3.22950    1.84417    0.66611    34.48478
C-G        0.00000    0.00000    0.00000    0.00000    0.00000    0.00000    0.22014    -0.12849   3.27918    2.47691    0.47808    36.38025
G-C        0.00000    0.00000    0.00000    0.00000    0.00000    0.00000    0.15611    0.46491    3.31690    2.15673    2.23108    35.38187
C-G        0.00000    0.00000    0.00000    0.00000    0.00000    0.00000    -0.04007   -0.38033   3.33028    -0.38620   0.02751    34.10982
A-T        0.00000    0.00000    0.00000    0.00000    0.00000    0.00000    -0.18290   0.32239    3.30130    -2.06456   2.33616    36.32574
A-T        0.00000    0.00000    0.00000    0.00000    0.00000    0.00000    -0.04037   -0.29018   3.23757    -1.82706   -0.98793   35.04625
A-T        0.00000    0.00000    0.00000    0.00000    0.00000    0.00000    -0.03502   -0.24287   3.22510    -1.60239   1.72244    34.28402
G-C        0.00000    0.00000    0.00000    0.00000    0.00000    0.00000    -0.04809   -0.33724   3.27116    -1.86498   6.64156    31.12690
G-C        0.00000    0.00000    0.00000    0.00000    0.00000    0.00000    0.04441    -0.38736   3.33610    0.19737    8.31193    31.84415
C-G        0.00000    0.00000    0.00000    0.00000    0.00000    0.00000    0.13704    -0.50780   3.24855    1.49603    4.88833    32.33614
C-G        0.00000    0.00000    0.00000    0.00000    0.00000    0.00000    0.29012    -0.33833   3.35201    3.00462    6.08383    32.75094
G-C        0.00000    0.00000    0.00000    0.00000    0.00000    0.00000    0.32208    0.36524    3.33675    4.27645    5.47190    34.59735
G-C        0.00000    0.00000    0.00000    0.00000    0.00000    0.00000    0.16213    -0.32585   3.38246    1.99105    2.58693    34.09088
C-G        0.00000    0.00000    0.00000    0.00000    0.00000    0.00000    0.01439    -0.38703   3.33762    0.30716    0.16918    34.46258
C-G        0.00000    0.00000    0.00000    0.00000    0.00000    0.00000    -0.11872   -0.29476   3.38289    -1.30282   2.11268    34.32933
C-G        0.00000    0.00000    0.00000    0.00000    0.00000    0.00000    -0.24551   -0.31936   3.37239    -2.61954   3.48654    33.75361
G-C        0.00000    0.00000    0.00000    0.00000    0.00000    0.00000    -0.30944   0.36178    3.33657    -4.08191   6.83594    34.08419
A-T        0.00000    0.00000    0.00000    0.00000    0.00000    0.00000    -0.14597   -0.09123   3.25325    -1.73747   3.99860    35.37081
C-G        0.00000    0.00000    0.00000    0.00000    0.00000    0.00000    -0.02186   -0.63124   3.20188    -0.17371   4.14412    30.95223
A-T        0.00000    0.00000    0.00000    0.00000    0.00000    0.00000    -0.00406   0.00656    3.35342    1.02025    9.41662    33.21793
C-G        0.00000    0.00000    0.00000    0.00000    0.00000    0.00000    0.05738    -0.65100   3.22801    1.51552    3.20691    31.28398
G-C        0.00000    0.00000    0.00000    0.00000    0.00000    0.00000    0.29375    0.32830    3.34045    3.82643    6.67490    34.14710
A-T        0.00000    0.00000    0.00000    0.00000    0.00000    0.00000    0.10893    -0.13594   3.30290    1.71502    0.38228    37.02766
C-G        0.00000    0.00000    0.00000    0.00000    0.00000    0.00000    0.02134    -0.65282   3.30309    0.73984    -0.41245   32.58987
T-A        0.00000    0.00000    0.00000    0.00000    0.00000    0.00000    0.01254    -0.33700   3.32651    -0.13179   0.85888    33.11802
T-A        0.00000    0.00000    0.00000    0.00000    0.00000    0.00000    -0.06607   -0.30410   3.24963    -1.00195   -2.54079   35.96911
A-T        0.00000    0.00000    0.00000    0.00000    0.00000    0.00000    -0.11391   0.31634    3.35214    -1.94500   1.08317    38.57974
C-G        0.00000    0.00000    0.00000    0.00000    0.00000    0.00000    -0.06538   -0.62406   3.23355    -1.04211   2.72793    31.74608
T-A        0.00000    0.00000    0.00000    0.00000    0.00000    0.00000    0.00694    -0.32107   3.28998    -0.49671   5.81221    31.77863
G-C        0.00000    0.00000    0.00000    0.00000    0.00000    0.00000    0.10314    0.06796    3.35473    0.16107    8.79995    33.93846
T-A        0.00000    0.00000    0.00000    0.00000    0.00000    0.00000    0.07252    -0.63462   3.22549    0.69196    3.22005    31.56482
A-T        0.00000    0.00000    0.00000    0.00000    0.00000    0.00000    0.10643    0.10550    3.34843    1.74488    3.82016    36.95050
G-C        0.00000    0.00000    0.00000    0.00000    0.00000    0.00000    0.01773    -0.33935   3.31980    1.40953    2.62921    32.75812
G-C        0.00000    0.00000    0.00000    0.00000    0.00000    0.00000    0.08721    -0.32285   3.38341    1.14653    2.97313    34.11272
T-A        0.00000    0.00000    0.00000    0.00000    0.00000    0.00000    -0.02098   -0.64750   3.30215    -0.18025   -0.24935   32.76327
A-T        0.00000    0.00000    0.00000    0.00000    0.00000    0.00000    -0.07132   0.56771    3.36876    -1.01632   -3.53321   41.37305
T-A        0.00000    0.00000    0.00000    0.00000    0.00000    0.00000    -0.02615   -0.68555   3.23516    -0.78465   -0.53784   31.17861
C-G        0.00000    0.00000    0.00000    0.00000    0.00000    0.00000    -0.10730   -0.09603   3.28977    -1.50738   2.42714    36.69313
T-A        0.00000    0.00000    0.00000    0.00000    0.00000    0.00000    -0.00096   -0.31598   3.30104    -0.60759   5.15585    32.28431
C-G        0.00000    0.00000    0.00000    0.00000    0.00000    0.00000    0.01674    -0.08730   3.27087    -0.00251   3.86729    36.04728
G-C        0.00000    0.00000    0.00000    0.00000    0.00000    0.00000    0.12676    0.30722    3.36015    1.53766    8.54034    34.03172
A-T        0.00000    0.00000    0.00000    0.00000    0.00000    0.00000    0.10303    -0.10530   3.29001    1.40447    2.50975    36.66165
G-C        0.00000    0.00000    0.00000    0.00000    0.00000    0.00000    0.01745    -0.33077   3.32210    1.17372    2.94274    32.97682
C-G        0.00000    0.00000    0.00000    0.00000    0.00000    0.00000    0.08563    -0.42194   3.32435    1.00783    1.40021    34.27411
T-A        0.00000    0.00000    0.00000    0.00000    0.00000    0.00000    0.03582    -0.33167   3.33134    0.52212    1.51930    33.46692
C-G        0.00000    0.00000    0.00000    0.00000    0.00000    0.00000    -0.03820   -0.11706   3.31062    -0.69047   0.07987    37.57018
G-C        0.00000    0.00000    0.00000    0.00000    0.00000    0.00000    -0.18788   0.40716    3.35331    -2.36829   5.11086    35.29395
G-C        0.00000    0.00000    0.00000    0.00000    0.00000    0.00000    -0.19322   -0.29272   3.36652    -1.91848   5.06288    33.67897
G-C        0.00000    0.00000    0.00000    0.00000    0.00000    0.00000    -0.12716   -0.31077   3.35896    -1.33107   6.07511    33.26414
A-T        0.00000    0.00000    0.00000    0.00000    0.00000    0.00000    -0.02964   -0.08814   3.27036    -0.24854   3.70159    36.01125
T-A        0.00000    0.00000    0.00000    0.00000    0.00000    0.00000    0.01275    -0.66885   3.20886    0.31376    1.50674    30.44776
C-G        0.00000    0.00000    0.00000    0.00000    0.00000    0.00000    0.12671    -0.09770   3.27530    1.31676    2.73890    36.27928
C-G        0.00000    0.00000    0.00000    0.00000    0.00000    0.00000    0.19927    -0.30120   3.37138    1.92804    4.49428    33.78036
G-C        0.00000    0.00000    0.00000    0.00000    0.00000    0.00000    0.14344    0.40925    3.35042    1.83503    4.50585    35.41073
C-G        0.00000    0.00000    0.00000    0.00000    0.00000    0.00000    0.02350    -0.41521   3.32750    0.27540    1.15665    34.31799
T-A        0.00000    0.00000    0.00000    0.00000    0.00000    0.00000    0.01517    -0.33163   3.32934    -0.24264   1.76636    33.30464
T-A        0.00000    0.00000    0.00000    0.00000    0.00000    0.00000    -0.05237   -0.27996   3.24829    -0.81258   -1.51739   35.99653
T-A        0.00000    0.00000    0.00000    0.00000    0.00000    0.00000    -0.05496   -0.25239   3.24184    -0.96784   -0.09311   35.62240
A-T        0.00000    0.00000    0.00000    0.00000    0.00000    0.00000    -0.06011   0.12947    3.35385    -0.97535   4.66454    37.16906
A-T        0.00000    0.00000    0.00000    0.00000    0.00000    0.00000    0.00885    -0.21625   3.23181    -0.09963   1.91514    34.98742
C-G        0.00000    0.00000    0.00000    0.00000    0.00000    0.00000    0.00253    -0.63749   3.24023    0.60724    2.92503    32.00797
A-T        0.00000    0.00000    0.00000    0.00000    0.00000    0.00000    0.02570    0.16976    3.35142    1.27801    6.56683    35.29764
C-G        0.00000    0.00000    0.00000    0.00000    0.00000    0.00000    0.04327    -0.64609   3.27236    1.17582    1.51749    32.50936
T-A        0.00000    0.00000    0.00000    0.00000    0.00000    0.00000    0.07372    -0.32477   3.32488    1.49928    2.40997    33.34567
T-A        0.00000    0.00000    0.00000    0.00000    0.00000    0.00000    -0.00563   -0.29443   3.25437    0.36122    -2.61205   36.45651
T-A        0.00000    0.00000    0.00000    0.00000    0.00000    0.00000    -0.02719   -0.29608   3.25460    -0.21132   -2.63751   36.46638
A-T        0.00000    0.00000    0.00000    0.00000    0.00000    0.00000    -0.06036   0.48382    3.37333    -1.05725   -1.86089   40.94407
T-A        0.00000    0.00000    0.00000    0.00000    0.00000    0.00000    -0.02053   -0.68246   3.23214    -0.65551   -0.08420   31.24293
G-C        0.00000    0.00000    0.00000    0.00000    0.00000    0.00000    -0.02889   0.16453    3.35445    -1.27013   6.57023    35.42950
T-A        0.00000    0.00000    0.00000    0.00000    0.00000    0.00000    -0.00855   -0.63918   3.24197    -0.60772   2.93738    32.12173
C-G        0.00000    0.00000    0.00000    0.00000    0.00000    0.00000    0.03046    -0.08239   3.27818    0.29449    3.48245    36.44771
A-T        0.00000    0.00000    0.00000    0.00000    0.00000    0.00000    0.01059    0.17371    3.35502    1.14359    6.87360    35.34185
T-A        0.00000    0.00000    0.00000    0.00000    0.00000    0.00000    0.01988    -0.67673   3.22830    0.68545    0.17359    31.16985
G-C        0.00000    0.00000    0.00000    0.00000    0.00000    0.00000    0.15173    0.30338    3.33596    1.51381    4.07204    36.77699
T-A        0.00000    0.00000    0.00000    0.00000    0.00000    0.00000    0.03510    -0.64016   3.29787    0.33948    0.17131    33.08083
T-A        0.00000    0.00000    0.00000    0.00000    0.00000    0.00000    -0.01691   -0.29630   3.25683    -0.03095   -2.95004   36.69746
A-T        0.00000    0.00000    0.00000    0.00000    0.00000    0.00000    -0.04718   0.56217    3.37915    -0.95191   -3.10813   41.84937
T-A        0.00000    0.00000    0.00000    0.00000    0.00000    0.00000    -0.01924   -0.68572   3.23755    -0.69724   -0.44010   31.45416
A-T        0.00000    0.00000    0.00000    0.00000    0.00000    0.00000    -0.08192   0.22731    3.36586    -1.31381   3.00885    38.58757
A-T        0.00000    0.00000    0.00000    0.00000    0.00000    0.00000    -0.00989   -0.21253   3.23498    -0.43463   1.71102    35.37855
C-G        0.00000    0.00000    0.00000    0.00000    0.00000    0.00000    -0.03152   -0.63571   3.23939    0.29855    3.13786    32.28576
G-C        0.00000    0.00000    0.00000    0.00000    0.00000    0.00000    0.11445    0.34428    3.37312    1.59637    8.08014    34.76542
G-C        0.00000    0.00000    0.00000    0.00000    0.00000    0.00000    0.16654    -0.29921   3.37395    1.74491    5.27288    34.14117
A-T        0.00000    0.00000    0.00000    0.00000    0.00000    0.00000    0.10320    -0.09233   3.31154    1.44816    1.02511    37.77337
C-G        0.00000    0.00000    0.00000    0.00000    0.00000    0.00000    0.04386    -0.64455   3.30392    0.90231    0.17026    33.30171
T-A        0.00000    0.00000    0.00000    0.00000    0.00000    0.00000    0.05707    -0.31553   3.34229    0.49720    1.23205    34.12167
T-A        0.00000    0.00000    0.00000    0.00000    0.00000    0.00000    -0.03094   -0.28851   3.25845    -0.49493   -2.91848   36.97128
C-G        0.00000    0.00000    0.00000    0.00000    0.00000    0.00000    -0.09339   -0.10978   3.31595    -1.42939   0.69553    37.90809
C-G        0.00000    0.00000    0.00000    0.00000    0.00000    0.00000    -0.20294   -0.33100   3.38030    -2.04060   5.07752    34.19656
G-C        0.00000    0.00000    0.00000    0.00000    0.00000    0.00000    -0.18159   0.31940    3.37436    -2.23847   8.14449    34.74498
G-C        0.00000    0.00000    0.00000    0.00000    0.00000    0.00000    -0.06454   -0.31509   3.36200    -0.60009   6.84707    33.55905
C-G        0.00000    0.00000    0.00000    0.00000    0.00000    0.00000    0.03977    -0.48219   3.28136    0.59100    4.16033    33.58935
T-A        0.00000    0.00000    0.00000    0.00000    0.00000    0.00000    0.05958    -0.30592   3.30742    1.94995    4.89465    32.98829
C-G        0.00000    0.00000    0.00000    0.00000    0.00000    0.00000    0.16930    -0.08002   3.29120    1.89073    1.71018    37.27062
G-C        0.00000    0.00000    0.00000    0.00000    0.00000    0.00000    0.22290    0.45932    3.36269    2.79373    4.00084    36.24494
T-A        0.00000    0.00000    0.00000    0.00000    0.00000    0.00000    0.03946    -0.63996   3.31286    0.34127    -0.44380   33.53066
A-T        0.00000    0.00000    0.00000    0.00000    0.00000    0.00000    -0.01161   0.78622    3.39132    -0.48547   -6.52180   44.18984
T-A        0.00000    0.00000    0.00000    0.00000    0.00000    0.00000    -0.01564   -0.69367   3.25230    -0.73617   -1.53057   31.98727
A-T        0.00000    0.00000    0.00000    0.00000    0.00000    0.00000    -0.10835   0.41962    3.37898    -1.86664   -0.04203   40.78813
A-T        0.00000    0.00000    0.00000    0.00000    0.00000    0.00000    -0.03152   -0.21145   3.23883    -1.02870   1.21830    35.88187
T-A        0.00000    0.00000    0.00000    0.00000    0.00000    0.00000    -0.01902   -0.65915   3.21010    -0.33138   1.83768    31.02752
G-C        0.00000    0.00000    0.00000    0.00000    0.00000    0.00000    0.07723    0.17397    3.37015    0.43414    8.13690    35.64948
T-A        0.00000    0.00000    0.00000    0.00000    0.00000    0.00000    0.06527    -0.62349   3.24466    0.81804    2.91889    32.76515
G-C        0.00000    0.00000    0.00000    0.00000    0.00000    0.00000    0.19297    0.31487    3.35171    2.24316    5.33097    37.09279
T-A        0.00000    0.00000    0.00000    0.00000    0.00000    0.00000    0.08166    -0.62824   3.29492    1.15018    0.51062    33.60635
C-G        0.00000    0.00000    0.00000    0.00000    0.00000    0.00000    0.11545    -0.09772   3.32425    1.04262    -0.83490   38.66367
G-C        0.00000    0.00000    0.00000    0.00000    0.00000    0.00000    -0.02135   0.49789    3.36986    -0.42588   2.13054    37.31533
A-T        0.00000    0.00000    0.00000    0.00000    0.00000    0.00000    -0.13537   -0.10276   3.31999    -1.45829   -0.45674   38.48460
C-G        0.00000    0.00000    0.00000    0.00000    0.00000    0.00000    -0.08611   -0.63659   3.28488    -1.33880   1.04328    33.42302
C-G        0.00000    0.00000    0.00000    0.00000    0.00000    0.00000    -0.25641   -0.32399   3.37793    -2.49851   5.72829    34.32306
A-T        0.00000    0.00000    0.00000    0.00000    0.00000    0.00000    -0.16361   0.16328    3.36913    -1.35834   8.11661    35.66476
A-T        0.00000    0.00000    0.00000    0.00000    0.00000    0.00000    0.00769    -0.17105   3.22806    0.17423    3.32659    35.24425
A-T        0.00000    0.00000    0.00000    0.00000    0.00000    0.00000    0.04389    -0.18136   3.23153    1.08716    2.61714    35.47477
T-A        0.00000    0.00000    0.00000    0.00000    0.00000    0.00000    0.02847    -0.66756   3.22338    1.09389    0.67071    31.33300
G-C        0.00000    0.00000    0.00000    0.00000    0.00000    0.00000    -0.52900   -0.91300   3.45800    -1.69300   -11.71100  37.46900
T-A        0.00000    0.00000    0.00000    0.00000    0.00000    0.00000    -0.90500   -1.56500   3.20600    -2.30400   -8.21600   32.15500
G-C        0.00000    0.00000    0.00000    0.00000    0.00000    0.00000    -0.37600   -0.59600   3.22500    -2.15200   -0.59100   39.45800
A-T        0.00000    0.00000    0.00000    0.00000    0.00000    0.00000    0.13300    -1.01800   3.04900    2.60000    -6.07400   32.09600
G-C        0.00000    0.00000    0.00000    0.00000    0.00000    0.00000    0.92800    -0.52800   2.87900    -1.16300   -8.59200   33.49600
C-G        0.00000    0.00000    0.00000    0.00000    0.00000    0.00000    -0.67500   -0.12400   3.12500    12.52500   -5.62600   33.18900
G-C        0.00000    0.00000    0.00000    0.00000    0.00000    0.00000    0.04900    1.55100    5.41000    0.13300    60.11500   13.23600
C-G        0.00000    0.00000    0.00000    0.00000    0.00000    0.00000    0.71700    -0.08700   3.08800    -11.66700  -4.90100   33.31800
T-A        0.00000    0.00000    0.00000    0.00000    0.00000    0.00000    -0.96100   -0.48300   2.89500    0.88000    -7.56800   33.57900
C-G        0.00000    0.00000    0.00000    0.00000    0.00000    0.00000    -0.12100   -0.98300   3.10600    -2.86300   -6.39900   31.81800
A-T        0.00000    0.00000    0.00000    0.00000    0.00000    0.00000    0.32200    -0.59400   3.18100    1.63800    -0.34700   39.42300
C-G        0.00000    0.00000    0.00000    0.00000    0.00000    0.00000    0.92800    -1.59300   3.28000    2.05900    -8.66500   31.95300
A-T        0.00000    0.00000    0.00000    0.00000    0.00000    0.00000    0.27000    -1.09700   3.26700    -0.64400   -9.99200   39.98000
