147 # base pairs
  0 # ***local base-pair & step parameters***
#          Shear      Stretch    Stagger    Buckle     Prop-Tw    Opening    Shift      Slide      Rise       Tilt       Roll       Twist
A-T        0.00000    0.00000    0.00000    0.00000    0.00000    0.00000    0.00000    0.00000    0.00000    0.00000    0.00000    0.00000
G-C        0.00000    0.00000    0.00000    0.00000    0.00000    0.00000    -0.27100   -1.09500   3.26800    0.63200    -9.98900   39.97400
T-A        0.00000    0.00000    0.00000    0.00000    0.00000    0.00000    -0.92900   -1.59400   3.27900    -2.06100   -8.63900   31.93600
G-C        0.00000    0.00000    0.00000    0.00000    0.00000    0.00000    -0.32200   -0.59300   3.18200    -1.67200   -0.37400   39.43800
A-T        0.00000    0.00000    0.00000    0.00000    0.00000    0.00000    0.12100    -0.98400   3.10400    2.85600    -6.40100   31.82500
G-C        0.00000    0.00000    0.00000    0.00000    0.00000    0.00000    0.96000    -0.48500   2.89700    -0.88600   -7.60300   33.57600
C-G        0.00000    0.00000    0.00000    0.00000    0.00000    0.00000    -0.71600   -0.08700   3.08600    11.72100   -4.90400   33.29400
G-C        0.00000    0.00000    0.00000    0.00000    0.00000    0.00000    -0.04900   1.55300    5.41100    -0.15300   60.13400   13.21100
C-G        0.00000    0.00000    0.00000    0.00000    0.00000    0.00000    0.67500    -0.12200   3.12500    -12.52100  -5.64000   33.20500
T-A        0.00000    0.00000    0.00000    0.00000    0.00000    0.00000    -0.92800   -0.52700   2.87800    1.17200    -8.55900   33.49500
C-G        0.00000    0.00000    0.00000    0.00000    0.00000    0.00000    -0.13300   -1.01800   3.05100    -2.62600   -6.07500   32.10600
A-T        0.00000    0.00000    0.00000    0.00000    0.00000    0.00000    0.37700    -0.59600   3.22300    2.15700    -0.58600   39.43900
C-G        0.00000    0.00000    0.00000    0.00000    0.00000    0.00000    0.90400    -1.56400   3.20700    2.30100    -8.21100   32.14900
A-T        0.00000    0.00000    0.00000    0.00000    0.00000    0.00000    0.52900    -0.91300   3.45700    1.67600    -11.71500  37.48500
A-T        0.00000    0.00000    0.00000    0.00000    0.00000    0.00000    -0.04387   -0.29015   3.24066    -1.93393   -1.30919   35.37168
T-A        0.00000    0.00000    0.00000    0.00000    0.00000    0.00000    -0.03046   -0.67347   3.20914    -1.28959   1.23529    30.35516
T-A        0.00000    0.00000    0.00000    0.00000    0.00000    0.00000    -0.05362   -0.20324   3.21764    -1.29351   3.78378    33.94887
T-A        0.00000    0.00000    0.00000    0.00000    0.00000    0.00000    -0.01498   -0.18966   3.21325    -0.22741   4.65080    33.65769
A-T        0.00000    0.00000    0.00000    0.00000    0.00000    0.00000    0.08333    -0.29234   3.32696    1.41175    11.03909   32.89211
T-A        0.00000    0.00000    0.00000    0.00000    0.00000    0.00000    0.03243    -0.67230   3.20789    1.20865    1.46138    30.40528
T-A        0.00000    0.00000    0.00000    0.00000    0.00000    0.00000    0.04429    -0.28166   3.24016    1.90092    -0.87582   35.40924
C-G        0.00000    0.00000    0.00000    0.00000    0.00000    0.00000    0.18391    -0.12706   3.29690    2.00811    -0.54589   37.18667
G-C        0.00000    0.00000    0.00000    0.00000    0.00000    0.00000    0.05071    0.49269    3.32696    0.77375    1.57838    36.03719
C-G        0.00000    0.00000    0.00000    0.00000    0.00000    0.00000    -0.11107   -0.38381   3.33374    -1.21185   0.18929    34.34287
A-T        0.00000    0.00000    0.00000    0.00000    0.00000    0.00000    -0.22014   0.31053    3.31264    -2.62625   3.28851    36.34678
A-T        0.00000    0.00000    0.00000    0.00000    0.00000    0.00000    -0.04192   -0.25881   3.23324    -1.79646   0.33735    34.91512
A-T        0.00000    0.00000    0.00000    0.00000    0.00000    0.00000    -0.02462   -0.21713   3.22179    -1.24327   2.80742    34.19721
G-C        0.00000    0.00000    0.00000    0.00000    0.00000    0.00000    -0.02218   -0.33198   3.27502    -1.09109   6.95479    31.31738
G-C        0.00000    0.00000    0.00000    0.00000    0.00000    0.00000    0.13645    -0.38520   3.34284    1.16422    8.07063    32.19844
C-G        0.00000    0.00000    0.00000    0.00000    0.00000    0.00000    0.18370    -0.49264   3.26557    2.05604    4.25760    32.84531
C-G        0.00000    0.00000    0.00000    0.00000    0.00000    0.00000    0.31402    -0.31105   3.36365    3.24039    5.00206    33.45990
G-C        0.00000    0.00000    0.00000    0.00000    0.00000    0.00000    0.27518    0.41356    3.34270    3.69359    4.05832    35.44010
G-C        0.00000    0.00000    0.00000    0.00000    0.00000    0.00000    0.06927    -0.29540   3.38913    1.06448    1.96741    34.61299
C-G        0.00000    0.00000    0.00000    0.00000    0.00000    0.00000    -0.05484   -0.38549   3.34165    -0.49878   0.17602    34.66783
C-G        0.00000    0.00000    0.00000    0.00000    0.00000    0.00000    -0.19417   -0.29755   3.38185    -2.07552   2.71966    34.33811
C-G        0.00000    0.00000    0.00000    0.00000    0.00000    0.00000    -0.27446   -0.32432   3.36914    -2.90469   4.38789    33.65398
G-C        0.00000    0.00000    0.00000    0.00000    0.00000    0.00000    -0.27530   0.33192    3.34602    -3.67798   8.02125    33.89685
A-T        0.00000    0.00000    0.00000    0.00000    0.00000    0.00000    -0.09534   -0.08607   3.25435    -1.15742   4.50945    35.42498
C-G        0.00000    0.00000    0.00000    0.00000    0.00000    0.00000    -0.00030   -0.63604   3.20641    0.34470    4.15485    31.15218
A-T        0.00000    0.00000    0.00000    0.00000    0.00000    0.00000    0.03948    0.03478    3.35508    1.64002    8.72856    33.74460
C-G        0.00000    0.00000    0.00000    0.00000    0.00000    0.00000    0.06550    -0.65446   3.24729    1.73076    2.49056    31.76596
G-C        0.00000    0.00000    0.00000    0.00000    0.00000    0.00000    0.27581    0.37211    3.34531    3.64464    5.34437    34.91123
A-T        0.00000    0.00000    0.00000    0.00000    0.00000    0.00000    0.06739    -0.13217   3.31178    1.24108    -0.33946   37.51976
C-G        0.00000    0.00000    0.00000    0.00000    0.00000    0.00000    -0.00314   -0.64766   3.30883    0.25006    -0.60248   32.89772
T-A        0.00000    0.00000    0.00000    0.00000    0.00000    0.00000    -0.00582   -0.32703   3.33003    -0.75877   1.12679    33.33674
T-A        0.00000    0.00000    0.00000    0.00000    0.00000    0.00000    -0.07005   -0.28012   3.24721    -1.26021   -1.66225   35.95491
A-T        0.00000    0.00000    0.00000    0.00000    0.00000    0.00000    -0.10413   0.23038    3.35242    -1.86976   3.00532    37.88931
C-G        0.00000    0.00000    0.00000    0.00000    0.00000    0.00000    -0.05294   -0.62583   3.22824    -0.74675   3.16468    31.79899
T-A        0.00000    0.00000    0.00000    0.00000    0.00000    0.00000    0.02368    -0.31975   3.29219    0.08990    5.98897    31.97812
G-C        0.00000    0.00000    0.00000    0.00000    0.00000    0.00000    0.13778    0.09672    3.35650    0.77729    8.36516    34.45225
T-A        0.00000    0.00000    0.00000    0.00000    0.00000    0.00000    0.07895    -0.63543   3.23944    0.94185    2.69694    31.97464
A-T        0.00000    0.00000    0.00000    0.00000    0.00000    0.00000    0.10240    0.26707    3.35959    1.77021    1.31957    38.71986
G-C        0.00000    0.00000    0.00000    0.00000    0.00000    0.00000    0.00079    -0.33463   3.32826    1.09593    1.93885    33.18525
G-C        0.00000    0.00000    0.00000    0.00000    0.00000    0.00000    0.01415    -0.30032   3.38690    0.43404    2.59693    34.43889
T-A        0.00000    0.00000    0.00000    0.00000    0.00000    0.00000    -0.03817   -0.64737   3.30312    -0.59128   -0.16519   32.87967
A-T        0.00000    0.00000    0.00000    0.00000    0.00000    0.00000    -0.08818   0.52322    3.36875    -1.36806   -2.30290   40.97331
T-A        0.00000    0.00000    0.00000    0.00000    0.00000    0.00000    -0.02396   -0.67878   3.22898    -0.80510   0.01822    31.11414
C-G        0.00000    0.00000    0.00000    0.00000    0.00000    0.00000    -0.08601   -0.08857   3.28637    -1.24853   2.96004    36.64164
T-A        0.00000    0.00000    0.00000    0.00000    0.00000    0.00000    0.01456    -0.31434   3.30155    -0.12268   5.41228    32.40036
C-G        0.00000    0.00000    0.00000    0.00000    0.00000    0.00000    0.05580    -0.08612   3.27346    0.47235    3.70213    36.24505
G-C        0.00000    0.00000    0.00000    0.00000    0.00000    0.00000    0.16967    0.32499    3.36412    2.11464    7.85330    34.47197
A-T        0.00000    0.00000    0.00000    0.00000    0.00000    0.00000    0.10412    -0.10768   3.29937    1.46337    1.83510    37.09338
G-C        0.00000    0.00000    0.00000    0.00000    0.00000    0.00000    0.00416    -0.32755   3.32990    0.94643    2.35390    33.36600
C-G        0.00000    0.00000    0.00000    0.00000    0.00000    0.00000    0.04448    -0.41453   3.33182    0.57096    1.13894    34.52163
T-A        0.00000    0.00000    0.00000    0.00000    0.00000    0.00000    0.01867    -0.32512   3.33459    0.04310    1.54926    33.65196
C-G        0.00000    0.00000    0.00000    0.00000    0.00000    0.00000    -0.06696   -0.10895   3.31080    -1.02226   0.44403    37.62348
T-A        0.00000    0.00000    0.00000    0.00000    0.00000    0.00000    -0.01820   -0.31536   3.32288    -1.07825   3.15907    33.17211
C-G        0.00000    0.00000    0.00000    0.00000    0.00000    0.00000    -0.08194   -0.09114   3.29126    -1.17751   2.57255    36.84663
A-T        0.00000    0.00000    0.00000    0.00000    0.00000    0.00000    -0.10142   0.16713    3.35512    -0.61675   7.36009    35.21193
T-A        0.00000    0.00000    0.00000    0.00000    0.00000    0.00000    0.00664    -0.66659   3.21114    0.09437    1.48559    30.67944
G-C        0.00000    0.00000    0.00000    0.00000    0.00000    0.00000    0.13463    0.17330    3.35337    0.98447    6.97021    35.39326
T-A        0.00000    0.00000    0.00000    0.00000    0.00000    0.00000    0.06275    -0.63553   3.26006    0.75282    1.90804    32.46884
T-A        0.00000    0.00000    0.00000    0.00000    0.00000    0.00000    0.01475    -0.27141   3.24774    0.88692    -1.25669   36.04649
A-T        0.00000    0.00000    0.00000    0.00000    0.00000    0.00000    0.03916    0.54398    3.37439    0.69164    -3.05669   41.47913
T-A        0.00000    0.00000    0.00000    0.00000    0.00000    0.00000    -0.00342   -0.69717   3.24992    -0.04922   -1.56532   31.60661
A-T        0.00000    0.00000    0.00000    0.00000    0.00000    0.00000    -0.05332   0.52777    3.37325    -0.84591   -2.62466   41.26692
A-T        0.00000    0.00000    0.00000    0.00000    0.00000    0.00000    -0.01678   -0.26312   3.24619    -0.89743   -0.92193   35.96050
C-G        0.00000    0.00000    0.00000    0.00000    0.00000    0.00000    -0.05892   -0.63299   3.25624    -0.67794   2.09029    32.41852
G-C        0.00000    0.00000    0.00000    0.00000    0.00000    0.00000    -0.10011   0.33347    3.36600    -1.27495   8.00826    34.48675
G-C        0.00000    0.00000    0.00000    0.00000    0.00000    0.00000    0.00072    -0.31893   3.36243    -0.03807   6.37525    33.43620
A-T        0.00000    0.00000    0.00000    0.00000    0.00000    0.00000    0.04675    -0.08852   3.28431    0.71692    3.12995    36.58665
G-C        0.00000    0.00000    0.00000    0.00000    0.00000    0.00000    0.01583    -0.31703   3.31590    0.90560    3.99170    32.89203
G-C        0.00000    0.00000    0.00000    0.00000    0.00000    0.00000    0.15006    -0.31231   3.37899    1.55156    4.32680    34.13359
G-C        0.00000    0.00000    0.00000    0.00000    0.00000    0.00000    0.08930    -0.29794   3.38576    0.97023    3.44823    34.49250
A-T        0.00000    0.00000    0.00000    0.00000    0.00000    0.00000    -0.01417   -0.11233   3.31334    0.07343    -0.01034   37.81180
T-A        0.00000    0.00000    0.00000    0.00000    0.00000    0.00000    -0.00765   -0.69318   3.24849    -0.31284   -1.33867   31.69340
C-G        0.00000    0.00000    0.00000    0.00000    0.00000    0.00000    -0.07180   -0.10824   3.30903    -1.11542   0.92707    37.55992
C-G        0.00000    0.00000    0.00000    0.00000    0.00000    0.00000    -0.15734   -0.32440   3.37646    -1.58903   5.00119    33.98280
G-C        0.00000    0.00000    0.00000    0.00000    0.00000    0.00000    -0.13867   0.33595    3.36711    -1.73355   7.71431    34.64190
C-G        0.00000    0.00000    0.00000    0.00000    0.00000    0.00000    -0.03526   -0.47642   3.28456    -0.33423   3.81880    33.52998
T-A        0.00000    0.00000    0.00000    0.00000    0.00000    0.00000    0.03110    -0.31503   3.30418    0.91118    5.15043    32.61138
T-A        0.00000    0.00000    0.00000    0.00000    0.00000    0.00000    0.01146    -0.22738   3.23706    0.74923    0.93958    35.41192
T-A        0.00000    0.00000    0.00000    0.00000    0.00000    0.00000    0.02067    -0.25403   3.24367    1.00001    -0.50727   35.80694
A-T        0.00000    0.00000    0.00000    0.00000    0.00000    0.00000    0.07403    0.52035    3.37070    1.13062    -2.32535   41.05474
A-T        0.00000    0.00000    0.00000    0.00000    0.00000    0.00000    0.03466    -0.30312   3.25472    0.17883    -2.91055   36.43658
C-G        0.00000    0.00000    0.00000    0.00000    0.00000    0.00000    -0.00912   -0.64570   3.29793    -0.24329   0.04179    32.86117
A-T        0.00000    0.00000    0.00000    0.00000    0.00000    0.00000    -0.14716   0.26580    3.33111    -1.51808   3.89510    36.49137
C-G        0.00000    0.00000    0.00000    0.00000    0.00000    0.00000    -0.06924   -0.63786   3.26069    -0.98797   1.69289    32.29788
T-A        0.00000    0.00000    0.00000    0.00000    0.00000    0.00000    -0.02823   -0.32843   3.30553    -0.98761   4.73088    32.37677
T-A        0.00000    0.00000    0.00000    0.00000    0.00000    0.00000    -0.03736   -0.21466   3.22805    -0.48727   2.41293    34.68547
T-A        0.00000    0.00000    0.00000    0.00000    0.00000    0.00000    -0.01068   -0.21084   3.22763    0.22669    2.46071    34.67520
A-T        0.00000    0.00000    0.00000    0.00000    0.00000    0.00000    0.06909    0.09558    3.34788    1.30389    5.32729    36.61261
T-A        0.00000    0.00000    0.00000    0.00000    0.00000    0.00000    0.02469    -0.67889   3.22679    0.84760    0.11375    30.98324
G-C        0.00000    0.00000    0.00000    0.00000    0.00000    0.00000    0.16919    0.30540    3.32709    1.73739    3.72198    36.59329
C-G        0.00000    0.00000    0.00000    0.00000    0.00000    0.00000    0.07453    -0.40399   3.33154    0.73127    0.87149    34.44483
T-A        0.00000    0.00000    0.00000    0.00000    0.00000    0.00000    0.04122    -0.33031   3.33415    -0.05239   1.11919    33.52658
T-A        0.00000    0.00000    0.00000    0.00000    0.00000    0.00000    -0.04842   -0.29797   3.25259    -0.88355   -2.43360   36.31262
C-G        0.00000    0.00000    0.00000    0.00000    0.00000    0.00000    -0.12497   -0.11599   3.30205    -1.77348   1.47434    37.14868
C-G        0.00000    0.00000    0.00000    0.00000    0.00000    0.00000    -0.21709   -0.35798   3.36683    -2.11751   5.98558    33.36435
G-C        0.00000    0.00000    0.00000    0.00000    0.00000    0.00000    -0.13556   0.28431    3.36142    -1.61921   9.22782    33.81131
G-C        0.00000    0.00000    0.00000    0.00000    0.00000    0.00000    0.01476    -0.33996   3.35255    0.21009    7.26275    32.90734
C-G        0.00000    0.00000    0.00000    0.00000    0.00000    0.00000    0.09952    -0.47947   3.27388    1.24277    4.09178    33.22324
T-A        0.00000    0.00000    0.00000    0.00000    0.00000    0.00000    0.08254    -0.31613   3.30263    2.39128    4.33699    32.63991
C-G        0.00000    0.00000    0.00000    0.00000    0.00000    0.00000    0.18384    -0.09669   3.29077    1.98341    0.95672    37.10256
G-C        0.00000    0.00000    0.00000    0.00000    0.00000    0.00000    0.17703    0.46726    3.34726    2.17014    3.13730    36.04103
T-A        0.00000    0.00000    0.00000    0.00000    0.00000    0.00000    0.01072    -0.64614   3.31305    -0.13500   -0.66181   33.17097
A-T        0.00000    0.00000    0.00000    0.00000    0.00000    0.00000    -0.05462   0.66101    3.37929    -1.18866   -5.14539   42.72279
T-A        0.00000    0.00000    0.00000    0.00000    0.00000    0.00000    -0.02464   -0.69003   3.24050    -0.98040   -0.78421   31.48552
A-T        0.00000    0.00000    0.00000    0.00000    0.00000    0.00000    -0.11777   0.18446    3.36111    -1.97452   3.44011    38.14605
A-T        0.00000    0.00000    0.00000    0.00000    0.00000    0.00000    -0.02409   -0.20427   3.22919    -0.78930   2.50944    35.00310
T-A        0.00000    0.00000    0.00000    0.00000    0.00000    0.00000    -0.01094   -0.65771   3.19991    -0.04961   2.38188    30.50025
G-C        0.00000    0.00000    0.00000    0.00000    0.00000    0.00000    0.13155    0.14708    3.36158    1.15093    8.36459    35.04100
T-A        0.00000    0.00000    0.00000    0.00000    0.00000    0.00000    0.08090    -0.62229   3.24437    1.24923    2.58259    32.43992
G-C        0.00000    0.00000    0.00000    0.00000    0.00000    0.00000    0.21264    0.32386    3.33750    2.52226    4.42526    36.95756
T-A        0.00000    0.00000    0.00000    0.00000    0.00000    0.00000    0.06766    -0.63223   3.30333    1.03223    -0.16022   33.38665
C-G        0.00000    0.00000    0.00000    0.00000    0.00000    0.00000    0.07499    -0.11390   3.32338    0.50104    -1.31256   38.41553
G-C        0.00000    0.00000    0.00000    0.00000    0.00000    0.00000    -0.12233   0.48155    3.35595    -1.73023   2.27726    36.73369
A-T        0.00000    0.00000    0.00000    0.00000    0.00000    0.00000    -0.18724   -0.10760   3.30340    -2.09072   0.24009    37.70773
C-G        0.00000    0.00000    0.00000    0.00000    0.00000    0.00000    -0.09759   -0.63361   3.25996    -1.53175   1.88832    32.68299
C-G        0.00000    0.00000    0.00000    0.00000    0.00000    0.00000    -0.24732   -0.35324   3.36355    -2.37067   6.78923    33.43655
A-T        0.00000    0.00000    0.00000    0.00000    0.00000    0.00000    -0.13043   0.08578    3.36739    -0.69416   9.26572    34.53472
A-T        0.00000    0.00000    0.00000    0.00000    0.00000    0.00000    0.02735    -0.18040   3.22296    0.67488    3.70068    34.65836
A-T        0.00000    0.00000    0.00000    0.00000    0.00000    0.00000    0.06175    -0.20356   3.22992    1.50693    2.26170    35.10845
T-A        0.00000    0.00000    0.00000    0.00000    0.00000    0.00000    0.03278    -0.67703   3.22747    1.25476    0.10358    31.16555
G-C        0.00000    0.00000    0.00000    0.00000    0.00000    0.00000    -0.52900   -0.91300   3.45800    -1.69300   -11.71100  37.46900
T-A        0.00000    0.00000    0.00000    0.00000    0.00000    0.00000    -0.90500   -1.56500   3.20600    -2.30400   -8.21600   32.15500
G-C        0.00000    0.00000    0.00000    0.00000    0.00000    0.00000    -0.37600   -0.59600   3.22500    -2.15200   -0.59100   39.45800
A-T        0.00000    0.00000    0.00000    0.00000    0.00000    0.00000    0.13300    -1.01800   3.04900    2.60000    -6.07400   32.09600
G-C        0.00000    0.00000    0.00000    0.00000    0.00000    0.00000    0.92800    -0.52800   2.87900    -1.16300   -8.59200   33.49600
C-G        0.00000    0.00000    0.00000    0.00000    0.00000    0.00000    -0.67500   -0.12400   3.12500    12.52500   -5.62600   33.18900
G-C        0.00000    0.00000    0.00000    0.00000    0.00000    0.00000    0.04900    1.55100    5.41000    0.13300    60.11500   13.23600
C-G        0.00000    0.00000    0.00000    0.00000    0.00000    0.00000    0.71700    -0.08700   3.08800    -11.66700  -4.90100   33.31800
T-A        0.00000    0.00000    0.00000    0.00000    0.00000    0.00000    -0.96100   -0.48300   2.89500    0.88000    -7.56800   33.57900
C-G        0.00000    0.00000    0.00000    0.00000    0.00000    0.00000    -0.12100   -0.98300   3.10600    -2.86300   -6.39900   31.81800
A-T        0.00000    0.00000    0.00000    0.00000    0.00000    0.00000    0.32200    -0.59400   3.18100    1.63800    -0.34700   39.42300
C-G        0.00000    0.00000    0.00000    0.00000    0.00000    0.00000    0.92800    -1.59300   3.28000    2.05900    -8.66500   31.95300
A-T        0.00000    0.00000    0.00000    0.00000    0.00000    0.00000    0.27000    -1.09700   3.26700    -0.64400   -9.99200   39.98000
