147 # base pairs
  0 # ***local base-pair & step parameters***
#          Shear      Stretch    Stagger    Buckle     Prop-Tw    Opening    Shift      Slide      Rise       Tilt       Roll       Twist
A-T        0.00000    0.00000    0.00000    0.00000    0.00000    0.00000    0.00000    0.00000    0.00000    0.00000    0.00000    0.00000
G-C        0.00000    0.00000    0.00000    0.00000    0.00000    0.00000    -0.27100   -1.09500   3.26800    0.63200    -9.98900   39.97400
T-A        0.00000    0.00000    0.00000    0.00000    0.00000    0.00000    -0.92900   -1.59400   3.27900    -2.06100   -8.63900   31.93600
G-C        0.00000    0.00000    0.00000    0.00000    0.00000    0.00000    -0.32200   -0.59300   3.18200    -1.67200   -0.37400   39.43800
A-T        0.00000    0.00000    0.00000    0.00000    0.00000    0.00000    0.12100    -0.98400   3.10400    2.85600    -6.40100   31.82500
G-C        0.00000    0.00000    0.00000    0.00000    0.00000    0.00000    0.96000    -0.48500   2.89700    -0.88600   -7.60300   33.57600
C-G        0.00000    0.00000    0.00000    0.00000    0.00000    0.00000    -0.71600   -0.08700   3.08600    11.72100   -4.90400   33.29400
G-C        0.00000    0.00000    0.00000    0.00000    0.00000    0.00000    -0.04900   1.55300    5.41100    -0.15300   60.13400   13.21100
C-G        0.00000    0.00000    0.00000    0.00000    0.00000    0.00000    0.67500    -0.12200   3.12500    -12.52100  -5.64000   33.20500
T-A        0.00000    0.00000    0.00000    0.00000    0.00000    0.00000    -0.92800   -0.52700   2.87800    1.17200    -8.55900   33.49500
C-G        0.00000    0.00000    0.00000    0.00000    0.00000    0.00000    -0.13300   -1.01800   3.05100    -2.62600   -6.07500   32.10600
A-T        0.00000    0.00000    0.00000    0.00000    0.00000    0.00000    0.37700    -0.59600   3.22300    2.15700    -0.58600   39.43900
C-G        0.00000    0.00000    0.00000    0.00000    0.00000    0.00000    0.90400    -1.56400   3.20700    2.30100    -8.21100   32.14900
A-T        0.00000    0.00000    0.00000    0.00000    0.00000    0.00000    0.52900    -0.91300   3.45700    1.67600    -11.71500  37.48500
A-T        0.00000    0.00000    0.00000    0.00000    0.00000    0.00000    -0.04814   -0.26642   3.24197    -1.92306   -0.80047   35.71556
T-A        0.00000    0.00000    0.00000    0.00000    0.00000    0.00000    -0.03015   -0.66736   3.20907    -1.17792   1.50126    30.61846
T-A        0.00000    0.00000    0.00000    0.00000    0.00000    0.00000    -0.04460   -0.18496   3.22076    -1.03080   3.88098    34.41274
T-A        0.00000    0.00000    0.00000    0.00000    0.00000    0.00000    -0.00465   -0.17772   3.21845    0.07803    4.31761    34.26252
A-T        0.00000    0.00000    0.00000    0.00000    0.00000    0.00000    0.10009    -0.11294   3.34289    1.73906    8.89644    34.93719
T-A        0.00000    0.00000    0.00000    0.00000    0.00000    0.00000    0.03420    -0.67369   3.21939    1.27022    0.78629    30.95535
T-A        0.00000    0.00000    0.00000    0.00000    0.00000    0.00000    0.04292    -0.28314   3.24839    1.82592    -1.90548   36.18439
C-G        0.00000    0.00000    0.00000    0.00000    0.00000    0.00000    0.15299    -0.12145   3.31074    1.59296    -1.13968   37.85551
G-C        0.00000    0.00000    0.00000    0.00000    0.00000    0.00000    -0.01765   0.50821    3.33923    -0.16919   1.32889    36.59124
C-G        0.00000    0.00000    0.00000    0.00000    0.00000    0.00000    -0.15052   -0.38958   3.33796    -1.69707   0.38202    34.61031
A-T        0.00000    0.00000    0.00000    0.00000    0.00000    0.00000    -0.23730   0.30290    3.32412    -2.90160   3.95613    36.52974
A-T        0.00000    0.00000    0.00000    0.00000    0.00000    0.00000    -0.04249   -0.23491   3.23190    -1.70545   1.16046    35.01342
A-T        0.00000    0.00000    0.00000    0.00000    0.00000    0.00000    -0.01871   -0.19743   3.22153    -0.95232   3.38911    34.35819
G-C        0.00000    0.00000    0.00000    0.00000    0.00000    0.00000    -0.00830   -0.32364   3.28226    -0.53358   7.02168    31.70083
G-C        0.00000    0.00000    0.00000    0.00000    0.00000    0.00000    0.19116    -0.37085   3.35019    1.77762    7.75475    32.68599
C-G        0.00000    0.00000    0.00000    0.00000    0.00000    0.00000    0.21005    -0.47788   3.28170    2.38634    3.72714    33.38300
C-G        0.00000    0.00000    0.00000    0.00000    0.00000    0.00000    0.32518    -0.28048   3.37351    3.33543    4.18962    34.15358
G-C        0.00000    0.00000    0.00000    0.00000    0.00000    0.00000    0.23848    0.45490    3.35118    3.19499    3.04913    36.21808
G-C        0.00000    0.00000    0.00000    0.00000    0.00000    0.00000    0.00668    -0.26807   3.39545    0.38190    1.56228    35.13616
C-G        0.00000    0.00000    0.00000    0.00000    0.00000    0.00000    -0.09962   -0.38585   3.34701    -1.05659   0.20646    34.93724
C-G        0.00000    0.00000    0.00000    0.00000    0.00000    0.00000    -0.24287   -0.29783   3.38358    -2.58212   3.16180    34.50067
C-G        0.00000    0.00000    0.00000    0.00000    0.00000    0.00000    -0.29359   -0.32618   3.36952    -3.07508   5.01484    33.75071
G-C        0.00000    0.00000    0.00000    0.00000    0.00000    0.00000    -0.25307   0.31172    3.35745    -3.38668   8.82431    33.95636
A-T        0.00000    0.00000    0.00000    0.00000    0.00000    0.00000    -0.06109   -0.07954   3.25778    -0.74388   4.84627    35.63419
C-G        0.00000    0.00000    0.00000    0.00000    0.00000    0.00000    0.00991    -0.63868   3.21164    0.72157    4.15571    31.45497
A-T        0.00000    0.00000    0.00000    0.00000    0.00000    0.00000    0.07092    0.07170    3.35823    2.08790    8.16327    34.35007
C-G        0.00000    0.00000    0.00000    0.00000    0.00000    0.00000    0.07063    -0.65520   3.26342    1.90548    1.94405    32.27159
G-C        0.00000    0.00000    0.00000    0.00000    0.00000    0.00000    0.26820    0.41417    3.35245    3.56394    4.27565    35.67503
A-T        0.00000    0.00000    0.00000    0.00000    0.00000    0.00000    0.04164    -0.12563   3.32126    0.92235    -0.95021   38.06290
C-G        0.00000    0.00000    0.00000    0.00000    0.00000    0.00000    -0.01858   -0.64391   3.31629    -0.10991   -0.81082   33.28753
T-A        0.00000    0.00000    0.00000    0.00000    0.00000    0.00000    -0.01803   -0.31754   3.33609    -1.24556   1.24602    33.69599
T-A        0.00000    0.00000    0.00000    0.00000    0.00000    0.00000    -0.07317   -0.26002   3.24668    -1.48186   -1.08766   36.11583
A-T        0.00000    0.00000    0.00000    0.00000    0.00000    0.00000    -0.10145   0.18523    3.35628    -1.87064   4.27650    37.71169
C-G        0.00000    0.00000    0.00000    0.00000    0.00000    0.00000    -0.04974   -0.62722   3.22536    -0.56041   3.52765    31.97873
T-A        0.00000    0.00000    0.00000    0.00000    0.00000    0.00000    0.03182    -0.31526   3.29597    0.52288    6.19590    32.29320
G-C        0.00000    0.00000    0.00000    0.00000    0.00000    0.00000    0.16326    0.12867    3.36042    1.28771    8.08160    35.01438
T-A        0.00000    0.00000    0.00000    0.00000    0.00000    0.00000    0.08680    -0.63431   3.25097    1.18320    2.32472    32.42394
T-A        0.00000    0.00000    0.00000    0.00000    0.00000    0.00000    0.02973    -0.27213   3.24770    1.37380    -1.30681   36.11740
C-G        0.00000    0.00000    0.00000    0.00000    0.00000    0.00000    0.12421    -0.11693   3.30857    1.29366    -0.31208   37.72358
A-T        0.00000    0.00000    0.00000    0.00000    0.00000    0.00000    -0.05068   0.35190    3.32203    -0.06636   1.87114    37.45272
T-A        0.00000    0.00000    0.00000    0.00000    0.00000    0.00000    -0.02079   -0.69722   3.25422    -0.51711   -1.91653   31.79966
G-C        0.00000    0.00000    0.00000    0.00000    0.00000    0.00000    -0.08413   0.27299    3.33593    -1.90244   3.99503    36.43342
T-A        0.00000    0.00000    0.00000    0.00000    0.00000    0.00000    -0.05298   -0.64322   3.26166    -1.57745   2.00700    32.35614
T-A        0.00000    0.00000    0.00000    0.00000    0.00000    0.00000    -0.04536   -0.21069   3.23145    -1.00118   2.01747    35.06526
A-T        0.00000    0.00000    0.00000    0.00000    0.00000    0.00000    -0.00500   -0.05628   3.34570    -0.26971   8.11776    35.36063
T-A        0.00000    0.00000    0.00000    0.00000    0.00000    0.00000    0.01635    -0.66423   3.20590    0.37385    1.87440    30.54045
A-T        0.00000    0.00000    0.00000    0.00000    0.00000    0.00000    0.09470    0.10522    3.35485    1.52946    4.85259    37.13990
A-T        0.00000    0.00000    0.00000    0.00000    0.00000    0.00000    0.06447    -0.26284   3.24434    1.27841    -0.59167   35.83691
C-G        0.00000    0.00000    0.00000    0.00000    0.00000    0.00000    0.04515    -0.65397   3.29624    1.20658    0.34287    32.82970
G-C        0.00000    0.00000    0.00000    0.00000    0.00000    0.00000    0.05407    0.45377    3.35058    0.78572    3.04182    36.10669
G-C        0.00000    0.00000    0.00000    0.00000    0.00000    0.00000    -0.12364   -0.27369   3.38711    -1.02204   2.54607    34.65783
A-T        0.00000    0.00000    0.00000    0.00000    0.00000    0.00000    -0.15070   -0.10528   3.29850    -1.54055   0.50188    37.34178
A-T        0.00000    0.00000    0.00000    0.00000    0.00000    0.00000    -0.02706   -0.24900   3.24173    -1.18526   -0.19752   35.69816
G-C        0.00000    0.00000    0.00000    0.00000    0.00000    0.00000    -0.06255   -0.31599   3.30320    -1.78441   4.90610    32.63098
G-C        0.00000    0.00000    0.00000    0.00000    0.00000    0.00000    -0.04869   -0.31802   3.35792    -0.63991   6.76655    33.28433
T-A        0.00000    0.00000    0.00000    0.00000    0.00000    0.00000    0.04458    -0.63304   3.22966    0.12592    3.34458    31.92490
A-T        0.00000    0.00000    0.00000    0.00000    0.00000    0.00000    0.07886    0.09066    3.35335    1.25682    5.25946    36.90661
T-A        0.00000    0.00000    0.00000    0.00000    0.00000    0.00000    0.02508    -0.68095   3.22832    0.81271    0.13507    31.09637
C-G        0.00000    0.00000    0.00000    0.00000    0.00000    0.00000    0.14190    -0.11041   3.29818    1.47860    0.65333    37.28988
T-A        0.00000    0.00000    0.00000    0.00000    0.00000    0.00000    0.05694    -0.33066   3.33174    1.06742    1.46800    33.55750
C-G        0.00000    0.00000    0.00000    0.00000    0.00000    0.00000    -0.00250   -0.11993   3.31416    -0.29551   -0.38601   37.77523
G-C        0.00000    0.00000    0.00000    0.00000    0.00000    0.00000    -0.17291   0.42826    3.35258    -2.18945   4.19176    35.68043
A-T        0.00000    0.00000    0.00000    0.00000    0.00000    0.00000    -0.15773   -0.09925   3.28756    -1.68394   1.57528    36.88913
G-C        0.00000    0.00000    0.00000    0.00000    0.00000    0.00000    -0.07220   -0.32124   3.30309    -1.88239   4.62093    32.54981
C-G        0.00000    0.00000    0.00000    0.00000    0.00000    0.00000    -0.06398   -0.48014   3.27654    -0.73133   4.02379    33.26927
T-A        0.00000    0.00000    0.00000    0.00000    0.00000    0.00000    0.02984    -0.31928   3.29626    0.64926    5.63974    32.19856
C-G        0.00000    0.00000    0.00000    0.00000    0.00000    0.00000    0.10792    -0.08815   3.27257    1.14594    3.34491    36.23481
G-C        0.00000    0.00000    0.00000    0.00000    0.00000    0.00000    0.21968    0.36013    3.35796    2.80952    6.73274    34.76372
G-C        0.00000    0.00000    0.00000    0.00000    0.00000    0.00000    0.17087    -0.31771   3.38062    1.79739    3.95985    34.14959
G-C        0.00000    0.00000    0.00000    0.00000    0.00000    0.00000    0.07944    -0.29832   3.38770    0.92323    2.99703    34.55228
A-T        0.00000    0.00000    0.00000    0.00000    0.00000    0.00000    -0.03830   -0.11686   3.31393    -0.17736   -0.35215   37.84021
T-A        0.00000    0.00000    0.00000    0.00000    0.00000    0.00000    -0.01483   -0.69412   3.24880    -0.48907   -1.41642   31.67180
C-G        0.00000    0.00000    0.00000    0.00000    0.00000    0.00000    -0.10147   -0.10688   3.30701    -1.45546   1.13141    37.44988
C-G        0.00000    0.00000    0.00000    0.00000    0.00000    0.00000    -0.18442   -0.32887   3.37178    -1.84576   5.42373    33.77676
G-C        0.00000    0.00000    0.00000    0.00000    0.00000    0.00000    -0.13246   0.32133    3.36583    -1.67555   8.36581    34.34280
C-G        0.00000    0.00000    0.00000    0.00000    0.00000    0.00000    -0.01109   -0.48256   3.27801    -0.09390   4.10556    33.36871
T-A        0.00000    0.00000    0.00000    0.00000    0.00000    0.00000    0.04562    -0.31637   3.30116    1.26330    5.29721    32.50367
T-A        0.00000    0.00000    0.00000    0.00000    0.00000    0.00000    0.02112    -0.23371   3.23736    0.98081    0.74590    35.40671
T-A        0.00000    0.00000    0.00000    0.00000    0.00000    0.00000    0.02524    -0.26618   3.24525    1.14115    -0.98113   35.87264
A-T        0.00000    0.00000    0.00000    0.00000    0.00000    0.00000    0.06918    0.56348    3.37150    1.07931    -3.40461   41.49122
A-T        0.00000    0.00000    0.00000    0.00000    0.00000    0.00000    0.02621    -0.31299   3.25569    -0.01948   -3.27661   36.46036
C-G        0.00000    0.00000    0.00000    0.00000    0.00000    0.00000    -0.02562   -0.64398   3.29610    -0.50274   0.03562    32.79855
A-T        0.00000    0.00000    0.00000    0.00000    0.00000    0.00000    -0.17343   0.25605    3.33085    -1.82963   4.24126    36.28307
C-G        0.00000    0.00000    0.00000    0.00000    0.00000    0.00000    -0.07666   -0.63443   3.25110    -1.07490   2.05755    32.10107
T-A        0.00000    0.00000    0.00000    0.00000    0.00000    0.00000    -0.02579   -0.32672   3.29935    -0.89729   5.19016    32.13727
T-A        0.00000    0.00000    0.00000    0.00000    0.00000    0.00000    -0.02899   -0.20963   3.22517    -0.32035   2.81817    34.46607
T-A        0.00000    0.00000    0.00000    0.00000    0.00000    0.00000    0.00001    -0.21265   3.22635    0.45724    2.53199    34.55101
A-T        0.00000    0.00000    0.00000    0.00000    0.00000    0.00000    0.08960    0.10802    3.34682    1.58145    4.84202    36.70411
T-A        0.00000    0.00000    0.00000    0.00000    0.00000    0.00000    0.02791    -0.68363   3.23034    0.90684    -0.21636   31.01347
G-C        0.00000    0.00000    0.00000    0.00000    0.00000    0.00000    0.16144    0.30803    3.32230    1.63887    3.23650    36.64267
C-G        0.00000    0.00000    0.00000    0.00000    0.00000    0.00000    0.04661    -0.40128   3.33258    0.43984    0.69528    34.40612
T-A        0.00000    0.00000    0.00000    0.00000    0.00000    0.00000    0.02544    -0.33411   3.33205    -0.42402   1.13001    33.37248
T-A        0.00000    0.00000    0.00000    0.00000    0.00000    0.00000    -0.05882   -0.29442   3.24967    -1.10123   -2.02799   36.07235
C-G        0.00000    0.00000    0.00000    0.00000    0.00000    0.00000    -0.13754   -0.11282   3.29587    -1.88704   1.96202    36.86835
C-G        0.00000    0.00000    0.00000    0.00000    0.00000    0.00000    -0.20673   -0.36010   3.36097    -1.98614   6.44789    33.10266
G-C        0.00000    0.00000    0.00000    0.00000    0.00000    0.00000    -0.09199   0.27677    3.35879    -1.07863   9.63436    33.56117
G-C        0.00000    0.00000    0.00000    0.00000    0.00000    0.00000    0.06843    -0.34535   3.35107    0.71651    7.29653    32.80256
C-G        0.00000    0.00000    0.00000    0.00000    0.00000    0.00000    0.13323    -0.47457   3.27624    1.57778    3.88299    33.24110
T-A        0.00000    0.00000    0.00000    0.00000    0.00000    0.00000    0.09343    -0.32030   3.30519    2.52185    3.86261    32.69874
C-G        0.00000    0.00000    0.00000    0.00000    0.00000    0.00000    0.17803    -0.10518   3.29470    1.87286    0.47081    37.21167
G-C        0.00000    0.00000    0.00000    0.00000    0.00000    0.00000    0.12931    0.46919    3.34433    1.56568    2.75833    36.07965
T-A        0.00000    0.00000    0.00000    0.00000    0.00000    0.00000    -0.00932   -0.64961   3.31249    -0.45170   -0.63458   33.07647
A-T        0.00000    0.00000    0.00000    0.00000    0.00000    0.00000    -0.07930   0.58847    3.37482    -1.52035   -3.99663   41.95111
T-A        0.00000    0.00000    0.00000    0.00000    0.00000    0.00000    -0.02871   -0.68557   3.23378    -1.03288   -0.29700   31.27624
A-T        0.00000    0.00000    0.00000    0.00000    0.00000    0.00000    -0.11180   0.09441    3.35467    -1.83769   5.03696    37.10620
A-T        0.00000    0.00000    0.00000    0.00000    0.00000    0.00000    -0.01478   -0.19900   3.22626    -0.54534   2.95039    34.75118
T-A        0.00000    0.00000    0.00000    0.00000    0.00000    0.00000    -0.00318   -0.65790   3.19869    0.14657    2.40965    30.39944
G-C        0.00000    0.00000    0.00000    0.00000    0.00000    0.00000    0.16045    0.15728    3.35694    1.53441    8.01825    35.07291
T-A        0.00000    0.00000    0.00000    0.00000    0.00000    0.00000    0.08670    -0.62380   3.25121    1.36840    2.17714    32.45823
G-C        0.00000    0.00000    0.00000    0.00000    0.00000    0.00000    0.20597    0.33313    3.33203    2.41611    3.78311    37.06328
T-A        0.00000    0.00000    0.00000    0.00000    0.00000    0.00000    0.05219    -0.63673   3.30874    0.78319    -0.44480   33.35171
C-G        0.00000    0.00000    0.00000    0.00000    0.00000    0.00000    0.03711    -0.11961   3.32338    0.04653    -1.31075   38.31477
G-C        0.00000    0.00000    0.00000    0.00000    0.00000    0.00000    -0.17837   0.46297    3.35369    -2.41681   2.80074    36.40234
A-T        0.00000    0.00000    0.00000    0.00000    0.00000    0.00000    -0.20100   -0.10537   3.29489    -2.25086   0.85851    37.32870
C-G        0.00000    0.00000    0.00000    0.00000    0.00000    0.00000    -0.09736   -0.63185   3.24752    -1.43138   2.39626    32.37551
C-G        0.00000    0.00000    0.00000    0.00000    0.00000    0.00000    -0.20613   -0.35539   3.35819    -1.92995   7.18827    33.16223
A-T        0.00000    0.00000    0.00000    0.00000    0.00000    0.00000    -0.09533   0.07309    3.36647    -0.15625   9.40570    34.29066
A-T        0.00000    0.00000    0.00000    0.00000    0.00000    0.00000    0.04011    -0.18955   3.22427    0.95393    3.32836    34.67434
A-T        0.00000    0.00000    0.00000    0.00000    0.00000    0.00000    0.06966    -0.21989   3.23288    1.62621    1.53043    35.21944
T-A        0.00000    0.00000    0.00000    0.00000    0.00000    0.00000    0.03324    -0.68343   3.23365    1.21216    -0.42925   31.24258
G-C        0.00000    0.00000    0.00000    0.00000    0.00000    0.00000    -0.52900   -0.91300   3.45800    -1.69300   -11.71100  37.46900
T-A        0.00000    0.00000    0.00000    0.00000    0.00000    0.00000    -0.90500   -1.56500   3.20600    -2.30400   -8.21600   32.15500
G-C        0.00000    0.00000    0.00000    0.00000    0.00000    0.00000    -0.37600   -0.59600   3.22500    -2.15200   -0.59100   39.45800
A-T        0.00000    0.00000    0.00000    0.00000    0.00000    0.00000    0.13300    -1.01800   3.04900    2.60000    -6.07400   32.09600
G-C        0.00000    0.00000    0.00000    0.00000    0.00000    0.00000    0.92800    -0.52800   2.87900    -1.16300   -8.59200   33.49600
C-G        0.00000    0.00000    0.00000    0.00000    0.00000    0.00000    -0.67500   -0.12400   3.12500    12.52500   -5.62600   33.18900
G-C        0.00000    0.00000    0.00000    0.00000    0.00000    0.00000    0.04900    1.55100    5.41000    0.13300    60.11500   13.23600
C-G        0.00000    0.00000    0.00000    0.00000    0.00000    0.00000    0.71700    -0.08700   3.08800    -11.66700  -4.90100   33.31800
T-A        0.00000    0.00000    0.00000    0.00000    0.00000    0.00000    -0.96100   -0.48300   2.89500    0.88000    -7.56800   33.57900
C-G        0.00000    0.00000    0.00000    0.00000    0.00000    0.00000    -0.12100   -0.98300   3.10600    -2.86300   -6.39900   31.81800
A-T        0.00000    0.00000    0.00000    0.00000    0.00000    0.00000    0.32200    -0.59400   3.18100    1.63800    -0.34700   39.42300
C-G        0.00000    0.00000    0.00000    0.00000    0.00000    0.00000    0.92800    -1.59300   3.28000    2.05900    -8.66500   31.95300
A-T        0.00000    0.00000    0.00000    0.00000    0.00000    0.00000    0.27000    -1.09700   3.26700    -0.64400   -9.99200   39.98000
