147 # base pairs
  0 # ***local base-pair & step parameters***
#          Shear      Stretch    Stagger    Buckle     Prop-Tw    Opening    Shift      Slide      Rise       Tilt       Roll       Twist
A-T        0.00000    0.00000    0.00000    0.00000    0.00000    0.00000    0.00000    0.00000    0.00000    0.00000    0.00000    0.00000
G-C        0.00000    0.00000    0.00000    0.00000    0.00000    0.00000    -0.27100   -1.09500   3.26800    0.63200    -9.98900   39.97400
T-A        0.00000    0.00000    0.00000    0.00000    0.00000    0.00000    -0.92900   -1.59400   3.27900    -2.06100   -8.63900   31.93600
G-C        0.00000    0.00000    0.00000    0.00000    0.00000    0.00000    -0.32200   -0.59300   3.18200    -1.67200   -0.37400   39.43800
A-T        0.00000    0.00000    0.00000    0.00000    0.00000    0.00000    0.12100    -0.98400   3.10400    2.85600    -6.40100   31.82500
G-C        0.00000    0.00000    0.00000    0.00000    0.00000    0.00000    0.96000    -0.48500   2.89700    -0.88600   -7.60300   33.57600
C-G        0.00000    0.00000    0.00000    0.00000    0.00000    0.00000    -0.71600   -0.08700   3.08600    11.72100   -4.90400   33.29400
G-C        0.00000    0.00000    0.00000    0.00000    0.00000    0.00000    -0.04900   1.55300    5.41100    -0.15300   60.13400   13.21100
C-G        0.00000    0.00000    0.00000    0.00000    0.00000    0.00000    0.67500    -0.12200   3.12500    -12.52100  -5.64000   33.20500
T-A        0.00000    0.00000    0.00000    0.00000    0.00000    0.00000    -0.92800   -0.52700   2.87800    1.17200    -8.55900   33.49500
C-G        0.00000    0.00000    0.00000    0.00000    0.00000    0.00000    -0.13300   -1.01800   3.05100    -2.62600   -6.07500   32.10600
A-T        0.00000    0.00000    0.00000    0.00000    0.00000    0.00000    0.37700    -0.59600   3.22300    2.15700    -0.58600   39.43900
C-G        0.00000    0.00000    0.00000    0.00000    0.00000    0.00000    0.90400    -1.56400   3.20700    2.30100    -8.21100   32.14900
A-T        0.00000    0.00000    0.00000    0.00000    0.00000    0.00000    0.52900    -0.91300   3.45700    1.67600    -11.71500  37.48500
A-T        0.00000    0.00000    0.00000    0.00000    0.00000    0.00000    -0.04472   -0.28715   3.24057    -1.94690   -1.22254   35.39318
T-A        0.00000    0.00000    0.00000    0.00000    0.00000    0.00000    -0.03033   -0.67256   3.20867    -1.28171   1.29457    30.36936
T-A        0.00000    0.00000    0.00000    0.00000    0.00000    0.00000    -0.05228   -0.20076   3.21768    -1.26212   3.84028    33.97739
T-A        0.00000    0.00000    0.00000    0.00000    0.00000    0.00000    -0.01327   -0.18818   3.21358    -0.18273   4.64641    33.70537
A-T        0.00000    0.00000    0.00000    0.00000    0.00000    0.00000    0.08649    -0.27604   3.32849    1.46918    10.83951   33.08546
T-A        0.00000    0.00000    0.00000    0.00000    0.00000    0.00000    0.03282    -0.67262   3.20919    1.22540    1.38180    30.46482
T-A        0.00000    0.00000    0.00000    0.00000    0.00000    0.00000    0.04422    -0.28251   3.24113    1.90222    -1.01448   35.49730
C-G        0.00000    0.00000    0.00000    0.00000    0.00000    0.00000    0.18030    -0.12674   3.29853    1.96214    -0.63437   37.26315
G-C        0.00000    0.00000    0.00000    0.00000    0.00000    0.00000    0.04124    0.49522    3.32800    0.64911    1.52662    36.09962
C-G        0.00000    0.00000    0.00000    0.00000    0.00000    0.00000    -0.11711   -0.38416   3.33408    -1.28283   0.20677    34.36753
A-T        0.00000    0.00000    0.00000    0.00000    0.00000    0.00000    -0.22304   0.30981    3.31373    -2.67214   3.37332    36.35549
A-T        0.00000    0.00000    0.00000    0.00000    0.00000    0.00000    -0.04194   -0.25589   3.23290    -1.79110   0.45185    34.91064
A-T        0.00000    0.00000    0.00000    0.00000    0.00000    0.00000    -0.02363   -0.21477   3.22156    -1.20990   2.89733    34.19791
G-C        0.00000    0.00000    0.00000    0.00000    0.00000    0.00000    -0.01985   -0.33141   3.27551    -1.02214   6.97707    31.34379
G-C        0.00000    0.00000    0.00000    0.00000    0.00000    0.00000    0.14434    -0.38472   3.34354    1.24720    8.04407    32.23867
C-G        0.00000    0.00000    0.00000    0.00000    0.00000    0.00000    0.18751    -0.49124   3.26723    2.10224    4.19916    32.89702
C-G        0.00000    0.00000    0.00000    0.00000    0.00000    0.00000    0.31558    -0.30847   3.36474    3.25639    4.90604    33.52928
G-C        0.00000    0.00000    0.00000    0.00000    0.00000    0.00000    0.27054    0.41786    3.34338    3.63632    3.93669    35.52024
G-C        0.00000    0.00000    0.00000    0.00000    0.00000    0.00000    0.06092    -0.29248   3.38974    0.98115    1.91733    34.66406
C-G        0.00000    0.00000    0.00000    0.00000    0.00000    0.00000    -0.06081   -0.38540   3.34204    -0.56792   0.17998    34.69008
C-G        0.00000    0.00000    0.00000    0.00000    0.00000    0.00000    -0.20033   -0.29742   3.38180    -2.13797   2.77456    34.34564
C-G        0.00000    0.00000    0.00000    0.00000    0.00000    0.00000    -0.27639   -0.32430   3.36893    -2.92341   4.46480    33.65370
G-C        0.00000    0.00000    0.00000    0.00000    0.00000    0.00000    -0.27181   0.32974    3.34702    -3.63694   8.11756    33.89141
A-T        0.00000    0.00000    0.00000    0.00000    0.00000    0.00000    -0.09073   -0.08550   3.25462    -1.10533   4.54733    35.43989
C-G        0.00000    0.00000    0.00000    0.00000    0.00000    0.00000    0.00160    -0.63648   3.20700    0.38907    4.15066    31.17853
A-T        0.00000    0.00000    0.00000    0.00000    0.00000    0.00000    0.04314    0.03784    3.35530    1.68973    8.66057    33.80276
C-G        0.00000    0.00000    0.00000    0.00000    0.00000    0.00000    0.06598    -0.65478   3.24908    1.74612    2.42645    31.81499
G-C        0.00000    0.00000    0.00000    0.00000    0.00000    0.00000    0.27354    0.37590    3.34592    3.62042    5.23040    34.98430
A-T        0.00000    0.00000    0.00000    0.00000    0.00000    0.00000    0.06355    -0.13168   3.31259    1.19737    -0.39735   37.56703
C-G        0.00000    0.00000    0.00000    0.00000    0.00000    0.00000    -0.00546   -0.64717   3.30929    0.20829    -0.61365   32.92920
T-A        0.00000    0.00000    0.00000    0.00000    0.00000    0.00000    -0.00740   -0.32595   3.33041    -0.80829   1.15477    33.36256
T-A        0.00000    0.00000    0.00000    0.00000    0.00000    0.00000    -0.07022   -0.27778   3.24704    -1.27806   -1.58639   35.96052
A-T        0.00000    0.00000    0.00000    0.00000    0.00000    0.00000    -0.10288   0.22518    3.35263    -1.85748   3.14864    37.85440
C-G        0.00000    0.00000    0.00000    0.00000    0.00000    0.00000    -0.05163   -0.62598   3.22803    -0.71886   3.19535    31.81276
T-A        0.00000    0.00000    0.00000    0.00000    0.00000    0.00000    0.02529    -0.31948   3.29260    0.14055    5.99418    32.00713
G-C        0.00000    0.00000    0.00000    0.00000    0.00000    0.00000    0.14055    0.09990    3.35672    0.82746    8.31479    34.51010
T-A        0.00000    0.00000    0.00000    0.00000    0.00000    0.00000    0.07935    -0.63559   3.24084    0.95856    2.64764    32.01768
A-T        0.00000    0.00000    0.00000    0.00000    0.00000    0.00000    0.10157    0.28157    3.36071    1.76499    1.10056    38.88469
G-C        0.00000    0.00000    0.00000    0.00000    0.00000    0.00000    -0.00092   -0.33412   3.32906    1.06270    1.88611    33.22770
G-C        0.00000    0.00000    0.00000    0.00000    0.00000    0.00000    0.00757    -0.29819   3.38722    0.37040    2.57368    34.47094
T-A        0.00000    0.00000    0.00000    0.00000    0.00000    0.00000    -0.03952   -0.64727   3.30312    -0.62393   -0.15049   32.89359
A-T        0.00000    0.00000    0.00000    0.00000    0.00000    0.00000    -0.08921   0.52010    3.36887    -1.39027   -2.19326   40.94760
T-A        0.00000    0.00000    0.00000    0.00000    0.00000    0.00000    -0.02361   -0.67815   3.22852    -0.80222   0.06286    31.11342
C-G        0.00000    0.00000    0.00000    0.00000    0.00000    0.00000    -0.08351   -0.08782   3.28623    -1.21913   2.99514    36.64609
T-A        0.00000    0.00000    0.00000    0.00000    0.00000    0.00000    0.01617    -0.31409   3.30182    -0.07903   5.41995    32.42101
C-G        0.00000    0.00000    0.00000    0.00000    0.00000    0.00000    0.05894    -0.08606   3.27392    0.50926    3.67374    36.27272
G-C        0.00000    0.00000    0.00000    0.00000    0.00000    0.00000    0.17218    0.32676    3.36461    2.14825    7.78246    34.51955
A-T        0.00000    0.00000    0.00000    0.00000    0.00000    0.00000    0.10330    -0.10785   3.30023    1.45736    1.77691    37.13452
G-C        0.00000    0.00000    0.00000    0.00000    0.00000    0.00000    0.00267    -0.32722   3.33059    0.91734    2.31259    33.40225
C-G        0.00000    0.00000    0.00000    0.00000    0.00000    0.00000    0.04050    -0.41415   3.33237    0.52990    1.12710    34.54305
T-A        0.00000    0.00000    0.00000    0.00000    0.00000    0.00000    0.01711    -0.32438   3.33484    0.00678    1.56632    33.66939
T-A        0.00000    0.00000    0.00000    0.00000    0.00000    0.00000    -0.04951   -0.27735   3.25213    -0.69653   -1.99237   36.40606
C-G        0.00000    0.00000    0.00000    0.00000    0.00000    0.00000    -0.09245   -0.09762   3.30349    -1.31835   1.49043    37.34943
A-T        0.00000    0.00000    0.00000    0.00000    0.00000    0.00000    -0.14220   0.21976    3.34992    -1.29132   6.32322    35.82459
T-A        0.00000    0.00000    0.00000    0.00000    0.00000    0.00000    -0.00513   -0.66704   3.21397    -0.28268   1.30081    30.80149
G-C        0.00000    0.00000    0.00000    0.00000    0.00000    0.00000    0.08339    0.15590    3.35826    0.18376    7.47347    35.20487
T-A        0.00000    0.00000    0.00000    0.00000    0.00000    0.00000    0.05474    -0.63429   3.24677    0.43677    2.60978    32.29659
T-A        0.00000    0.00000    0.00000    0.00000    0.00000    0.00000    0.01797    -0.24607   3.24176    0.86512    0.06863    35.70042
A-T        0.00000    0.00000    0.00000    0.00000    0.00000    0.00000    0.07008    0.43033    3.37051    1.18458    -0.88996   40.39056
T-A        0.00000    0.00000    0.00000    0.00000    0.00000    0.00000    0.00832    -0.69512   3.24767    0.32915    -1.36085   31.57588
A-T        0.00000    0.00000    0.00000    0.00000    0.00000    0.00000    -0.01159   0.58891    3.37643    -0.13616   -3.77497   41.91231
A-T        0.00000    0.00000    0.00000    0.00000    0.00000    0.00000    -0.00636   -0.28461   3.25176    -0.66979   -2.08748   36.30246
C-G        0.00000    0.00000    0.00000    0.00000    0.00000    0.00000    -0.05667   -0.63568   3.27326    -0.74713   1.25847    32.65991
G-C        0.00000    0.00000    0.00000    0.00000    0.00000    0.00000    -0.16851   0.35895    3.36255    -2.14980   6.97302    34.80908
G-C        0.00000    0.00000    0.00000    0.00000    0.00000    0.00000    -0.09592   -0.30978   3.36284    -0.99725   6.09510    33.48366
A-T        0.00000    0.00000    0.00000    0.00000    0.00000    0.00000    -0.01196   -0.08596   3.27701    -0.00323   3.49223    36.33319
C-G        0.00000    0.00000    0.00000    0.00000    0.00000    0.00000    0.01335    -0.63908   3.24409    0.79031    2.76294    32.06204
G-C        0.00000    0.00000    0.00000    0.00000    0.00000    0.00000    0.17376    0.36089    3.36114    2.21935    6.91831    34.78687
G-C        0.00000    0.00000    0.00000    0.00000    0.00000    0.00000    0.15037    -0.31388   3.37872    1.55425    4.31029    34.10353
G-C        0.00000    0.00000    0.00000    0.00000    0.00000    0.00000    0.08782    -0.29949   3.38548    0.95695    3.43478    34.46168
A-T        0.00000    0.00000    0.00000    0.00000    0.00000    0.00000    -0.01629   -0.11329   3.31273    0.05113    -0.00964   37.77707
T-A        0.00000    0.00000    0.00000    0.00000    0.00000    0.00000    -0.00823   -0.69334   3.24810    -0.32394   -1.32353   31.66595
C-G        0.00000    0.00000    0.00000    0.00000    0.00000    0.00000    -0.07332   -0.10868   3.30825    -1.13070   0.96285    37.51630
C-G        0.00000    0.00000    0.00000    0.00000    0.00000    0.00000    -0.15821   -0.32577   3.37569    -1.59358   5.04298    33.93553
G-C        0.00000    0.00000    0.00000    0.00000    0.00000    0.00000    -0.13660   0.33444    3.36623    -1.70512   7.76457    34.58914
C-G        0.00000    0.00000    0.00000    0.00000    0.00000    0.00000    -0.03265   -0.47661   3.28369    -0.30574   3.83350    33.49775
T-A        0.00000    0.00000    0.00000    0.00000    0.00000    0.00000    0.03255    -0.31551   3.30358    0.94018    5.14519    32.57782
T-A        0.00000    0.00000    0.00000    0.00000    0.00000    0.00000    0.01205    -0.22890   3.23701    0.76306    0.90665    35.39190
T-A        0.00000    0.00000    0.00000    0.00000    0.00000    0.00000    0.02075    -0.25585   3.24366    1.00055    -0.54995   35.78896
A-T        0.00000    0.00000    0.00000    0.00000    0.00000    0.00000    0.07301    0.51810    3.37016    1.10842    -2.35700   41.01933
A-T        0.00000    0.00000    0.00000    0.00000    0.00000    0.00000    0.03382    -0.30417   3.25450    0.15390    -2.90700   36.40588
C-G        0.00000    0.00000    0.00000    0.00000    0.00000    0.00000    -0.01054   -0.64569   3.29698    -0.26689   0.06800    32.82751
A-T        0.00000    0.00000    0.00000    0.00000    0.00000    0.00000    -0.14919   0.26130    3.33105    -1.53125   3.96983    36.42734
C-G        0.00000    0.00000    0.00000    0.00000    0.00000    0.00000    -0.06953   -0.63774   3.25934    -0.98214   1.73944    32.25610
T-A        0.00000    0.00000    0.00000    0.00000    0.00000    0.00000    -0.02774   -0.32881   3.30454    -0.95856   4.77459    32.33062
T-A        0.00000    0.00000    0.00000    0.00000    0.00000    0.00000    -0.03651   -0.21504   3.22774    -0.46054   2.43384    34.65030
T-A        0.00000    0.00000    0.00000    0.00000    0.00000    0.00000    -0.00977   -0.21196   3.22750    0.25273    2.44095    34.65206
A-T        0.00000    0.00000    0.00000    0.00000    0.00000    0.00000    0.07075    0.09778    3.34743    1.32419    5.24154    36.61085
T-A        0.00000    0.00000    0.00000    0.00000    0.00000    0.00000    0.02498    -0.67952   3.22712    0.84598    0.07290    30.97483
G-C        0.00000    0.00000    0.00000    0.00000    0.00000    0.00000    0.16764    0.30414    3.32633    1.70597    3.68295    36.56850
C-G        0.00000    0.00000    0.00000    0.00000    0.00000    0.00000    0.07083    -0.40413   3.33105    0.68760    0.86786    34.41789
T-A        0.00000    0.00000    0.00000    0.00000    0.00000    0.00000    0.03969    -0.33132   3.33340    -0.09771   1.14494    33.47880
T-A        0.00000    0.00000    0.00000    0.00000    0.00000    0.00000    -0.04943   -0.29788   3.25199    -0.90561   -2.35735   36.25554
C-G        0.00000    0.00000    0.00000    0.00000    0.00000    0.00000    -0.12556   -0.11622   3.30086    -1.77571   1.54746    37.08919
C-G        0.00000    0.00000    0.00000    0.00000    0.00000    0.00000    -0.21492   -0.35938   3.36592    -2.08872   6.04605    33.31045
G-C        0.00000    0.00000    0.00000    0.00000    0.00000    0.00000    -0.12949   0.28289    3.36055    -1.53758   9.27406    33.76072
G-C        0.00000    0.00000    0.00000    0.00000    0.00000    0.00000    0.02124    -0.34105   3.35218    0.27842    7.25839    32.87807
C-G        0.00000    0.00000    0.00000    0.00000    0.00000    0.00000    0.10335    -0.47851   3.27395    1.28372    4.05819    33.21300
T-A        0.00000    0.00000    0.00000    0.00000    0.00000    0.00000    0.08383    -0.31667   3.30265    2.40241    4.26900    32.62971
C-G        0.00000    0.00000    0.00000    0.00000    0.00000    0.00000    0.18283    -0.09789   3.29100    1.96329    0.89385    37.10039
G-C        0.00000    0.00000    0.00000    0.00000    0.00000    0.00000    0.17048    0.46730    3.34635    2.08124    3.09459    36.02470
T-A        0.00000    0.00000    0.00000    0.00000    0.00000    0.00000    0.00845    -0.64665   3.31263    -0.18008   -0.65182   33.14054
A-T        0.00000    0.00000    0.00000    0.00000    0.00000    0.00000    -0.05752   0.64627    3.37824    -1.23544   -4.94643   42.56441
T-A        0.00000    0.00000    0.00000    0.00000    0.00000    0.00000    -0.02509   -0.68961   3.23940    -0.98870   -0.71008   31.44254
A-T        0.00000    0.00000    0.00000    0.00000    0.00000    0.00000    -0.11725   0.16627    3.35976    -1.95808   3.70841    37.94341
A-T        0.00000    0.00000    0.00000    0.00000    0.00000    0.00000    -0.02308   -0.20410   3.22858    -0.75714   2.58406    34.94443
T-A        0.00000    0.00000    0.00000    0.00000    0.00000    0.00000    -0.01026   -0.65781   3.19948    -0.02289   2.39706    30.46921
G-C        0.00000    0.00000    0.00000    0.00000    0.00000    0.00000    0.13528    0.14705    3.36067    1.20423    8.33752    35.01502
T-A        0.00000    0.00000    0.00000    0.00000    0.00000    0.00000    0.08146    -0.62225   3.24483    1.27120    2.53506    32.42254
G-C        0.00000    0.00000    0.00000    0.00000    0.00000    0.00000    0.21252    0.32500    3.33635    2.51797    4.34259    36.95086
T-A        0.00000    0.00000    0.00000    0.00000    0.00000    0.00000    0.06601    -0.63262   3.30386    1.00536    -0.20407   33.36696
C-G        0.00000    0.00000    0.00000    0.00000    0.00000    0.00000    0.07066    -0.11504   3.32314    0.44403    -1.32359   38.38795
G-C        0.00000    0.00000    0.00000    0.00000    0.00000    0.00000    -0.13009   0.47886    3.35502    -1.83164   2.33367    36.67316
A-T        0.00000    0.00000    0.00000    0.00000    0.00000    0.00000    -0.19002   -0.10794   3.30193    -2.12540   0.32038    37.63842
C-G        0.00000    0.00000    0.00000    0.00000    0.00000    0.00000    -0.09788   -0.63355   3.25790    -1.53001   1.96279    32.62203
C-G        0.00000    0.00000    0.00000    0.00000    0.00000    0.00000    -0.24397   -0.35527   3.36249    -2.33162   6.86374    33.37096
A-T        0.00000    0.00000    0.00000    0.00000    0.00000    0.00000    -0.12681   0.08082    3.36713    -0.62581   9.32606    34.45965
A-T        0.00000    0.00000    0.00000    0.00000    0.00000    0.00000    0.02893    -0.18165   3.22277    0.71622    3.69000    34.62812
A-T        0.00000    0.00000    0.00000    0.00000    0.00000    0.00000    0.06294    -0.20578   3.23000    1.53315    2.19544    35.09451
T-A        0.00000    0.00000    0.00000    0.00000    0.00000    0.00000    0.03293    -0.67786   3.22801    1.25857    0.04259    31.15931
G-C        0.00000    0.00000    0.00000    0.00000    0.00000    0.00000    -0.52900   -0.91300   3.45800    -1.69300   -11.71100  37.46900
T-A        0.00000    0.00000    0.00000    0.00000    0.00000    0.00000    -0.90500   -1.56500   3.20600    -2.30400   -8.21600   32.15500
G-C        0.00000    0.00000    0.00000    0.00000    0.00000    0.00000    -0.37600   -0.59600   3.22500    -2.15200   -0.59100   39.45800
A-T        0.00000    0.00000    0.00000    0.00000    0.00000    0.00000    0.13300    -1.01800   3.04900    2.60000    -6.07400   32.09600
G-C        0.00000    0.00000    0.00000    0.00000    0.00000    0.00000    0.92800    -0.52800   2.87900    -1.16300   -8.59200   33.49600
C-G        0.00000    0.00000    0.00000    0.00000    0.00000    0.00000    -0.67500   -0.12400   3.12500    12.52500   -5.62600   33.18900
G-C        0.00000    0.00000    0.00000    0.00000    0.00000    0.00000    0.04900    1.55100    5.41000    0.13300    60.11500   13.23600
C-G        0.00000    0.00000    0.00000    0.00000    0.00000    0.00000    0.71700    -0.08700   3.08800    -11.66700  -4.90100   33.31800
T-A        0.00000    0.00000    0.00000    0.00000    0.00000    0.00000    -0.96100   -0.48300   2.89500    0.88000    -7.56800   33.57900
C-G        0.00000    0.00000    0.00000    0.00000    0.00000    0.00000    -0.12100   -0.98300   3.10600    -2.86300   -6.39900   31.81800
A-T        0.00000    0.00000    0.00000    0.00000    0.00000    0.00000    0.32200    -0.59400   3.18100    1.63800    -0.34700   39.42300
C-G        0.00000    0.00000    0.00000    0.00000    0.00000    0.00000    0.92800    -1.59300   3.28000    2.05900    -8.66500   31.95300
A-T        0.00000    0.00000    0.00000    0.00000    0.00000    0.00000    0.27000    -1.09700   3.26700    -0.64400   -9.99200   39.98000
