147 # base pairs
  0 # ***local base-pair & step parameters***
#          Shear      Stretch    Stagger    Buckle     Prop-Tw    Opening    Shift      Slide      Rise       Tilt       Roll       Twist
T-A        0.00000    0.00000    0.00000    0.00000    0.00000    0.00000    0.00000    0.00000    0.00000    0.00000    0.00000    0.00000
G-C        0.00000    0.00000    0.00000    0.00000    0.00000    0.00000    -0.52900   -0.91400   3.45700    -1.68900   -11.71200  37.48600
T-A        0.00000    0.00000    0.00000    0.00000    0.00000    0.00000    -0.90500   -1.56600   3.20600    -2.28600   -8.20700   32.14700
G-C        0.00000    0.00000    0.00000    0.00000    0.00000    0.00000    -0.37800   -0.59600   3.22500    -2.16700   -0.60300   39.43900
A-T        0.00000    0.00000    0.00000    0.00000    0.00000    0.00000    0.13400    -1.01800   3.05000    2.61000    -6.09300   32.09300
G-C        0.00000    0.00000    0.00000    0.00000    0.00000    0.00000    0.92900    -0.52800   2.87800    -1.17000   -8.57000   33.49400
C-G        0.00000    0.00000    0.00000    0.00000    0.00000    0.00000    -0.67600   -0.12200   3.12700    12.55900   -5.64700   33.21100
G-C        0.00000    0.00000    0.00000    0.00000    0.00000    0.00000    0.04900    1.55300    5.41000    0.14200    60.15100   13.21000
C-G        0.00000    0.00000    0.00000    0.00000    0.00000    0.00000    0.71500    -0.08700   3.08800    -11.72400  -4.90600   33.28700
T-A        0.00000    0.00000    0.00000    0.00000    0.00000    0.00000    -0.96000   -0.48500   2.89400    0.89600    -7.58500   33.58500
C-G        0.00000    0.00000    0.00000    0.00000    0.00000    0.00000    -0.12000   -0.98300   3.10600    -2.86200   -6.42300   31.82500
A-T        0.00000    0.00000    0.00000    0.00000    0.00000    0.00000    0.32200    -0.59300   3.18200    1.65600    -0.34900   39.43600
C-G        0.00000    0.00000    0.00000    0.00000    0.00000    0.00000    0.92900    -1.59300   3.28000    2.06100    -8.65300   31.94300
A-T        0.00000    0.00000    0.00000    0.00000    0.00000    0.00000    0.27000    -1.09600   3.26800    -0.64500   -9.98900   39.97000
A-T        0.00000    0.00000    0.00000    0.00000    0.00000    0.00000    0.02159    -0.04103   3.24936    -0.21490   2.52951    36.47162
T-A        0.00000    0.00000    0.00000    0.00000    0.00000    0.00000    0.01905    -0.74623   3.30483    0.20024    -1.78101   33.57059
T-A        0.00000    0.00000    0.00000    0.00000    0.00000    0.00000    0.00297    -0.38863   3.26338    0.58265    -2.00215   36.61203
T-A        0.00000    0.00000    0.00000    0.00000    0.00000    0.00000    0.00860    -0.25268   3.26759    0.41451    -0.67980   35.90407
A-T        0.00000    0.00000    0.00000    0.00000    0.00000    0.00000    0.03407    0.29974    3.47171    0.67724    -3.49386   43.39957
T-A        0.00000    0.00000    0.00000    0.00000    0.00000    0.00000    -0.08111   -0.67941   3.28136    -0.27957   -2.98194   33.01441
T-A        0.00000    0.00000    0.00000    0.00000    0.00000    0.00000    -0.00611   -0.24515   3.24963    0.70013    -2.52326   37.39251
C-G        0.00000    0.00000    0.00000    0.00000    0.00000    0.00000    -0.06027   0.03274    3.30643    -0.14575   1.29329    37.27576
G-C        0.00000    0.00000    0.00000    0.00000    0.00000    0.00000    -0.20661   0.61211    3.34798    -2.27373   8.91471    34.13361
C-G        0.00000    0.00000    0.00000    0.00000    0.00000    0.00000    -0.15423   -0.42314   3.25597    -1.42014   3.29533    31.87088
A-T        0.00000    0.00000    0.00000    0.00000    0.00000    0.00000    -0.10343   0.49097    3.30691    -1.01769   5.03512    36.24763
A-T        0.00000    0.00000    0.00000    0.00000    0.00000    0.00000    0.07811    -0.14100   3.27960    0.43993    1.45877    35.58664
A-T        0.00000    0.00000    0.00000    0.00000    0.00000    0.00000    -0.03787   -0.35657   3.24596    0.03643    -0.35704   35.90961
G-C        0.00000    0.00000    0.00000    0.00000    0.00000    0.00000    0.00793    -0.50030   3.36232    0.61167    3.35680    33.07887
G-C        0.00000    0.00000    0.00000    0.00000    0.00000    0.00000    0.03987    -0.35851   3.44754    0.30511    3.45083    36.14565
C-G        0.00000    0.00000    0.00000    0.00000    0.00000    0.00000    0.02737    -0.37130   3.27795    0.43881    2.47047    34.79867
C-G        0.00000    0.00000    0.00000    0.00000    0.00000    0.00000    -0.26509   -0.23436   3.36647    -0.32491   3.31363    34.69527
G-C        0.00000    0.00000    0.00000    0.00000    0.00000    0.00000    -0.07258   0.38478    3.10598    -0.38941   5.36402    32.34335
G-C        0.00000    0.00000    0.00000    0.00000    0.00000    0.00000    0.18443    -0.20115   3.35331    -0.18607   3.72316    34.75893
C-G        0.00000    0.00000    0.00000    0.00000    0.00000    0.00000    -0.04767   -0.35352   3.27189    -0.48756   2.80302    34.72206
C-G        0.00000    0.00000    0.00000    0.00000    0.00000    0.00000    0.26413    -0.32722   3.39102    0.14779    3.78414    34.84987
C-G        0.00000    0.00000    0.00000    0.00000    0.00000    0.00000    0.08872    -0.24743   3.37952    1.50388    3.62325    35.21851
G-C        0.00000    0.00000    0.00000    0.00000    0.00000    0.00000    -0.20813   0.91101    3.31876    -1.17922   3.90365    35.07058
A-T        0.00000    0.00000    0.00000    0.00000    0.00000    0.00000    -0.07835   -0.06320   3.18803    -0.66652   0.08807    36.64887
C-G        0.00000    0.00000    0.00000    0.00000    0.00000    0.00000    0.10637    -0.50721   3.17958    0.21559    2.67084    32.09669
A-T        0.00000    0.00000    0.00000    0.00000    0.00000    0.00000    0.03724    -0.06119   3.38599    -0.46706   4.25663    36.77518
C-G        0.00000    0.00000    0.00000    0.00000    0.00000    0.00000    0.16316    -0.50638   3.27630    0.16595    2.67127    31.98990
G-C        0.00000    0.00000    0.00000    0.00000    0.00000    0.00000    0.00517    0.51633    3.31018    0.69524    4.06085    37.18697
A-T        0.00000    0.00000    0.00000    0.00000    0.00000    0.00000    -0.06961   -0.05070   3.18886    -0.47858   -0.10099   36.78656
C-G        0.00000    0.00000    0.00000    0.00000    0.00000    0.00000    -0.09920   -0.62578   3.25031    0.55470    2.66309    32.95016
T-A        0.00000    0.00000    0.00000    0.00000    0.00000    0.00000    0.03565    -0.68332   3.55185    -0.10930   2.12763    35.87200
T-A        0.00000    0.00000    0.00000    0.00000    0.00000    0.00000    -0.01996   -0.25815   3.21679    -0.85164   -0.99072   33.38980
A-T        0.00000    0.00000    0.00000    0.00000    0.00000    0.00000    0.05038    0.36375    3.38049    -0.06562   -0.39984   40.97866
C-G        0.00000    0.00000    0.00000    0.00000    0.00000    0.00000    -0.01212   -0.69351   3.27671    -0.05195   1.31997    32.89911
T-A        0.00000    0.00000    0.00000    0.00000    0.00000    0.00000    -0.00343   -0.42485   3.36966    -0.29660   4.70716    33.25281
G-C        0.00000    0.00000    0.00000    0.00000    0.00000    0.00000    0.03044    -0.01464   3.39473    -1.21199   7.67560    35.28752
T-A        0.00000    0.00000    0.00000    0.00000    0.00000    0.00000    -0.02438   -0.54434   3.17074    -0.11249   3.20797    31.12490
A-T        0.00000    0.00000    0.00000    0.00000    0.00000    0.00000    0.04841    0.13578    3.35823    0.63394    6.13922    36.97310
G-C        0.00000    0.00000    0.00000    0.00000    0.00000    0.00000    -0.24319   -0.17067   3.24337    0.49729    5.94310    31.89793
G-C        0.00000    0.00000    0.00000    0.00000    0.00000    0.00000    0.07148    -0.70360   3.53001    1.21574    4.89215    35.18031
T-A        0.00000    0.00000    0.00000    0.00000    0.00000    0.00000    0.14543    -0.49204   3.25402    1.12265    0.11022    32.25726
A-T        0.00000    0.00000    0.00000    0.00000    0.00000    0.00000    0.04367    -0.33465   3.38330    0.85169    0.83844    37.90719
T-A        0.00000    0.00000    0.00000    0.00000    0.00000    0.00000    -0.03257   -0.74181   3.22678    -0.13392   -2.32041   32.62291
C-G        0.00000    0.00000    0.00000    0.00000    0.00000    0.00000    0.08949    -0.29405   3.37987    -1.08444   -0.67907   39.59867
T-A        0.00000    0.00000    0.00000    0.00000    0.00000    0.00000    0.10292    -0.33763   3.36058    -0.94447   2.96663    33.26249
C-G        0.00000    0.00000    0.00000    0.00000    0.00000    0.00000    -0.15092   -0.08594   3.40475    -1.64095   2.00394    36.88178
G-C        0.00000    0.00000    0.00000    0.00000    0.00000    0.00000    -0.11354   0.48930    3.33158    -2.15684   12.74825   31.75451
A-T        0.00000    0.00000    0.00000    0.00000    0.00000    0.00000    -0.17596   0.12189    3.29658    -2.37113   4.32286    35.55161
G-C        0.00000    0.00000    0.00000    0.00000    0.00000    0.00000    0.05854    -0.26471   3.32321    0.66593    5.37451    32.24506
C-G        0.00000    0.00000    0.00000    0.00000    0.00000    0.00000    0.09650    -0.50076   3.38249    1.45097    2.73861    35.91923
T-A        0.00000    0.00000    0.00000    0.00000    0.00000    0.00000    0.04602    -0.09434   3.30119    2.92701    1.54061    33.65234
C-G        0.00000    0.00000    0.00000    0.00000    0.00000    0.00000    0.31819    0.39638    3.25207    3.90632    0.16377    38.30155
G-C        0.00000    0.00000    0.00000    0.00000    0.00000    0.00000    0.22201    1.29302    3.40237    1.73840    0.47340    37.34968
G-C        0.00000    0.00000    0.00000    0.00000    0.00000    0.00000    -0.17781   -0.22036   3.40841    -3.28350   1.26799    36.11786
G-C        0.00000    0.00000    0.00000    0.00000    0.00000    0.00000    -0.23272   -0.22081   3.34098    -1.89787   4.99372    33.96742
A-T        0.00000    0.00000    0.00000    0.00000    0.00000    0.00000    -0.13136   -0.28231   3.34726    -1.83749   1.40886    37.41158
T-A        0.00000    0.00000    0.00000    0.00000    0.00000    0.00000    -0.04205   -0.63700   3.22908    -0.80232   2.68044    31.66081
C-G        0.00000    0.00000    0.00000    0.00000    0.00000    0.00000    0.00534    -0.22319   3.29543    -0.23266   4.23009    36.13403
C-G        0.00000    0.00000    0.00000    0.00000    0.00000    0.00000    -0.28866   -0.12720   3.26332    -1.08843   8.93512    32.00146
G-C        0.00000    0.00000    0.00000    0.00000    0.00000    0.00000    0.07372    0.41206    3.34258    2.20063    9.42115    34.19227
C-G        0.00000    0.00000    0.00000    0.00000    0.00000    0.00000    0.32446    -0.51614   3.43483    2.95326    1.14104    35.80539
T-A        0.00000    0.00000    0.00000    0.00000    0.00000    0.00000    0.59813    -0.42329   3.48296    5.79622    -0.44014   36.28360
T-A        0.00000    0.00000    0.00000    0.00000    0.00000    0.00000    0.06257    -0.31590   3.27825    1.88785    -5.92531   38.04769
T-A        0.00000    0.00000    0.00000    0.00000    0.00000    0.00000    -0.03760   -0.41785   3.30151    -0.28963   -6.68469   37.39679
A-T        0.00000    0.00000    0.00000    0.00000    0.00000    0.00000    -0.17853   1.01933    3.26171    -1.79354   -8.79736   40.91236
A-T        0.00000    0.00000    0.00000    0.00000    0.00000    0.00000    -0.03615   -0.18385   3.22467    -2.58530   -1.46855   36.69430
C-G        0.00000    0.00000    0.00000    0.00000    0.00000    0.00000    -0.09884   -0.59649   3.33789    -2.06556   1.33469    34.10890
A-T        0.00000    0.00000    0.00000    0.00000    0.00000    0.00000    -0.05694   -0.00454   3.38849    -1.30677   7.11615    36.58837
C-G        0.00000    0.00000    0.00000    0.00000    0.00000    0.00000    0.23316    -0.58898   3.27022    0.87409    3.51336    32.69363
T-A        0.00000    0.00000    0.00000    0.00000    0.00000    0.00000    -0.01948   -0.54622   3.52540    1.13428    6.44302    37.33561
T-A        0.00000    0.00000    0.00000    0.00000    0.00000    0.00000    0.08529    -0.28315   3.26838    2.20639    -1.68980   37.35758
T-A        0.00000    0.00000    0.00000    0.00000    0.00000    0.00000    -0.04786   -0.13572   3.25598    0.19022    -3.28190   37.94597
C-G        0.00000    0.00000    0.00000    0.00000    0.00000    0.00000    0.12328    0.31465    3.38083    1.97180    -2.87301   39.40592
A-T        0.00000    0.00000    0.00000    0.00000    0.00000    0.00000    -0.45189   0.53582    3.34536    -1.81729   3.17370    37.06343
T-A        0.00000    0.00000    0.00000    0.00000    0.00000    0.00000    -0.04840   -0.51647   3.26011    -0.78886   0.13377    31.98551
G-C        0.00000    0.00000    0.00000    0.00000    0.00000    0.00000    -0.17923   -0.11623   3.48862    -3.81903   2.78582    38.62292
T-A        0.00000    0.00000    0.00000    0.00000    0.00000    0.00000    -0.05057   -0.64214   3.30545    -1.56975   0.64084    33.37750
T-A        0.00000    0.00000    0.00000    0.00000    0.00000    0.00000    -0.02569   -0.20620   3.15049    -1.47950   4.87792    34.21875
A-T        0.00000    0.00000    0.00000    0.00000    0.00000    0.00000    0.05445    0.24704    3.33144    0.07642    6.95092    36.09310
T-A        0.00000    0.00000    0.00000    0.00000    0.00000    0.00000    0.03571    -0.72099   3.18627    1.10512    1.41639    31.56407
A-T        0.00000    0.00000    0.00000    0.00000    0.00000    0.00000    0.06772    0.27572    3.40331    2.50781    0.86892    39.93645
A-T        0.00000    0.00000    0.00000    0.00000    0.00000    0.00000    0.07736    -0.22887   3.22131    1.70127    -1.64464   37.04756
C-G        0.00000    0.00000    0.00000    0.00000    0.00000    0.00000    0.01553    -0.71258   3.42382    0.69350    -2.98524   35.35927
G-C        0.00000    0.00000    0.00000    0.00000    0.00000    0.00000    0.07450    0.22315    3.28534    0.47614    -1.93339   40.76615
G-C        0.00000    0.00000    0.00000    0.00000    0.00000    0.00000    -0.30894   -0.20706   3.32210    -1.97280   3.23006    33.49674
A-T        0.00000    0.00000    0.00000    0.00000    0.00000    0.00000    -0.13448   -0.27921   3.36253    -1.56518   0.23224    38.04927
T-A        0.00000    0.00000    0.00000    0.00000    0.00000    0.00000    0.06339    -0.67912   3.19656    -1.23718   1.39975    31.89201
A-T        0.00000    0.00000    0.00000    0.00000    0.00000    0.00000    -0.00591   -0.24028   3.37404    -0.50405   4.78606    37.80280
T-A        0.00000    0.00000    0.00000    0.00000    0.00000    0.00000    0.02066    -0.71570   3.12287    0.15581    4.43409    28.65894
G-C        0.00000    0.00000    0.00000    0.00000    0.00000    0.00000    0.02092    -0.25759   3.33078    0.57164    6.57390    37.30845
C-G        0.00000    0.00000    0.00000    0.00000    0.00000    0.00000    0.23904    -0.42545   3.29223    0.82680    2.65749    34.13941
T-A        0.00000    0.00000    0.00000    0.00000    0.00000    0.00000    0.44066    -0.44041   3.47237    4.47879    0.79065    35.92685
T-A        0.00000    0.00000    0.00000    0.00000    0.00000    0.00000    0.03885    -0.26451   3.21801    1.07174    0.32487    35.51913
C-G        0.00000    0.00000    0.00000    0.00000    0.00000    0.00000    0.05196    -0.23291   3.39651    0.10627    -1.56833   38.74431
C-G        0.00000    0.00000    0.00000    0.00000    0.00000    0.00000    -0.24333   -0.11508   3.29402    -1.73386   4.99358    33.13788
G-C        0.00000    0.00000    0.00000    0.00000    0.00000    0.00000    -0.25265   0.38446    3.10012    -2.28365   5.20727    32.35553
G-C        0.00000    0.00000    0.00000    0.00000    0.00000    0.00000    0.04669    -0.19546   3.33710    -1.69877   4.57882    34.78973
C-G        0.00000    0.00000    0.00000    0.00000    0.00000    0.00000    0.08495    -0.57227   3.29247    -0.93368   3.18113    34.33496
T-A        0.00000    0.00000    0.00000    0.00000    0.00000    0.00000    -0.02809   -0.24336   3.31842    0.15463    4.77215    32.42234
C-G        0.00000    0.00000    0.00000    0.00000    0.00000    0.00000    0.22431    0.16700    3.28401    2.89457    3.60307    35.97922
G-C        0.00000    0.00000    0.00000    0.00000    0.00000    0.00000    0.10903    0.50618    3.30325    1.75195    4.91809    36.58203
T-A        0.00000    0.00000    0.00000    0.00000    0.00000    0.00000    0.26953    -0.74281   3.27627    0.39039    2.33424    33.24056
A-T        0.00000    0.00000    0.00000    0.00000    0.00000    0.00000    0.00995    -0.42754   3.38346    0.99295    2.16031    37.10811
T-A        0.00000    0.00000    0.00000    0.00000    0.00000    0.00000    -0.02653   -0.71111   3.21516    0.15254    -1.60556   31.48590
A-T        0.00000    0.00000    0.00000    0.00000    0.00000    0.00000    -0.07565   0.37113    3.45363    -0.08917   -3.16754   42.69295
A-T        0.00000    0.00000    0.00000    0.00000    0.00000    0.00000    -0.06326   -0.32717   3.23869    -0.60898   0.36357    35.51803
T-A        0.00000    0.00000    0.00000    0.00000    0.00000    0.00000    -0.00104   -0.63553   3.27499    -0.28810   -0.15594   32.19588
G-C        0.00000    0.00000    0.00000    0.00000    0.00000    0.00000    -0.04170   -0.07738   3.47478    -1.06224   5.00690    37.80767
T-A        0.00000    0.00000    0.00000    0.00000    0.00000    0.00000    0.07526    -0.48780   3.24792    -0.16545   1.24555    31.40678
G-C        0.00000    0.00000    0.00000    0.00000    0.00000    0.00000    0.00908    -0.03814   3.37630    0.76965    4.60422    36.60657
T-A        0.00000    0.00000    0.00000    0.00000    0.00000    0.00000    -0.07227   -0.50076   3.17984    0.08969    2.66468    32.09556
C-G        0.00000    0.00000    0.00000    0.00000    0.00000    0.00000    0.11631    -0.06281   3.18254    1.01692    -0.06977   36.62876
G-C        0.00000    0.00000    0.00000    0.00000    0.00000    0.00000    -0.00423   0.55158    3.30495    0.17845    7.39732    33.50383
A-T        0.00000    0.00000    0.00000    0.00000    0.00000    0.00000    -0.11125   -0.06120   3.18412    -0.88706   -0.11889   36.67802
C-G        0.00000    0.00000    0.00000    0.00000    0.00000    0.00000    -0.16832   -0.79435   3.21166    -0.17507   2.41798    32.68839
C-G        0.00000    0.00000    0.00000    0.00000    0.00000    0.00000    0.08189    -0.44538   3.38247    0.48295    6.18502    32.82722
A-T        0.00000    0.00000    0.00000    0.00000    0.00000    0.00000    -0.05492   0.84805    3.32248    -0.41375   4.31389    37.14443
A-T        0.00000    0.00000    0.00000    0.00000    0.00000    0.00000    0.08463    -0.14081   3.28179    0.55408    0.38310    35.94153
A-T        0.00000    0.00000    0.00000    0.00000    0.00000    0.00000    0.01347    -0.37711   3.26360    0.21988    -2.64844   36.72428
T-A        0.00000    0.00000    0.00000    0.00000    0.00000    0.00000    0.04540    -0.67350   3.27904    0.38779    -0.68582   32.26203
G-C        0.00000    0.00000    0.00000    0.00000    0.00000    0.00000    -0.52900   -0.91300   3.45600    -1.68800   -11.71000  37.48700
T-A        0.00000    0.00000    0.00000    0.00000    0.00000    0.00000    -0.90400   -1.56500   3.20800    -2.31200   -8.23700   32.15000
G-C        0.00000    0.00000    0.00000    0.00000    0.00000    0.00000    -0.37800   -0.59700   3.22500    -2.12800   -0.59300   39.45200
A-T        0.00000    0.00000    0.00000    0.00000    0.00000    0.00000    0.13400    -1.01800   3.05000    2.62000    -6.08100   32.09400
G-C        0.00000    0.00000    0.00000    0.00000    0.00000    0.00000    0.92900    -0.52700   2.87900    -1.17000   -8.55900   33.48800
C-G        0.00000    0.00000    0.00000    0.00000    0.00000    0.00000    -0.67600   -0.12300   3.12600    12.51100   -5.63500   33.19900
G-C        0.00000    0.00000    0.00000    0.00000    0.00000    0.00000    0.04800    1.55200    5.41000    0.17000    60.13600   13.23400
C-G        0.00000    0.00000    0.00000    0.00000    0.00000    0.00000    0.71600    -0.08600   3.08800    -11.70500  -4.91800   33.29500
T-A        0.00000    0.00000    0.00000    0.00000    0.00000    0.00000    -0.96000   -0.48300   2.89500    0.90300    -7.59500   33.59800
C-G        0.00000    0.00000    0.00000    0.00000    0.00000    0.00000    -0.12000   -0.98300   3.10400    -2.85000   -6.36700   31.79800
A-T        0.00000    0.00000    0.00000    0.00000    0.00000    0.00000    0.32300    -0.59400   3.18200    1.62100    -0.34800   39.44400
C-G        0.00000    0.00000    0.00000    0.00000    0.00000    0.00000    0.92900    -1.59400   3.28000    2.06500    -8.65200   31.93200
A-T        0.00000    0.00000    0.00000    0.00000    0.00000    0.00000    0.27000    -1.09600   3.26900    -0.64700   -9.99800   39.98900
