147 # base pairs
  0 # ***local base-pair & step parameters***
#          Shear      Stretch    Stagger    Buckle     Prop-Tw    Opening    Shift      Slide      Rise       Tilt       Roll       Twist
T-A        0.00000    0.00000    0.00000    0.00000    0.00000    0.00000    0.00000    0.00000    0.00000    0.00000    0.00000    0.00000
G-C        0.00000    0.00000    0.00000    0.00000    0.00000    0.00000    -0.52900   -0.91400   3.45700    -1.68900   -11.71200  37.48600
T-A        0.00000    0.00000    0.00000    0.00000    0.00000    0.00000    -0.90500   -1.56600   3.20600    -2.28600   -8.20700   32.14700
G-C        0.00000    0.00000    0.00000    0.00000    0.00000    0.00000    -0.37800   -0.59600   3.22500    -2.16700   -0.60300   39.43900
A-T        0.00000    0.00000    0.00000    0.00000    0.00000    0.00000    0.13400    -1.01800   3.05000    2.61000    -6.09300   32.09300
G-C        0.00000    0.00000    0.00000    0.00000    0.00000    0.00000    0.92900    -0.52800   2.87800    -1.17000   -8.57000   33.49400
C-G        0.00000    0.00000    0.00000    0.00000    0.00000    0.00000    -0.67600   -0.12200   3.12700    12.55900   -5.64700   33.21100
G-C        0.00000    0.00000    0.00000    0.00000    0.00000    0.00000    0.04900    1.55300    5.41000    0.14200    60.15100   13.21000
C-G        0.00000    0.00000    0.00000    0.00000    0.00000    0.00000    0.71500    -0.08700   3.08800    -11.72400  -4.90600   33.28700
T-A        0.00000    0.00000    0.00000    0.00000    0.00000    0.00000    -0.96000   -0.48500   2.89400    0.89600    -7.58500   33.58500
C-G        0.00000    0.00000    0.00000    0.00000    0.00000    0.00000    -0.12000   -0.98300   3.10600    -2.86200   -6.42300   31.82500
A-T        0.00000    0.00000    0.00000    0.00000    0.00000    0.00000    0.32200    -0.59300   3.18200    1.65600    -0.34900   39.43600
C-G        0.00000    0.00000    0.00000    0.00000    0.00000    0.00000    0.92900    -1.59300   3.28000    2.06100    -8.65300   31.94300
A-T        0.00000    0.00000    0.00000    0.00000    0.00000    0.00000    0.27000    -1.09600   3.26800    -0.64500   -9.98900   39.97000
A-T        0.00000    0.00000    0.00000    0.00000    0.00000    0.00000    0.03609    -0.18624   3.24095    0.09363    1.45897    36.29706
T-A        0.00000    0.00000    0.00000    0.00000    0.00000    0.00000    0.03204    -0.66849   3.22596    0.35982    0.83255    31.62600
T-A        0.00000    0.00000    0.00000    0.00000    0.00000    0.00000    0.02613    -0.23235   3.24864    0.77364    -0.17125   36.67426
T-A        0.00000    0.00000    0.00000    0.00000    0.00000    0.00000    0.00998    -0.25775   3.25447    0.79274    -1.46194   37.00414
A-T        0.00000    0.00000    0.00000    0.00000    0.00000    0.00000    0.00257    0.63780    3.39651    0.61998    -3.78224   43.36234
T-A        0.00000    0.00000    0.00000    0.00000    0.00000    0.00000    -0.02560   -0.68889   3.25480    0.01031    -1.54867   32.25050
T-A        0.00000    0.00000    0.00000    0.00000    0.00000    0.00000    -0.05001   -0.25008   3.25802    -0.33992   -2.26451   37.27986
C-G        0.00000    0.00000    0.00000    0.00000    0.00000    0.00000    -0.06453   -0.06591   3.31840    -0.85558   0.85392    38.35106
G-C        0.00000    0.00000    0.00000    0.00000    0.00000    0.00000    -0.10496   0.45681    3.38304    -1.46647   5.79724    36.26388
C-G        0.00000    0.00000    0.00000    0.00000    0.00000    0.00000    -0.02457   -0.44007   3.31534    -0.56108   2.77242    34.62737
A-T        0.00000    0.00000    0.00000    0.00000    0.00000    0.00000    -0.02888   0.26301    3.36232    -0.26392   6.00251    36.75818
A-T        0.00000    0.00000    0.00000    0.00000    0.00000    0.00000    0.03926    -0.22057   3.24547    0.19887    0.43733    36.34013
A-T        0.00000    0.00000    0.00000    0.00000    0.00000    0.00000    0.03766    -0.23630   3.24788    0.41009    -0.04466   36.45252
G-C        0.00000    0.00000    0.00000    0.00000    0.00000    0.00000    -0.01192   -0.32859   3.33914    0.20915    3.23616    34.01344
G-C        0.00000    0.00000    0.00000    0.00000    0.00000    0.00000    -0.00393   -0.30306   3.39410    0.26048    4.15898    34.98253
C-G        0.00000    0.00000    0.00000    0.00000    0.00000    0.00000    -0.03094   -0.43454   3.33261    0.01207    1.95070    34.92083
C-G        0.00000    0.00000    0.00000    0.00000    0.00000    0.00000    -0.04778   -0.25198   3.38709    -0.12185   4.11731    35.10951
G-C        0.00000    0.00000    0.00000    0.00000    0.00000    0.00000    -0.05436   0.45752    3.38141    -0.46767   5.46004    36.32892
G-C        0.00000    0.00000    0.00000    0.00000    0.00000    0.00000    -0.03973   -0.22058   3.37961    -0.40059   4.47242    35.01845
C-G        0.00000    0.00000    0.00000    0.00000    0.00000    0.00000    0.01610    -0.42793   3.32121    -0.03488   2.36766    34.74960
C-G        0.00000    0.00000    0.00000    0.00000    0.00000    0.00000    0.06476    -0.25220   3.38359    0.25869    4.53875    34.92534
C-G        0.00000    0.00000    0.00000    0.00000    0.00000    0.00000    0.06251    -0.27944   3.38809    0.22936    4.47180    34.90006
G-C        0.00000    0.00000    0.00000    0.00000    0.00000    0.00000    0.01033    0.36984    3.38643    -0.14517   5.80316    36.10200
A-T        0.00000    0.00000    0.00000    0.00000    0.00000    0.00000    -0.03142   -0.10509   3.30967    -0.21603   1.57438    37.85304
C-G        0.00000    0.00000    0.00000    0.00000    0.00000    0.00000    -0.04642   -0.65292   3.27890    0.03925    1.68321    33.25616
A-T        0.00000    0.00000    0.00000    0.00000    0.00000    0.00000    -0.09980   0.23576    3.36206    -0.24905   5.56070    36.82030
C-G        0.00000    0.00000    0.00000    0.00000    0.00000    0.00000    -0.05699   -0.63629   3.27158    0.26749    1.91042    33.20188
G-C        0.00000    0.00000    0.00000    0.00000    0.00000    0.00000    0.02078    0.42718    3.38353    0.58535    6.31253    36.00385
A-T        0.00000    0.00000    0.00000    0.00000    0.00000    0.00000    0.03032    -0.06111   3.30957    0.58136    1.55841    38.00918
C-G        0.00000    0.00000    0.00000    0.00000    0.00000    0.00000    0.02725    -0.62760   3.28880    0.66339    1.05351    33.46130
T-A        0.00000    0.00000    0.00000    0.00000    0.00000    0.00000    0.08132    -0.28893   3.34051    0.81973    2.32344    34.35525
T-A        0.00000    0.00000    0.00000    0.00000    0.00000    0.00000    0.00692    -0.26049   3.25756    0.03411    -2.18766   37.16547
A-T        0.00000    0.00000    0.00000    0.00000    0.00000    0.00000    0.00558    0.58180    3.39377    -0.47051   -2.86815   42.78462
C-G        0.00000    0.00000    0.00000    0.00000    0.00000    0.00000    -0.03807   -0.65326   3.29126    -0.47055   1.04492    33.50650
T-A        0.00000    0.00000    0.00000    0.00000    0.00000    0.00000    -0.02694   -0.32627   3.33646    -0.68324   3.57200    33.97095
G-C        0.00000    0.00000    0.00000    0.00000    0.00000    0.00000    -0.03595   0.19053    3.36680    -0.88065   6.43907    36.38167
T-A        0.00000    0.00000    0.00000    0.00000    0.00000    0.00000    -0.02384   -0.63571   3.25353    -0.36793   2.78063    32.89636
A-T        0.00000    0.00000    0.00000    0.00000    0.00000    0.00000    -0.00204   0.29489    3.37068    0.57311    4.09397    39.07476
G-C        0.00000    0.00000    0.00000    0.00000    0.00000    0.00000    0.00301    -0.27389   3.32715    0.94047    4.01796    33.88602
G-C        0.00000    0.00000    0.00000    0.00000    0.00000    0.00000    0.18130    -0.23728   3.38216    1.77604    4.20134    35.10049
T-A        0.00000    0.00000    0.00000    0.00000    0.00000    0.00000    0.08205    -0.62622   3.30182    0.68441    0.26095    33.81147
T-A        0.00000    0.00000    0.00000    0.00000    0.00000    0.00000    0.01545    -0.27866   3.26287    0.35934    -3.46501   37.61645
C-G        0.00000    0.00000    0.00000    0.00000    0.00000    0.00000    -0.00349   -0.11302   3.33010    -0.55731   -0.66457   38.75501
A-T        0.00000    0.00000    0.00000    0.00000    0.00000    0.00000    -0.14827   0.31275    3.34491    -1.85792   3.27157    37.91604
T-A        0.00000    0.00000    0.00000    0.00000    0.00000    0.00000    -0.03211   -0.68181   3.23576    -0.92898   -0.05838   31.74524
G-C        0.00000    0.00000    0.00000    0.00000    0.00000    0.00000    -0.08235   0.15354    3.36967    -1.73979   7.07669    36.01115
T-A        0.00000    0.00000    0.00000    0.00000    0.00000    0.00000    -0.02927   -0.63777   3.23639    -0.71952   3.57490    32.60756
T-A        0.00000    0.00000    0.00000    0.00000    0.00000    0.00000    -0.01606   -0.16692   3.23047    0.28360    2.89453    35.56611
A-T        0.00000    0.00000    0.00000    0.00000    0.00000    0.00000    0.08050    0.28052    3.36657    1.71285    4.54765    38.80175
T-A        0.00000    0.00000    0.00000    0.00000    0.00000    0.00000    0.03361    -0.66840   3.23392    1.13541    -0.15090   31.76410
A-T        0.00000    0.00000    0.00000    0.00000    0.00000    0.00000    0.13670    0.80836    3.38767    1.99765    -5.45788   44.04348
A-T        0.00000    0.00000    0.00000    0.00000    0.00000    0.00000    0.05539    -0.31324   3.26536    0.43483    -4.83690   37.64847
C-G        0.00000    0.00000    0.00000    0.00000    0.00000    0.00000    0.00320    -0.64621   3.32871    -0.42354   -1.25700   33.80400
G-C        0.00000    0.00000    0.00000    0.00000    0.00000    0.00000    -0.27966   0.44576    3.35716    -3.79571   3.03976    36.54460
G-C        0.00000    0.00000    0.00000    0.00000    0.00000    0.00000    -0.36212   -0.28085   3.37433    -3.73218   4.43999    34.37112
A-T        0.00000    0.00000    0.00000    0.00000    0.00000    0.00000    -0.21552   -0.08644   3.26548    -2.44918   3.79282    36.29364
A-T        0.00000    0.00000    0.00000    0.00000    0.00000    0.00000    -0.02330   -0.17404   3.21821    -0.59538   4.29673    34.45162
T-A        0.00000    0.00000    0.00000    0.00000    0.00000    0.00000    -0.00333   -0.64863   3.18669    0.29551    3.26044    30.21011
C-G        0.00000    0.00000    0.00000    0.00000    0.00000    0.00000    0.17071    -0.06491   3.25936    2.11442    4.47951    36.09530
T-A        0.00000    0.00000    0.00000    0.00000    0.00000    0.00000    0.11398    -0.30883   3.30419    3.52892    4.21383    33.08686
C-G        0.00000    0.00000    0.00000    0.00000    0.00000    0.00000    0.25126    -0.09537   3.29891    2.79866    -0.03322   37.75291
G-C        0.00000    0.00000    0.00000    0.00000    0.00000    0.00000    0.20448    0.52694    3.34552    2.57826    1.11488    37.10333
A-T        0.00000    0.00000    0.00000    0.00000    0.00000    0.00000    -0.06665   -0.12251   3.33020    -0.50799   -2.36922   38.78818
G-C        0.00000    0.00000    0.00000    0.00000    0.00000    0.00000    -0.10450   -0.32190   3.33746    -2.65184   0.54170    34.25005
C-G        0.00000    0.00000    0.00000    0.00000    0.00000    0.00000    -0.27432   -0.42832   3.31769    -3.16086   1.90121    34.40200
T-A        0.00000    0.00000    0.00000    0.00000    0.00000    0.00000    -0.06895   -0.31123   3.30771    -2.62918   5.00104    32.74052
C-G        0.00000    0.00000    0.00000    0.00000    0.00000    0.00000    -0.12742   -0.07579   3.26535    -1.66407   5.22394    35.98147
G-C        0.00000    0.00000    0.00000    0.00000    0.00000    0.00000    0.02019    0.22640    3.36783    0.19259    11.74013   33.23340
G-C        0.00000    0.00000    0.00000    0.00000    0.00000    0.00000    0.25238    -0.36649   3.34938    2.33962    8.12587    32.92203
G-C        0.00000    0.00000    0.00000    0.00000    0.00000    0.00000    0.36457    -0.36156   3.36509    3.62988    6.35998    33.57761
A-T        0.00000    0.00000    0.00000    0.00000    0.00000    0.00000    0.21226    -0.11644   3.31431    2.89790    0.81908    37.82011
T-A        0.00000    0.00000    0.00000    0.00000    0.00000    0.00000    0.01715    -0.70410   3.26192    1.00420    -2.54088   32.15076
C-G        0.00000    0.00000    0.00000    0.00000    0.00000    0.00000    0.04879    -0.12383   3.32769    0.40923    -2.16385   38.60913
C-G        0.00000    0.00000    0.00000    0.00000    0.00000    0.00000    -0.16021   -0.25856   3.39188    -1.64726   1.41601    35.20464
G-C        0.00000    0.00000    0.00000    0.00000    0.00000    0.00000    -0.35773   0.47399    3.34558    -4.57295   3.75967    35.96334
C-G        0.00000    0.00000    0.00000    0.00000    0.00000    0.00000    -0.24269   -0.44275   3.29200    -2.85813   2.94181    33.74196
T-A        0.00000    0.00000    0.00000    0.00000    0.00000    0.00000    -0.02161   -0.30343   3.29341    -1.74407   5.89723    32.13507
T-A        0.00000    0.00000    0.00000    0.00000    0.00000    0.00000    -0.01349   -0.17987   3.21682    -0.61644   4.30506    34.16853
T-A        0.00000    0.00000    0.00000    0.00000    0.00000    0.00000    0.02511    -0.19198   3.21832    0.51086    3.99833    34.22053
A-T        0.00000    0.00000    0.00000    0.00000    0.00000    0.00000    0.13681    -0.08864   3.34497    2.08353    7.32215    35.49526
A-T        0.00000    0.00000    0.00000    0.00000    0.00000    0.00000    0.07908    -0.26960   3.24065    1.77807    -0.26824   35.64810
C-G        0.00000    0.00000    0.00000    0.00000    0.00000    0.00000    0.04786    -0.66462   3.29919    1.64780    0.15003    32.81984
A-T        0.00000    0.00000    0.00000    0.00000    0.00000    0.00000    -0.02244   0.33094    3.31642    0.70755    1.59218    37.29450
C-G        0.00000    0.00000    0.00000    0.00000    0.00000    0.00000    -0.05061   -0.63859   3.31082    -0.30918   -0.77377   33.15705
T-A        0.00000    0.00000    0.00000    0.00000    0.00000    0.00000    -0.03840   -0.30731   3.32840    -1.42906   1.48685    33.48724
T-A        0.00000    0.00000    0.00000    0.00000    0.00000    0.00000    -0.07442   -0.24677   3.24213    -1.49497   -0.62789   35.87339
T-A        0.00000    0.00000    0.00000    0.00000    0.00000    0.00000    -0.05056   -0.21037   3.23256    -1.29023   1.46915    35.28652
A-T        0.00000    0.00000    0.00000    0.00000    0.00000    0.00000    -0.00552   -0.00823   3.34310    -0.74082   7.76102    35.60226
T-A        0.00000    0.00000    0.00000    0.00000    0.00000    0.00000    0.02828    -0.66249   3.20209    0.14680    2.08633    30.45470
G-C        0.00000    0.00000    0.00000    0.00000    0.00000    0.00000    0.18626    0.11022    3.35615    1.33317    7.62909    35.03126
C-G        0.00000    0.00000    0.00000    0.00000    0.00000    0.00000    0.16088    -0.47037   3.30139    1.71880    2.95524    33.83737
T-A        0.00000    0.00000    0.00000    0.00000    0.00000    0.00000    0.06590    -0.34831   3.32337    1.93436    2.75708    33.30591
T-A        0.00000    0.00000    0.00000    0.00000    0.00000    0.00000    -0.01485   -0.30055   3.25365    0.64017    -2.60011   36.49003
C-G        0.00000    0.00000    0.00000    0.00000    0.00000    0.00000    -0.00869   -0.11499   3.31240    -0.09747   -0.18535   37.77875
C-G        0.00000    0.00000    0.00000    0.00000    0.00000    0.00000    -0.13024   -0.27712   3.37986    -1.08781   3.33409    34.46108
G-C        0.00000    0.00000    0.00000    0.00000    0.00000    0.00000    -0.18974   0.44190    3.35229    -2.28451   5.38449    35.34415
G-C        0.00000    0.00000    0.00000    0.00000    0.00000    0.00000    -0.14806   -0.25393   3.36052    -1.56655   5.17213    33.81480
C-G        0.00000    0.00000    0.00000    0.00000    0.00000    0.00000    -0.03388   -0.45617   3.28389    -0.63876   3.46192    33.49248
T-A        0.00000    0.00000    0.00000    0.00000    0.00000    0.00000    0.06341    -0.31318   3.30178    0.38758    4.92710    32.40859
C-G        0.00000    0.00000    0.00000    0.00000    0.00000    0.00000    0.09376    -0.10274   3.27800    0.69341    2.88242    36.39702
G-C        0.00000    0.00000    0.00000    0.00000    0.00000    0.00000    0.14552    0.31830    3.35897    1.63789    6.80695    34.67134
T-A        0.00000    0.00000    0.00000    0.00000    0.00000    0.00000    0.03762    -0.65463   3.27247    0.39780    1.35733    32.48087
A-T        0.00000    0.00000    0.00000    0.00000    0.00000    0.00000    0.00150    0.34654    3.36863    0.41337    -0.64076   39.90347
T-A        0.00000    0.00000    0.00000    0.00000    0.00000    0.00000    -0.02272   -0.69276   3.24010    -0.00986   -0.80611   31.32297
A-T        0.00000    0.00000    0.00000    0.00000    0.00000    0.00000    -0.06506   0.42466    3.36539    -0.42402   -0.55291   40.02853
A-T        0.00000    0.00000    0.00000    0.00000    0.00000    0.00000    -0.00937   -0.24983   3.24338    -0.36495   -0.54785   35.77855
T-A        0.00000    0.00000    0.00000    0.00000    0.00000    0.00000    -0.00912   -0.67202   3.22610    -0.19097   0.19871    31.05829
G-C        0.00000    0.00000    0.00000    0.00000    0.00000    0.00000    0.06226    0.25550    3.34251    -0.10280   5.81763    35.75534
T-A        0.00000    0.00000    0.00000    0.00000    0.00000    0.00000    0.04836    -0.63078   3.25858    -0.08261   1.91969    32.34890
G-C        0.00000    0.00000    0.00000    0.00000    0.00000    0.00000    0.11608    0.21390    3.34402    0.37649    5.51527    35.83002
T-A        0.00000    0.00000    0.00000    0.00000    0.00000    0.00000    0.04851    -0.64908   3.27079    -0.00544   1.47534    32.48552
C-G        0.00000    0.00000    0.00000    0.00000    0.00000    0.00000    0.03822    -0.12460   3.29730    0.12192    1.40789    37.03327
G-C        0.00000    0.00000    0.00000    0.00000    0.00000    0.00000    -0.03577   0.34015    3.36049    -0.37669   5.84754    35.06489
A-T        0.00000    0.00000    0.00000    0.00000    0.00000    0.00000    -0.07165   -0.11675   3.29221    -0.45000   1.74584    36.88596
C-G        0.00000    0.00000    0.00000    0.00000    0.00000    0.00000    -0.06021   -0.64109   3.26038    -0.04527   1.90016    32.34486
C-G        0.00000    0.00000    0.00000    0.00000    0.00000    0.00000    -0.04913   -0.30124   3.36713    -0.15302   5.31156    33.71814
A-T        0.00000    0.00000    0.00000    0.00000    0.00000    0.00000    -0.05994   0.24285    3.34406    0.23079    6.02042    35.65413
A-T        0.00000    0.00000    0.00000    0.00000    0.00000    0.00000    0.03340    -0.23458   3.24060    0.41991    0.05757    35.63714
A-T        0.00000    0.00000    0.00000    0.00000    0.00000    0.00000    0.04976    -0.25088   3.24389    0.48947    -0.66908   35.81920
T-A        0.00000    0.00000    0.00000    0.00000    0.00000    0.00000    0.02987    -0.68618   3.23799    0.24792    -0.72254   31.29690
G-C        0.00000    0.00000    0.00000    0.00000    0.00000    0.00000    -0.52900   -0.91300   3.45600    -1.68800   -11.71000  37.48700
T-A        0.00000    0.00000    0.00000    0.00000    0.00000    0.00000    -0.90400   -1.56500   3.20800    -2.31200   -8.23700   32.15000
G-C        0.00000    0.00000    0.00000    0.00000    0.00000    0.00000    -0.37800   -0.59700   3.22500    -2.12800   -0.59300   39.45200
A-T        0.00000    0.00000    0.00000    0.00000    0.00000    0.00000    0.13400    -1.01800   3.05000    2.62000    -6.08100   32.09400
G-C        0.00000    0.00000    0.00000    0.00000    0.00000    0.00000    0.92900    -0.52700   2.87900    -1.17000   -8.55900   33.48800
C-G        0.00000    0.00000    0.00000    0.00000    0.00000    0.00000    -0.67600   -0.12300   3.12600    12.51100   -5.63500   33.19900
G-C        0.00000    0.00000    0.00000    0.00000    0.00000    0.00000    0.04800    1.55200    5.41000    0.17000    60.13600   13.23400
C-G        0.00000    0.00000    0.00000    0.00000    0.00000    0.00000    0.71600    -0.08600   3.08800    -11.70500  -4.91800   33.29500
T-A        0.00000    0.00000    0.00000    0.00000    0.00000    0.00000    -0.96000   -0.48300   2.89500    0.90300    -7.59500   33.59800
C-G        0.00000    0.00000    0.00000    0.00000    0.00000    0.00000    -0.12000   -0.98300   3.10400    -2.85000   -6.36700   31.79800
A-T        0.00000    0.00000    0.00000    0.00000    0.00000    0.00000    0.32300    -0.59400   3.18200    1.62100    -0.34800   39.44400
C-G        0.00000    0.00000    0.00000    0.00000    0.00000    0.00000    0.92900    -1.59400   3.28000    2.06500    -8.65200   31.93200
A-T        0.00000    0.00000    0.00000    0.00000    0.00000    0.00000    0.27000    -1.09600   3.26900    -0.64700   -9.99800   39.98900
