147 # base pairs
  0 # ***local base-pair & step parameters***
#          Shear      Stretch    Stagger    Buckle     Prop-Tw    Opening    Shift      Slide      Rise       Tilt       Roll       Twist
T-A        0.00000    0.00000    0.00000    0.00000    0.00000    0.00000    0.00000    0.00000    0.00000    0.00000    0.00000    0.00000
G-C        0.00000    0.00000    0.00000    0.00000    0.00000    0.00000    -0.52900   -0.91400   3.45700    -1.68900   -11.71200  37.48600
T-A        0.00000    0.00000    0.00000    0.00000    0.00000    0.00000    -0.90500   -1.56600   3.20600    -2.28600   -8.20700   32.14700
G-C        0.00000    0.00000    0.00000    0.00000    0.00000    0.00000    -0.37800   -0.59600   3.22500    -2.16700   -0.60300   39.43900
A-T        0.00000    0.00000    0.00000    0.00000    0.00000    0.00000    0.13400    -1.01800   3.05000    2.61000    -6.09300   32.09300
G-C        0.00000    0.00000    0.00000    0.00000    0.00000    0.00000    0.92900    -0.52800   2.87800    -1.17000   -8.57000   33.49400
C-G        0.00000    0.00000    0.00000    0.00000    0.00000    0.00000    -0.67600   -0.12200   3.12700    12.55900   -5.64700   33.21100
G-C        0.00000    0.00000    0.00000    0.00000    0.00000    0.00000    0.04900    1.55300    5.41000    0.14200    60.15100   13.21000
C-G        0.00000    0.00000    0.00000    0.00000    0.00000    0.00000    0.71500    -0.08700   3.08800    -11.72400  -4.90600   33.28700
T-A        0.00000    0.00000    0.00000    0.00000    0.00000    0.00000    -0.96000   -0.48500   2.89400    0.89600    -7.58500   33.58500
C-G        0.00000    0.00000    0.00000    0.00000    0.00000    0.00000    -0.12000   -0.98300   3.10600    -2.86200   -6.42300   31.82500
A-T        0.00000    0.00000    0.00000    0.00000    0.00000    0.00000    0.32200    -0.59300   3.18200    1.65600    -0.34900   39.43600
C-G        0.00000    0.00000    0.00000    0.00000    0.00000    0.00000    0.92900    -1.59300   3.28000    2.06100    -8.65300   31.94300
A-T        0.00000    0.00000    0.00000    0.00000    0.00000    0.00000    0.27000    -1.09600   3.26800    -0.64500   -9.98900   39.97000
A-T        0.00000    0.00000    0.00000    0.00000    0.00000    0.00000    0.04000    -0.03556   3.25177    -0.08510   2.38320    36.84974
T-A        0.00000    0.00000    0.00000    0.00000    0.00000    0.00000    0.02041    -0.74245   3.30783    0.22116    -1.85915   33.80512
T-A        0.00000    0.00000    0.00000    0.00000    0.00000    0.00000    0.00383    -0.38468   3.26294    0.56022    -2.12758   36.79391
T-A        0.00000    0.00000    0.00000    0.00000    0.00000    0.00000    0.01049    -0.25292   3.27547    0.39822    -1.06260   36.31011
A-T        0.00000    0.00000    0.00000    0.00000    0.00000    0.00000    0.03158    0.33275    3.49208    0.66041    -4.49020   44.76658
T-A        0.00000    0.00000    0.00000    0.00000    0.00000    0.00000    -0.08222   -0.67452   3.28477    -0.34248   -3.11511   33.37285
T-A        0.00000    0.00000    0.00000    0.00000    0.00000    0.00000    -0.00274   -0.23288   3.24806    0.74445    -2.70162   37.84275
C-G        0.00000    0.00000    0.00000    0.00000    0.00000    0.00000    -0.05676   0.04721    3.31027    -0.12599   1.23943    37.63589
G-C        0.00000    0.00000    0.00000    0.00000    0.00000    0.00000    -0.20663   0.61486    3.35295    -2.27418   8.97442    34.27247
C-G        0.00000    0.00000    0.00000    0.00000    0.00000    0.00000    -0.15220   -0.42436   3.25982    -1.39880   3.27308    31.99865
A-T        0.00000    0.00000    0.00000    0.00000    0.00000    0.00000    -0.09587   0.53228    3.31556    -0.96083   4.79260    36.87763
A-T        0.00000    0.00000    0.00000    0.00000    0.00000    0.00000    0.08120    -0.13142   3.28189    0.45851    1.37557    35.98110
A-T        0.00000    0.00000    0.00000    0.00000    0.00000    0.00000    -0.03882   -0.34458   3.25069    -0.00374   -0.47239   36.23349
G-C        0.00000    0.00000    0.00000    0.00000    0.00000    0.00000    0.00644    -0.49452   3.36855    0.54403    3.22666    33.43892
G-C        0.00000    0.00000    0.00000    0.00000    0.00000    0.00000    0.03201    -0.34118   3.45311    0.27653    3.26605    36.62326
C-G        0.00000    0.00000    0.00000    0.00000    0.00000    0.00000    0.02026    -0.35657   3.28457    0.39849    2.37623    35.19278
C-G        0.00000    0.00000    0.00000    0.00000    0.00000    0.00000    -0.25641   -0.21219   3.37063    -0.28286   3.23395    35.01453
G-C        0.00000    0.00000    0.00000    0.00000    0.00000    0.00000    -0.07571   0.40754    3.11879    -0.44285   5.31000    32.80516
G-C        0.00000    0.00000    0.00000    0.00000    0.00000    0.00000    0.16953    -0.18064   3.35716    -0.31690   3.69259    35.07634
C-G        0.00000    0.00000    0.00000    0.00000    0.00000    0.00000    -0.04514   -0.34355   3.27821    -0.49546   2.77957    35.08837
C-G        0.00000    0.00000    0.00000    0.00000    0.00000    0.00000    0.27586    -0.31184   3.39586    0.15370    3.70037    35.22330
C-G        0.00000    0.00000    0.00000    0.00000    0.00000    0.00000    0.09062    -0.24717   3.39079    1.54089    3.61596    35.74942
G-C        0.00000    0.00000    0.00000    0.00000    0.00000    0.00000    -0.21432   0.94535    3.33068    -1.23005   3.75753    35.55631
A-T        0.00000    0.00000    0.00000    0.00000    0.00000    0.00000    -0.07523   -0.06203   3.19479    -0.58972   0.06239    36.92783
C-G        0.00000    0.00000    0.00000    0.00000    0.00000    0.00000    0.09770    -0.50199   3.18171    0.26149    2.64088    32.40786
A-T        0.00000    0.00000    0.00000    0.00000    0.00000    0.00000    0.04534    -0.03608   3.39774    -0.45651   4.02306    37.40299
C-G        0.00000    0.00000    0.00000    0.00000    0.00000    0.00000    0.16017    -0.50135   3.28288    0.21993    2.59389    32.38878
G-C        0.00000    0.00000    0.00000    0.00000    0.00000    0.00000    0.01368    0.52627    3.31526    0.78023    3.87872    37.73759
A-T        0.00000    0.00000    0.00000    0.00000    0.00000    0.00000    -0.06161   -0.04807   3.19583    -0.39886   -0.19056   37.08941
C-G        0.00000    0.00000    0.00000    0.00000    0.00000    0.00000    -0.09050   -0.61298   3.25582    0.54693    2.52257    33.28726
T-A        0.00000    0.00000    0.00000    0.00000    0.00000    0.00000    0.02010    -0.67449   3.55455    -0.16724   2.12908    36.34008
T-A        0.00000    0.00000    0.00000    0.00000    0.00000    0.00000    -0.00503   -0.23112   3.21687    -1.06721   -1.13207   34.13926
A-T        0.00000    0.00000    0.00000    0.00000    0.00000    0.00000    0.04714    0.42318    3.39246    -0.10124   -1.07326   42.06663
C-G        0.00000    0.00000    0.00000    0.00000    0.00000    0.00000    -0.02884   -0.69346   3.27824    -0.09331   1.40622    33.16874
T-A        0.00000    0.00000    0.00000    0.00000    0.00000    0.00000    -0.00182   -0.40788   3.37778    -0.38056   4.74345    33.63910
G-C        0.00000    0.00000    0.00000    0.00000    0.00000    0.00000    0.01922    0.00853    3.39921    -1.07116   7.75831    35.70579
T-A        0.00000    0.00000    0.00000    0.00000    0.00000    0.00000    -0.01208   -0.53249   3.17509    0.04514    3.05451    31.70929
A-T        0.00000    0.00000    0.00000    0.00000    0.00000    0.00000    0.04922    0.31520    3.37429    0.92389    4.79933    38.47969
G-C        0.00000    0.00000    0.00000    0.00000    0.00000    0.00000    -0.20575   -0.13676   3.25414    0.68818    5.60160    32.59652
G-C        0.00000    0.00000    0.00000    0.00000    0.00000    0.00000    0.09455    -0.67668   3.53095    1.28282    4.58878    35.89054
T-A        0.00000    0.00000    0.00000    0.00000    0.00000    0.00000    0.14310    -0.49081   3.26285    1.00364    -0.24742   32.66496
A-T        0.00000    0.00000    0.00000    0.00000    0.00000    0.00000    0.03063    -0.29750   3.38792    0.52816    0.35388    38.61323
T-A        0.00000    0.00000    0.00000    0.00000    0.00000    0.00000    -0.03149   -0.73799   3.22623    -0.28298   -2.36010   33.09792
C-G        0.00000    0.00000    0.00000    0.00000    0.00000    0.00000    -0.14028   -0.14144   3.30750    -2.13763   0.85261    39.50057
A-T        0.00000    0.00000    0.00000    0.00000    0.00000    0.00000    -0.46527   0.37965    3.36739    -2.59489   5.97344    36.20042
T-A        0.00000    0.00000    0.00000    0.00000    0.00000    0.00000    -0.04932   -0.49393   3.23617    -0.60049   3.37121    31.07385
G-C        0.00000    0.00000    0.00000    0.00000    0.00000    0.00000    -0.07045   -0.12074   3.52029    -1.29016   7.86185    37.16502
T-A        0.00000    0.00000    0.00000    0.00000    0.00000    0.00000    0.00058    -0.64511   3.30015    0.63058    2.01515    32.77955
T-A        0.00000    0.00000    0.00000    0.00000    0.00000    0.00000    -0.01447   -0.18268   3.17478    1.14392    2.70556    34.47301
A-T        0.00000    0.00000    0.00000    0.00000    0.00000    0.00000    0.09906    0.41336    3.41542    1.80992    0.03696    41.05719
T-A        0.00000    0.00000    0.00000    0.00000    0.00000    0.00000    0.03855    -0.69684   3.21562    1.39981    -1.76443   31.64814
A-T        0.00000    0.00000    0.00000    0.00000    0.00000    0.00000    0.03736    0.46310    3.50215    1.26327    -7.64987   45.75019
A-T        0.00000    0.00000    0.00000    0.00000    0.00000    0.00000    0.05986    -0.20474   3.25638    -1.28346   -5.07275   37.61874
C-G        0.00000    0.00000    0.00000    0.00000    0.00000    0.00000    -0.13324   -0.67570   3.39829    -1.63049   -2.22603   34.80973
G-C        0.00000    0.00000    0.00000    0.00000    0.00000    0.00000    -0.06569   0.24374    3.25967    -4.39171   5.06339    36.06866
G-C        0.00000    0.00000    0.00000    0.00000    0.00000    0.00000    -0.14455   -0.23385   3.29278    -1.56113   6.67296    32.23520
A-T        0.00000    0.00000    0.00000    0.00000    0.00000    0.00000    -0.09120   -0.22766   3.29729    -1.14951   4.36554    35.98120
T-A        0.00000    0.00000    0.00000    0.00000    0.00000    0.00000    -0.00736   -0.64176   3.21838    0.13650    3.56763    31.29937
C-G        0.00000    0.00000    0.00000    0.00000    0.00000    0.00000    0.09777    -0.23968   3.45896    1.70718    4.70834    39.03756
T-A        0.00000    0.00000    0.00000    0.00000    0.00000    0.00000    0.15501    -0.24821   3.27542    2.42425    4.51649    33.04000
C-G        0.00000    0.00000    0.00000    0.00000    0.00000    0.00000    0.46710    0.48670    3.19587    6.07388    1.09049    37.67454
G-C        0.00000    0.00000    0.00000    0.00000    0.00000    0.00000    0.12492    0.75023    3.23693    3.02568    -0.61427   36.04877
A-T        0.00000    0.00000    0.00000    0.00000    0.00000    0.00000    -0.08266   0.25632    3.32731    -0.84370   -2.18680   39.47512
G-C        0.00000    0.00000    0.00000    0.00000    0.00000    0.00000    -0.07198   -0.03600   3.30060    -3.15998   -1.56247   34.19743
C-G        0.00000    0.00000    0.00000    0.00000    0.00000    0.00000    -0.17368   -0.45868   3.41435    -2.43473   1.35969    36.59160
T-A        0.00000    0.00000    0.00000    0.00000    0.00000    0.00000    -0.15181   -0.30532   3.33092    -2.64811   4.88106    31.91754
C-G        0.00000    0.00000    0.00000    0.00000    0.00000    0.00000    -0.11679   -0.08971   3.37672    -1.01489   4.63458    35.12940
G-C        0.00000    0.00000    0.00000    0.00000    0.00000    0.00000    0.30886    0.49502    3.22087    1.21127    7.86836    32.54488
G-C        0.00000    0.00000    0.00000    0.00000    0.00000    0.00000    0.15462    -0.31904   3.34446    1.00095    6.10768    34.02722
G-C        0.00000    0.00000    0.00000    0.00000    0.00000    0.00000    0.31505    -0.34522   3.36206    3.51705    7.01301    33.71074
A-T        0.00000    0.00000    0.00000    0.00000    0.00000    0.00000    0.02393    -0.28170   3.34360    2.24990    -0.57316   37.86644
T-A        0.00000    0.00000    0.00000    0.00000    0.00000    0.00000    0.02707    -0.61330   3.26284    0.84818    -0.58676   32.41569
C-G        0.00000    0.00000    0.00000    0.00000    0.00000    0.00000    0.08101    -0.33467   3.39407    -0.07555   -3.42277   39.08766
C-G        0.00000    0.00000    0.00000    0.00000    0.00000    0.00000    -0.19318   -0.14199   3.29905    -1.78824   3.71756    33.01281
G-C        0.00000    0.00000    0.00000    0.00000    0.00000    0.00000    -0.07364   0.47142    3.27683    -2.84805   4.20249    35.58182
C-G        0.00000    0.00000    0.00000    0.00000    0.00000    0.00000    -0.29051   -0.50771   3.41932    -3.24978   1.34733    35.21482
T-A        0.00000    0.00000    0.00000    0.00000    0.00000    0.00000    -0.21538   -0.43602   3.40987    -1.71031   4.52080    34.64050
T-A        0.00000    0.00000    0.00000    0.00000    0.00000    0.00000    0.06210    -0.36148   3.21729    -0.63685   3.00994    34.53444
T-A        0.00000    0.00000    0.00000    0.00000    0.00000    0.00000    0.03014    -0.08285   3.22074    0.23668    5.50806    33.86505
A-T        0.00000    0.00000    0.00000    0.00000    0.00000    0.00000    0.21194    0.20687    3.36909    2.02242    7.99125    36.08549
A-T        0.00000    0.00000    0.00000    0.00000    0.00000    0.00000    0.07563    -0.23636   3.19310    2.19818    0.42649    35.61535
C-G        0.00000    0.00000    0.00000    0.00000    0.00000    0.00000    0.07918    -0.62210   3.35033    1.89009    -2.28595   34.41772
A-T        0.00000    0.00000    0.00000    0.00000    0.00000    0.00000    0.10799    -0.02307   3.36721    -0.55309   0.14743    38.24539
C-G        0.00000    0.00000    0.00000    0.00000    0.00000    0.00000    -0.00365   -0.75088   3.33917    -0.81061   -0.69747   32.77752
T-A        0.00000    0.00000    0.00000    0.00000    0.00000    0.00000    0.00783    -0.73655   3.54508    -2.17947   0.72087    35.26412
T-A        0.00000    0.00000    0.00000    0.00000    0.00000    0.00000    0.03009    -0.36895   3.23322    -1.15361   -0.80649   35.64256
T-A        0.00000    0.00000    0.00000    0.00000    0.00000    0.00000    -0.04542   -0.13735   3.24604    -1.02259   3.01984    34.75250
A-T        0.00000    0.00000    0.00000    0.00000    0.00000    0.00000    0.03061    0.23641    3.31402    -0.91644   6.88823    34.80105
T-A        0.00000    0.00000    0.00000    0.00000    0.00000    0.00000    0.01007    -0.72391   3.12320    0.46845    4.47937    28.35019
G-C        0.00000    0.00000    0.00000    0.00000    0.00000    0.00000    0.02553    -0.26344   3.32933    0.67718    6.51902    37.20939
C-G        0.00000    0.00000    0.00000    0.00000    0.00000    0.00000    0.23126    -0.42221   3.29701    0.94699    2.34340    34.05989
T-A        0.00000    0.00000    0.00000    0.00000    0.00000    0.00000    0.42788    -0.44394   3.46566    4.37653    0.55274    35.69587
T-A        0.00000    0.00000    0.00000    0.00000    0.00000    0.00000    0.02234    -0.26534   3.21720    0.75159    0.04967    35.32968
C-G        0.00000    0.00000    0.00000    0.00000    0.00000    0.00000    0.03187    -0.24080   3.38780    -0.17784   -1.31292   38.30078
C-G        0.00000    0.00000    0.00000    0.00000    0.00000    0.00000    -0.31145   -0.11071   3.28575    -2.17231   5.42259    32.72498
G-C        0.00000    0.00000    0.00000    0.00000    0.00000    0.00000    -0.25020   0.36660    3.09330    -2.35031   5.70954    31.86466
G-C        0.00000    0.00000    0.00000    0.00000    0.00000    0.00000    0.07513    -0.20856   3.32880    -1.42975   4.93900    34.38809
C-G        0.00000    0.00000    0.00000    0.00000    0.00000    0.00000    0.12307    -0.58258   3.29014    -0.67306   3.26333    34.00057
T-A        0.00000    0.00000    0.00000    0.00000    0.00000    0.00000    -0.02295   -0.26258   3.31206    0.39333    4.74556    32.07234
C-G        0.00000    0.00000    0.00000    0.00000    0.00000    0.00000    0.25490    0.16628    3.27163    3.16729    3.61403    35.61505
G-C        0.00000    0.00000    0.00000    0.00000    0.00000    0.00000    0.11048    0.49446    3.29572    1.83260    4.55933    36.24241
T-A        0.00000    0.00000    0.00000    0.00000    0.00000    0.00000    0.25674    -0.71254   3.27128    0.38642    2.17225    32.93483
A-T        0.00000    0.00000    0.00000    0.00000    0.00000    0.00000    -0.00236   -0.44511   3.38037    0.81046    2.11935    36.73105
T-A        0.00000    0.00000    0.00000    0.00000    0.00000    0.00000    -0.03133   -0.71266   3.20712    -0.00664   -1.55313   31.14455
A-T        0.00000    0.00000    0.00000    0.00000    0.00000    0.00000    -0.07974   0.34886    3.43229    -0.19622   -2.00715   41.33495
A-T        0.00000    0.00000    0.00000    0.00000    0.00000    0.00000    -0.05718   -0.32485   3.23580    -0.63526   0.93597    35.16479
T-A        0.00000    0.00000    0.00000    0.00000    0.00000    0.00000    0.00009    -0.63360   3.27084    -0.22279   0.12353    31.89107
G-C        0.00000    0.00000    0.00000    0.00000    0.00000    0.00000    -0.02437   -0.10490   3.47042    -0.84486   5.41868    37.21011
T-A        0.00000    0.00000    0.00000    0.00000    0.00000    0.00000    0.10051    -0.49097   3.23972    0.10207    1.29925    30.97965
G-C        0.00000    0.00000    0.00000    0.00000    0.00000    0.00000    0.02426    -0.05641   3.36583    0.92642    4.54886    36.20195
T-A        0.00000    0.00000    0.00000    0.00000    0.00000    0.00000    -0.07475   -0.50972   3.18197    0.13883    2.49752    31.87813
C-G        0.00000    0.00000    0.00000    0.00000    0.00000    0.00000    0.11091    -0.06504   3.17929    0.99153    -0.14759   36.44858
G-C        0.00000    0.00000    0.00000    0.00000    0.00000    0.00000    -0.01767   0.53483    3.29306    -0.12630   7.25895    32.97270
A-T        0.00000    0.00000    0.00000    0.00000    0.00000    0.00000    -0.12859   -0.06182   3.17642    -1.10019   -0.08152   36.40987
C-G        0.00000    0.00000    0.00000    0.00000    0.00000    0.00000    -0.16179   -0.79079   3.20981    -0.27033   2.49400    32.46072
C-G        0.00000    0.00000    0.00000    0.00000    0.00000    0.00000    0.09439    -0.47193   3.37743    0.39860    6.49573    32.36118
A-T        0.00000    0.00000    0.00000    0.00000    0.00000    0.00000    -0.01215   0.77340    3.32084    -0.40567   5.39275    36.07863
A-T        0.00000    0.00000    0.00000    0.00000    0.00000    0.00000    0.08712    -0.14712   3.27931    0.62969    0.63218    35.56075
A-T        0.00000    0.00000    0.00000    0.00000    0.00000    0.00000    0.01445    -0.38056   3.26397    0.26912    -2.61448   36.59188
T-A        0.00000    0.00000    0.00000    0.00000    0.00000    0.00000    0.04548    -0.68271   3.27720    0.44582    -0.70084   32.01355
G-C        0.00000    0.00000    0.00000    0.00000    0.00000    0.00000    -0.52900   -0.91300   3.45600    -1.68800   -11.71000  37.48700
T-A        0.00000    0.00000    0.00000    0.00000    0.00000    0.00000    -0.90400   -1.56500   3.20800    -2.31200   -8.23700   32.15000
G-C        0.00000    0.00000    0.00000    0.00000    0.00000    0.00000    -0.37800   -0.59700   3.22500    -2.12800   -0.59300   39.45200
A-T        0.00000    0.00000    0.00000    0.00000    0.00000    0.00000    0.13400    -1.01800   3.05000    2.62000    -6.08100   32.09400
G-C        0.00000    0.00000    0.00000    0.00000    0.00000    0.00000    0.92900    -0.52700   2.87900    -1.17000   -8.55900   33.48800
C-G        0.00000    0.00000    0.00000    0.00000    0.00000    0.00000    -0.67600   -0.12300   3.12600    12.51100   -5.63500   33.19900
G-C        0.00000    0.00000    0.00000    0.00000    0.00000    0.00000    0.04800    1.55200    5.41000    0.17000    60.13600   13.23400
C-G        0.00000    0.00000    0.00000    0.00000    0.00000    0.00000    0.71600    -0.08600   3.08800    -11.70500  -4.91800   33.29500
T-A        0.00000    0.00000    0.00000    0.00000    0.00000    0.00000    -0.96000   -0.48300   2.89500    0.90300    -7.59500   33.59800
C-G        0.00000    0.00000    0.00000    0.00000    0.00000    0.00000    -0.12000   -0.98300   3.10400    -2.85000   -6.36700   31.79800
A-T        0.00000    0.00000    0.00000    0.00000    0.00000    0.00000    0.32300    -0.59400   3.18200    1.62100    -0.34800   39.44400
C-G        0.00000    0.00000    0.00000    0.00000    0.00000    0.00000    0.92900    -1.59400   3.28000    2.06500    -8.65200   31.93200
A-T        0.00000    0.00000    0.00000    0.00000    0.00000    0.00000    0.27000    -1.09600   3.26900    -0.64700   -9.99800   39.98900
