147 # base pairs
  0 # ***local base-pair & step parameters***
#          Shear      Stretch    Stagger    Buckle     Prop-Tw    Opening    Shift      Slide      Rise       Tilt       Roll       Twist
T-A        0.00000    0.00000    0.00000    0.00000    0.00000    0.00000    0.00000    0.00000    0.00000    0.00000    0.00000    0.00000
G-C        0.00000    0.00000    0.00000    0.00000    0.00000    0.00000    -0.52900   -0.91400   3.45700    -1.68900   -11.71200  37.48600
T-A        0.00000    0.00000    0.00000    0.00000    0.00000    0.00000    -0.90500   -1.56600   3.20600    -2.28600   -8.20700   32.14700
G-C        0.00000    0.00000    0.00000    0.00000    0.00000    0.00000    -0.37800   -0.59600   3.22500    -2.16700   -0.60300   39.43900
A-T        0.00000    0.00000    0.00000    0.00000    0.00000    0.00000    0.13400    -1.01800   3.05000    2.61000    -6.09300   32.09300
G-C        0.00000    0.00000    0.00000    0.00000    0.00000    0.00000    0.92900    -0.52800   2.87800    -1.17000   -8.57000   33.49400
C-G        0.00000    0.00000    0.00000    0.00000    0.00000    0.00000    -0.67600   -0.12200   3.12700    12.55900   -5.64700   33.21100
G-C        0.00000    0.00000    0.00000    0.00000    0.00000    0.00000    0.04900    1.55300    5.41000    0.14200    60.15100   13.21000
C-G        0.00000    0.00000    0.00000    0.00000    0.00000    0.00000    0.71500    -0.08700   3.08800    -11.72400  -4.90600   33.28700
T-A        0.00000    0.00000    0.00000    0.00000    0.00000    0.00000    -0.96000   -0.48500   2.89400    0.89600    -7.58500   33.58500
C-G        0.00000    0.00000    0.00000    0.00000    0.00000    0.00000    -0.12000   -0.98300   3.10600    -2.86200   -6.42300   31.82500
A-T        0.00000    0.00000    0.00000    0.00000    0.00000    0.00000    0.32200    -0.59300   3.18200    1.65600    -0.34900   39.43600
C-G        0.00000    0.00000    0.00000    0.00000    0.00000    0.00000    0.92900    -1.59300   3.28000    2.06100    -8.65300   31.94300
A-T        0.00000    0.00000    0.00000    0.00000    0.00000    0.00000    0.27000    -1.09600   3.26800    -0.64500   -9.98900   39.97000
A-T        0.00000    0.00000    0.00000    0.00000    0.00000    0.00000    0.04270    -0.20203   3.23530    0.30519    1.87626    35.55742
T-A        0.00000    0.00000    0.00000    0.00000    0.00000    0.00000    0.03090    -0.67359   3.22152    0.49419    0.92438    31.17052
T-A        0.00000    0.00000    0.00000    0.00000    0.00000    0.00000    0.02351    -0.25293   3.24518    0.90551    -0.24719   36.08624
T-A        0.00000    0.00000    0.00000    0.00000    0.00000    0.00000    0.00519    -0.27802   3.25139    0.82393    -1.61820   36.44666
A-T        0.00000    0.00000    0.00000    0.00000    0.00000    0.00000    -0.00465   0.57401    3.38289    0.48896    -3.47951   42.21107
T-A        0.00000    0.00000    0.00000    0.00000    0.00000    0.00000    -0.02542   -0.69199   3.25028    -0.10409   -1.46540   31.81331
T-A        0.00000    0.00000    0.00000    0.00000    0.00000    0.00000    -0.05379   -0.26246   3.25272    -0.51513   -1.90261   36.59392
C-G        0.00000    0.00000    0.00000    0.00000    0.00000    0.00000    -0.07141   -0.07870   3.30609    -0.99760   1.31729    37.61399
G-C        0.00000    0.00000    0.00000    0.00000    0.00000    0.00000    -0.10714   0.41390    3.36883    -1.51284   6.56810    35.33551
C-G        0.00000    0.00000    0.00000    0.00000    0.00000    0.00000    -0.01650   -0.45314   3.29861    -0.43783   3.17349    33.97244
A-T        0.00000    0.00000    0.00000    0.00000    0.00000    0.00000    -0.02275   0.19931    3.35649    0.06657    6.58704    35.78661
A-T        0.00000    0.00000    0.00000    0.00000    0.00000    0.00000    0.04418    -0.23522   3.24100    0.39113    0.62465    35.71318
A-T        0.00000    0.00000    0.00000    0.00000    0.00000    0.00000    0.04286    -0.25392   3.24452    0.54370    -0.10572   35.89913
G-C        0.00000    0.00000    0.00000    0.00000    0.00000    0.00000    -0.01225   -0.33772   3.32965    0.31096    3.04528    33.38371
G-C        0.00000    0.00000    0.00000    0.00000    0.00000    0.00000    -0.00430   -0.31853   3.38746    0.24726    3.98489    34.42662
C-G        0.00000    0.00000    0.00000    0.00000    0.00000    0.00000    -0.03844   -0.43309   3.32338    -0.13865   1.87927    34.43577
C-G        0.00000    0.00000    0.00000    0.00000    0.00000    0.00000    -0.07076   -0.28303   3.38036    -0.45226   4.17621    34.43829
G-C        0.00000    0.00000    0.00000    0.00000    0.00000    0.00000    -0.08580   0.42477    3.36536    -0.90392   5.84146    35.49824
G-C        0.00000    0.00000    0.00000    0.00000    0.00000    0.00000    -0.06121   -0.25601   3.37031    -0.58755   4.88803    34.21028
C-G        0.00000    0.00000    0.00000    0.00000    0.00000    0.00000    0.00568    -0.44059   3.30313    -0.09165   2.78878    34.04688
C-G        0.00000    0.00000    0.00000    0.00000    0.00000    0.00000    0.06513    -0.28089   3.37251    0.34490    5.03407    34.10262
C-G        0.00000    0.00000    0.00000    0.00000    0.00000    0.00000    0.08577    -0.29812   3.37723    0.52338    4.81089    34.15373
G-C        0.00000    0.00000    0.00000    0.00000    0.00000    0.00000    0.05532    0.36259    3.36918    0.46183    5.96470    35.38180
A-T        0.00000    0.00000    0.00000    0.00000    0.00000    0.00000    -0.00982   -0.11523   3.30297    0.05060    1.42333    37.34660
C-G        0.00000    0.00000    0.00000    0.00000    0.00000    0.00000    -0.02553   -0.65332   3.27814    0.11014    1.37346    32.79009
A-T        0.00000    0.00000    0.00000    0.00000    0.00000    0.00000    -0.10020   0.21374    3.34973    -0.33890   5.20812    36.27173
C-G        0.00000    0.00000    0.00000    0.00000    0.00000    0.00000    -0.05371   -0.63956   3.26786    0.02224    1.73827    32.68406
G-C        0.00000    0.00000    0.00000    0.00000    0.00000    0.00000    -0.03703   0.39348    3.36771    -0.18577   6.54793    35.22251
A-T        0.00000    0.00000    0.00000    0.00000    0.00000    0.00000    -0.00934   -0.07648   3.29454    0.14993    2.06350    37.17444
C-G        0.00000    0.00000    0.00000    0.00000    0.00000    0.00000    0.01047    -0.62834   3.26857    0.51049    1.66123    32.69158
T-A        0.00000    0.00000    0.00000    0.00000    0.00000    0.00000    0.07068    -0.30102   3.32272    0.89883    3.15020    33.40117
T-A        0.00000    0.00000    0.00000    0.00000    0.00000    0.00000    0.00966    -0.26150   3.24949    0.26140    -1.30412   36.28269
A-T        0.00000    0.00000    0.00000    0.00000    0.00000    0.00000    0.03455    0.46751    3.37654    0.02240    -1.53990   41.01034
C-G        0.00000    0.00000    0.00000    0.00000    0.00000    0.00000    -0.00433   -0.65296   3.28631    -0.13183   0.91696    32.90218
T-A        0.00000    0.00000    0.00000    0.00000    0.00000    0.00000    0.00115    -0.34007   3.32811    -0.42526   3.09514    33.32019
G-C        0.00000    0.00000    0.00000    0.00000    0.00000    0.00000    -0.02475   0.16208    3.35305    -0.95553   5.85129    35.80865
T-A        0.00000    0.00000    0.00000    0.00000    0.00000    0.00000    -0.03887   -0.64530   3.25490    -0.63744   2.41427    32.36648
A-T        0.00000    0.00000    0.00000    0.00000    0.00000    0.00000    -0.03851   0.15724    3.35698    -0.02987   4.78994    37.49126
G-C        0.00000    0.00000    0.00000    0.00000    0.00000    0.00000    -0.02850   -0.29611   3.31107    0.28187    4.54814    32.91717
G-C        0.00000    0.00000    0.00000    0.00000    0.00000    0.00000    0.12156    -0.27380   3.36815    1.31558    5.15208    34.05719
T-A        0.00000    0.00000    0.00000    0.00000    0.00000    0.00000    0.06697    -0.62178   3.27413    0.70481    1.18269    32.86528
A-T        0.00000    0.00000    0.00000    0.00000    0.00000    0.00000    0.08345    0.62323    3.37648    0.85745    -3.21135   42.03975
T-A        0.00000    0.00000    0.00000    0.00000    0.00000    0.00000    0.02352    -0.69622   3.25201    0.04540    -1.68656   31.79730
C-G        0.00000    0.00000    0.00000    0.00000    0.00000    0.00000    -0.01592   -0.12677   3.31422    -0.68390   -0.00330   37.80643
T-A        0.00000    0.00000    0.00000    0.00000    0.00000    0.00000    -0.00762   -0.34065   3.33062    -1.15232   2.58056    33.38053
C-G        0.00000    0.00000    0.00000    0.00000    0.00000    0.00000    -0.12245   -0.11673   3.29769    -1.61242   2.19351    37.03748
G-C        0.00000    0.00000    0.00000    0.00000    0.00000    0.00000    -0.18928   0.29362    3.36623    -2.14401   8.46845    34.33441
A-T        0.00000    0.00000    0.00000    0.00000    0.00000    0.00000    -0.05562   -0.08196   3.26987    -0.30978   4.09047    36.19806
G-C        0.00000    0.00000    0.00000    0.00000    0.00000    0.00000    -0.02171   -0.30044   3.29960    0.50564    5.60872    32.46544
C-G        0.00000    0.00000    0.00000    0.00000    0.00000    0.00000    0.14111    -0.45248   3.28842    1.73216    3.38069    33.72554
T-A        0.00000    0.00000    0.00000    0.00000    0.00000    0.00000    0.10190    -0.29844   3.31412    2.48080    3.19428    33.31286
C-G        0.00000    0.00000    0.00000    0.00000    0.00000    0.00000    0.17075    -0.09528   3.30420    1.64956    -0.12868   37.77725
G-C        0.00000    0.00000    0.00000    0.00000    0.00000    0.00000    0.09520    0.49032    3.34997    0.88645    2.26530    36.60046
G-C        0.00000    0.00000    0.00000    0.00000    0.00000    0.00000    -0.10917   -0.27549   3.39254    -1.26979   2.05567    35.02148
G-C        0.00000    0.00000    0.00000    0.00000    0.00000    0.00000    -0.25090   -0.29235   3.38504    -2.65443   3.16382    34.58894
A-T        0.00000    0.00000    0.00000    0.00000    0.00000    0.00000    -0.21448   -0.11049   3.28151    -2.40308   2.06922    36.77247
T-A        0.00000    0.00000    0.00000    0.00000    0.00000    0.00000    -0.03823   -0.66894   3.20690    -0.92175   1.77084    30.60545
C-G        0.00000    0.00000    0.00000    0.00000    0.00000    0.00000    -0.07102   -0.08110   3.26663    -0.73679   4.90296    35.98126
C-G        0.00000    0.00000    0.00000    0.00000    0.00000    0.00000    0.04424    -0.31707   3.34758    0.90923    7.80919    33.07445
G-C        0.00000    0.00000    0.00000    0.00000    0.00000    0.00000    0.25657    0.33500    3.36385    3.52480    8.88629    34.33357
C-G        0.00000    0.00000    0.00000    0.00000    0.00000    0.00000    0.23555    -0.43604   3.30391    2.70310    2.63483    34.14500
T-A        0.00000    0.00000    0.00000    0.00000    0.00000    0.00000    0.12320    -0.30472   3.32837    2.80472    1.67610    33.94709
T-A        0.00000    0.00000    0.00000    0.00000    0.00000    0.00000    0.02043    -0.31812   3.26333    0.94180    -4.77453   37.41608
T-A        0.00000    0.00000    0.00000    0.00000    0.00000    0.00000    -0.02348   -0.33092   3.26523    -0.22020   -5.16993   37.50757
A-T        0.00000    0.00000    0.00000    0.00000    0.00000    0.00000    -0.10799   0.75350    3.38657    -2.01101   -6.20426   43.92281
A-T        0.00000    0.00000    0.00000    0.00000    0.00000    0.00000    -0.05479   -0.24851   3.24640    -1.88022   -0.89785   36.48764
C-G        0.00000    0.00000    0.00000    0.00000    0.00000    0.00000    -0.11741   -0.62537   3.23852    -1.47985   3.02324    32.69826
A-T        0.00000    0.00000    0.00000    0.00000    0.00000    0.00000    -0.15810   0.13309    3.37088    -1.24106   9.17877    35.16583
C-G        0.00000    0.00000    0.00000    0.00000    0.00000    0.00000    -0.02466   -0.62948   3.21200    0.51027    4.45890    32.14778
T-A        0.00000    0.00000    0.00000    0.00000    0.00000    0.00000    0.07362    -0.30129   3.29922    2.32431    6.14550    32.95144
T-A        0.00000    0.00000    0.00000    0.00000    0.00000    0.00000    0.05519    -0.22025   3.23898    1.82372    0.55112    36.02910
T-A        0.00000    0.00000    0.00000    0.00000    0.00000    0.00000    0.04925    -0.27674   3.25232    1.87183    -2.40204   36.80024
A-T        0.00000    0.00000    0.00000    0.00000    0.00000    0.00000    0.07317    0.88307    3.38782    1.38562    -8.54041   44.97357
T-A        0.00000    0.00000    0.00000    0.00000    0.00000    0.00000    -0.01220   -0.70894   3.27012    -0.17499   -3.29155   32.30071
G-C        0.00000    0.00000    0.00000    0.00000    0.00000    0.00000    -0.10700   0.36904    3.31772    -1.97441   1.58869    37.53476
C-G        0.00000    0.00000    0.00000    0.00000    0.00000    0.00000    -0.25133   -0.42133   3.31366    -2.85534   1.87801    34.24795
T-A        0.00000    0.00000    0.00000    0.00000    0.00000    0.00000    -0.05159   -0.30512   3.30559    -2.34699   4.74674    32.62124
T-A        0.00000    0.00000    0.00000    0.00000    0.00000    0.00000    -0.04532   -0.18362   3.22042    -1.23750   3.69112    34.51376
C-G        0.00000    0.00000    0.00000    0.00000    0.00000    0.00000    0.02559    -0.07519   3.25588    0.10155    5.36661    35.67067
C-G        0.00000    0.00000    0.00000    0.00000    0.00000    0.00000    0.20097    -0.32928   3.35028    2.02534    7.51797    33.06457
G-C        0.00000    0.00000    0.00000    0.00000    0.00000    0.00000    0.33968    0.30752    3.36250    4.32514    7.85119    34.58609
G-C        0.00000    0.00000    0.00000    0.00000    0.00000    0.00000    0.28860    -0.34396   3.38406    3.06524    4.06674    34.34149
C-G        0.00000    0.00000    0.00000    0.00000    0.00000    0.00000    0.12895    -0.40558   3.34473    1.64534    0.63119    34.96857
T-A        0.00000    0.00000    0.00000    0.00000    0.00000    0.00000    0.02131    -0.32387   3.34662    0.64223    0.24303    34.41950
C-G        0.00000    0.00000    0.00000    0.00000    0.00000    0.00000    -0.08502   -0.10771   3.32719    -1.14585   -1.05427   38.51207
G-C        0.00000    0.00000    0.00000    0.00000    0.00000    0.00000    -0.29579   0.46957    3.35822    -3.68107   4.21619    36.15890
T-A        0.00000    0.00000    0.00000    0.00000    0.00000    0.00000    -0.05917   -0.63456   3.26330    -1.79378   1.97070    32.64826
A-T        0.00000    0.00000    0.00000    0.00000    0.00000    0.00000    -0.06255   0.11268    3.35090    -1.46751   6.32201    36.85029
T-A        0.00000    0.00000    0.00000    0.00000    0.00000    0.00000    0.01381    -0.65582   3.20059    -0.19508   2.26682    30.57646
T-A        0.00000    0.00000    0.00000    0.00000    0.00000    0.00000    0.02384    -0.19785   3.22743    0.45781    2.78887    34.97763
C-G        0.00000    0.00000    0.00000    0.00000    0.00000    0.00000    0.16877    -0.09743   3.27775    1.75841    3.00627    36.64518
A-T        0.00000    0.00000    0.00000    0.00000    0.00000    0.00000    0.08423    0.17753    3.34827    2.04976    5.02216    36.14075
T-A        0.00000    0.00000    0.00000    0.00000    0.00000    0.00000    0.00879    -0.69767   3.24945    0.68450    -1.41556   31.78467
G-C        0.00000    0.00000    0.00000    0.00000    0.00000    0.00000    0.04588    0.33773    3.32700    0.57779    2.23974    37.59341
T-A        0.00000    0.00000    0.00000    0.00000    0.00000    0.00000    -0.05810   -0.64486   3.30769    -0.64739   -0.17887   33.29140
T-A        0.00000    0.00000    0.00000    0.00000    0.00000    0.00000    -0.06703   -0.26292   3.25175    -0.91480   -1.97587   36.63526
A-T        0.00000    0.00000    0.00000    0.00000    0.00000    0.00000    -0.09073   0.46334    3.36841    -1.44901   0.63306    40.29027
T-A        0.00000    0.00000    0.00000    0.00000    0.00000    0.00000    -0.00585   -0.66226   3.21920    -0.50689   0.89450    31.17293
A-T        0.00000    0.00000    0.00000    0.00000    0.00000    0.00000    0.01741    0.18849    3.35957    -0.24697   5.08926    37.81357
A-T        0.00000    0.00000    0.00000    0.00000    0.00000    0.00000    0.04866    -0.21071   3.23619    0.45601    1.44464    35.62030
C-G        0.00000    0.00000    0.00000    0.00000    0.00000    0.00000    0.04971    -0.65133   3.26418    0.98585    2.13814    32.68354
G-C        0.00000    0.00000    0.00000    0.00000    0.00000    0.00000    0.16073    0.35718    3.37172    1.95909    5.79371    35.64882
G-C        0.00000    0.00000    0.00000    0.00000    0.00000    0.00000    0.06030    -0.32249   3.39152    0.75939    3.75953    34.71343
A-T        0.00000    0.00000    0.00000    0.00000    0.00000    0.00000    -0.03395   -0.11356   3.31403    0.03450    0.38595    37.99037
A-T        0.00000    0.00000    0.00000    0.00000    0.00000    0.00000    -0.01409   -0.26420   3.25310    -0.32625   -1.81638   36.73693
A-T        0.00000    0.00000    0.00000    0.00000    0.00000    0.00000    -0.01775   -0.24219   3.24976    -0.47220   -1.09614   36.57739
T-A        0.00000    0.00000    0.00000    0.00000    0.00000    0.00000    -0.01794   -0.66956   3.23254    -0.28960   -0.02258   31.58669
G-C        0.00000    0.00000    0.00000    0.00000    0.00000    0.00000    0.03348    0.30330    3.35186    -0.27547   5.59089    36.62214
T-A        0.00000    0.00000    0.00000    0.00000    0.00000    0.00000    0.04391    -0.62692   3.26431    -0.17004   2.00340    32.94110
G-C        0.00000    0.00000    0.00000    0.00000    0.00000    0.00000    0.11222    0.26647    3.35380    0.46050    5.52327    36.63042
T-A        0.00000    0.00000    0.00000    0.00000    0.00000    0.00000    0.06420    -0.64337   3.27617    0.11574    1.53818    33.09012
C-G        0.00000    0.00000    0.00000    0.00000    0.00000    0.00000    0.05858    -0.10770   3.30698    0.35448    1.25129    37.72902
G-C        0.00000    0.00000    0.00000    0.00000    0.00000    0.00000    0.00100    0.37010    3.37712    0.02153    5.32260    35.98683
A-T        0.00000    0.00000    0.00000    0.00000    0.00000    0.00000    -0.05763   -0.10739   3.30719    -0.33308   1.23245    37.73839
C-G        0.00000    0.00000    0.00000    0.00000    0.00000    0.00000    -0.06402   -0.64288   3.27667    -0.10526   1.51107    33.09982
C-G        0.00000    0.00000    0.00000    0.00000    0.00000    0.00000    -0.07523   -0.27999   3.37827    -0.39997   4.94535    34.52596
A-T        0.00000    0.00000    0.00000    0.00000    0.00000    0.00000    -0.08146   0.28933    3.35293    -0.17585   5.69011    36.58712
A-T        0.00000    0.00000    0.00000    0.00000    0.00000    0.00000    0.02233    -0.21278   3.24381    0.26067    0.16998    36.24108
A-T        0.00000    0.00000    0.00000    0.00000    0.00000    0.00000    0.04289    -0.22462   3.24629    0.46883    -0.37242   36.37918
T-A        0.00000    0.00000    0.00000    0.00000    0.00000    0.00000    0.02904    -0.67857   3.23932    0.32671    -0.55822   31.70137
G-C        0.00000    0.00000    0.00000    0.00000    0.00000    0.00000    -0.52900   -0.91300   3.45600    -1.68800   -11.71000  37.48700
T-A        0.00000    0.00000    0.00000    0.00000    0.00000    0.00000    -0.90400   -1.56500   3.20800    -2.31200   -8.23700   32.15000
G-C        0.00000    0.00000    0.00000    0.00000    0.00000    0.00000    -0.37800   -0.59700   3.22500    -2.12800   -0.59300   39.45200
A-T        0.00000    0.00000    0.00000    0.00000    0.00000    0.00000    0.13400    -1.01800   3.05000    2.62000    -6.08100   32.09400
G-C        0.00000    0.00000    0.00000    0.00000    0.00000    0.00000    0.92900    -0.52700   2.87900    -1.17000   -8.55900   33.48800
C-G        0.00000    0.00000    0.00000    0.00000    0.00000    0.00000    -0.67600   -0.12300   3.12600    12.51100   -5.63500   33.19900
G-C        0.00000    0.00000    0.00000    0.00000    0.00000    0.00000    0.04800    1.55200    5.41000    0.17000    60.13600   13.23400
C-G        0.00000    0.00000    0.00000    0.00000    0.00000    0.00000    0.71600    -0.08600   3.08800    -11.70500  -4.91800   33.29500
T-A        0.00000    0.00000    0.00000    0.00000    0.00000    0.00000    -0.96000   -0.48300   2.89500    0.90300    -7.59500   33.59800
C-G        0.00000    0.00000    0.00000    0.00000    0.00000    0.00000    -0.12000   -0.98300   3.10400    -2.85000   -6.36700   31.79800
A-T        0.00000    0.00000    0.00000    0.00000    0.00000    0.00000    0.32300    -0.59400   3.18200    1.62100    -0.34800   39.44400
C-G        0.00000    0.00000    0.00000    0.00000    0.00000    0.00000    0.92900    -1.59400   3.28000    2.06500    -8.65200   31.93200
A-T        0.00000    0.00000    0.00000    0.00000    0.00000    0.00000    0.27000    -1.09600   3.26900    -0.64700   -9.99800   39.98900
