147 # base pairs
  0 # ***local base-pair & step parameters***
#          Shear      Stretch    Stagger    Buckle     Prop-Tw    Opening    Shift      Slide      Rise       Tilt       Roll       Twist
T-A        0.00000    0.00000    0.00000    0.00000    0.00000    0.00000    0.00000    0.00000    0.00000    0.00000    0.00000    0.00000
G-C        0.00000    0.00000    0.00000    0.00000    0.00000    0.00000    -0.52900   -0.91400   3.45700    -1.68900   -11.71200  37.48600
T-A        0.00000    0.00000    0.00000    0.00000    0.00000    0.00000    -0.90500   -1.56600   3.20600    -2.28600   -8.20700   32.14700
G-C        0.00000    0.00000    0.00000    0.00000    0.00000    0.00000    -0.37800   -0.59600   3.22500    -2.16700   -0.60300   39.43900
A-T        0.00000    0.00000    0.00000    0.00000    0.00000    0.00000    0.13400    -1.01800   3.05000    2.61000    -6.09300   32.09300
G-C        0.00000    0.00000    0.00000    0.00000    0.00000    0.00000    0.92900    -0.52800   2.87800    -1.17000   -8.57000   33.49400
C-G        0.00000    0.00000    0.00000    0.00000    0.00000    0.00000    -0.67600   -0.12200   3.12700    12.55900   -5.64700   33.21100
G-C        0.00000    0.00000    0.00000    0.00000    0.00000    0.00000    0.04900    1.55300    5.41000    0.14200    60.15100   13.21000
C-G        0.00000    0.00000    0.00000    0.00000    0.00000    0.00000    0.71500    -0.08700   3.08800    -11.72400  -4.90600   33.28700
T-A        0.00000    0.00000    0.00000    0.00000    0.00000    0.00000    -0.96000   -0.48500   2.89400    0.89600    -7.58500   33.58500
C-G        0.00000    0.00000    0.00000    0.00000    0.00000    0.00000    -0.12000   -0.98300   3.10600    -2.86200   -6.42300   31.82500
A-T        0.00000    0.00000    0.00000    0.00000    0.00000    0.00000    0.32200    -0.59300   3.18200    1.65600    -0.34900   39.43600
C-G        0.00000    0.00000    0.00000    0.00000    0.00000    0.00000    0.92900    -1.59300   3.28000    2.06100    -8.65300   31.94300
A-T        0.00000    0.00000    0.00000    0.00000    0.00000    0.00000    0.27000    -1.09600   3.26800    -0.64500   -9.98900   39.97000
A-T        0.00000    0.00000    0.00000    0.00000    0.00000    0.00000    0.03547    -0.18990   3.23684    0.02988    1.90460    35.82775
T-A        0.00000    0.00000    0.00000    0.00000    0.00000    0.00000    0.03270    -0.66870   3.22008    0.35823    1.16348    31.29125
T-A        0.00000    0.00000    0.00000    0.00000    0.00000    0.00000    0.02783    -0.23605   3.24459    0.83377    0.27919    36.20777
T-A        0.00000    0.00000    0.00000    0.00000    0.00000    0.00000    0.01292    -0.26376   3.25113    0.90841    -1.15877   36.58256
A-T        0.00000    0.00000    0.00000    0.00000    0.00000    0.00000    0.01117    0.57088    3.38879    0.79291    -3.23247   42.50188
T-A        0.00000    0.00000    0.00000    0.00000    0.00000    0.00000    -0.02471   -0.69217   3.25344    0.06858    -1.57934   32.02618
T-A        0.00000    0.00000    0.00000    0.00000    0.00000    0.00000    -0.05136   -0.26323   3.25665    -0.31461   -2.38812   36.98000
C-G        0.00000    0.00000    0.00000    0.00000    0.00000    0.00000    -0.06870   -0.07420   3.31420    -0.91743   0.80377    38.03631
G-C        0.00000    0.00000    0.00000    0.00000    0.00000    0.00000    -0.12323   0.44772    3.37373    -1.69140   5.86076    35.85714
C-G        0.00000    0.00000    0.00000    0.00000    0.00000    0.00000    -0.03659   -0.44286   3.30727    -0.68820   2.88535    34.28324
A-T        0.00000    0.00000    0.00000    0.00000    0.00000    0.00000    -0.03729   0.23295    3.35835    -0.30474   6.35039    36.19880
A-T        0.00000    0.00000    0.00000    0.00000    0.00000    0.00000    0.04059    -0.22559   3.24181    0.20063    0.76449    35.88480
A-T        0.00000    0.00000    0.00000    0.00000    0.00000    0.00000    0.04132    -0.24203   3.24436    0.44961    0.25672    36.00469
G-C        0.00000    0.00000    0.00000    0.00000    0.00000    0.00000    -0.00661   -0.33679   3.33187    0.30850    3.39125    33.54919
G-C        0.00000    0.00000    0.00000    0.00000    0.00000    0.00000    0.01453    -0.32231   3.39007    0.43447    4.25475    34.57142
C-G        0.00000    0.00000    0.00000    0.00000    0.00000    0.00000    -0.02195   -0.43675   3.32681    0.10440    1.96255    34.61629
C-G        0.00000    0.00000    0.00000    0.00000    0.00000    0.00000    -0.04531   -0.26947   3.38420    -0.10411   4.07662    34.75158
G-C        0.00000    0.00000    0.00000    0.00000    0.00000    0.00000    -0.06253   0.44701    3.37215    -0.53762   5.43569    35.94626
G-C        0.00000    0.00000    0.00000    0.00000    0.00000    0.00000    -0.05562   -0.23379   3.37562    -0.49676   4.48753    34.64425
C-G        0.00000    0.00000    0.00000    0.00000    0.00000    0.00000    0.00415    -0.42931   3.31364    -0.13160   2.44508    34.41741
C-G        0.00000    0.00000    0.00000    0.00000    0.00000    0.00000    0.05412    -0.26348   3.37790    0.16143    4.69545    34.50547
C-G        0.00000    0.00000    0.00000    0.00000    0.00000    0.00000    0.06319    -0.28911   3.38209    0.21821    4.64455    34.47651
G-C        0.00000    0.00000    0.00000    0.00000    0.00000    0.00000    0.02285    0.36155    3.37710    -0.02161   6.01236    35.63924
A-T        0.00000    0.00000    0.00000    0.00000    0.00000    0.00000    -0.02262   -0.11159   3.30424    -0.13782   1.65564    37.48232
C-G        0.00000    0.00000    0.00000    0.00000    0.00000    0.00000    -0.03466   -0.65483   3.27546    0.07789    1.66851    32.92317
A-T        0.00000    0.00000    0.00000    0.00000    0.00000    0.00000    -0.09845   0.20479    3.35717    -0.21895   5.60922    36.36703
C-G        0.00000    0.00000    0.00000    0.00000    0.00000    0.00000    -0.05586   -0.63973   3.26809    0.21569    1.89963    32.86808
G-C        0.00000    0.00000    0.00000    0.00000    0.00000    0.00000    0.00149    0.40771    3.37474    0.37878    6.46083    35.54701
A-T        0.00000    0.00000    0.00000    0.00000    0.00000    0.00000    0.01455    -0.06918   3.30225    0.45163    1.75223    37.57315
C-G        0.00000    0.00000    0.00000    0.00000    0.00000    0.00000    0.01996    -0.62666   3.28013    0.62784    1.25865    33.06468
T-A        0.00000    0.00000    0.00000    0.00000    0.00000    0.00000    0.07848    -0.29291   3.33183    0.86441    2.58877    33.87309
T-A        0.00000    0.00000    0.00000    0.00000    0.00000    0.00000    0.00887    -0.26393   3.25418    0.11775    -1.91447   36.73732
A-T        0.00000    0.00000    0.00000    0.00000    0.00000    0.00000    0.02036    0.53116    3.38489    -0.32558   -2.38000   41.92907
C-G        0.00000    0.00000    0.00000    0.00000    0.00000    0.00000    -0.02040   -0.65392   3.28816    -0.39791   0.99408    33.16284
T-A        0.00000    0.00000    0.00000    0.00000    0.00000    0.00000    -0.01485   -0.33725   3.33142    -0.68004   3.44288    33.55842
G-C        0.00000    0.00000    0.00000    0.00000    0.00000    0.00000    -0.03524   0.15271    3.36161    -1.01449   6.42308    35.90186
T-A        0.00000    0.00000    0.00000    0.00000    0.00000    0.00000    -0.03511   -0.64200   3.25024    -0.50581   2.77901    32.52686
A-T        0.00000    0.00000    0.00000    0.00000    0.00000    0.00000    -0.02299   0.18426    3.36152    0.34199    5.06703    37.85878
G-C        0.00000    0.00000    0.00000    0.00000    0.00000    0.00000    -0.01419   -0.28332   3.31761    0.76110    4.40436    33.32513
G-C        0.00000    0.00000    0.00000    0.00000    0.00000    0.00000    0.16909    -0.25219   3.37393    1.76935    4.68715    34.54897
T-A        0.00000    0.00000    0.00000    0.00000    0.00000    0.00000    0.07957    -0.62069   3.28906    0.82102    0.61348    33.35204
A-T        0.00000    0.00000    0.00000    0.00000    0.00000    0.00000    0.08317    0.77923    3.38842    0.70828    -5.54697   43.85253
T-A        0.00000    0.00000    0.00000    0.00000    0.00000    0.00000    0.01962    -0.69889   3.25916    -0.16387   -2.11347   32.15831
C-G        0.00000    0.00000    0.00000    0.00000    0.00000    0.00000    -0.06304   -0.12527   3.32203    -1.23912   -0.11789   38.20612
T-A        0.00000    0.00000    0.00000    0.00000    0.00000    0.00000    -0.03247   -0.33510   3.33422    -1.62061   2.91982    33.66979
C-G        0.00000    0.00000    0.00000    0.00000    0.00000    0.00000    -0.14888   -0.10434   3.29734    -1.83712   2.80026    37.16417
G-C        0.00000    0.00000    0.00000    0.00000    0.00000    0.00000    -0.17516   0.28582    3.37613    -1.90052   9.30176    34.42819
A-T        0.00000    0.00000    0.00000    0.00000    0.00000    0.00000    -0.01605   -0.06768   3.27217    0.14528    4.47497    36.43911
G-C        0.00000    0.00000    0.00000    0.00000    0.00000    0.00000    0.00266    -0.28764   3.30585    1.11673    5.57420    32.89755
T-A        0.00000    0.00000    0.00000    0.00000    0.00000    0.00000    0.09028    -0.61207   3.25177    1.44858    2.18225    32.76690
C-G        0.00000    0.00000    0.00000    0.00000    0.00000    0.00000    0.21453    -0.07699   3.29925    2.30997    0.54140    37.80193
A-T        0.00000    0.00000    0.00000    0.00000    0.00000    0.00000    0.08992    0.40886    3.32271    1.37088    1.46831    38.04771
T-A        0.00000    0.00000    0.00000    0.00000    0.00000    0.00000    0.01833    -0.70507   3.26906    -0.02907   -3.00613   32.43436
G-C        0.00000    0.00000    0.00000    0.00000    0.00000    0.00000    -0.04591   0.34337    3.32694    -1.49421   1.56179    37.89107
T-A        0.00000    0.00000    0.00000    0.00000    0.00000    0.00000    -0.07385   -0.66431   3.29636    -2.04923   0.65264    33.18257
T-A        0.00000    0.00000    0.00000    0.00000    0.00000    0.00000    -0.08614   -0.22810   3.23802    -1.88454   0.89917    35.85006
A-T        0.00000    0.00000    0.00000    0.00000    0.00000    0.00000    -0.12029   -0.08866   3.35033    -1.70771   8.85867    35.60371
T-A        0.00000    0.00000    0.00000    0.00000    0.00000    0.00000    -0.01850   -0.64862   3.19023    -0.14157   3.11154    30.42296
A-T        0.00000    0.00000    0.00000    0.00000    0.00000    0.00000    0.05150    -0.10699   3.34474    1.22731    10.09921   35.01698
A-T        0.00000    0.00000    0.00000    0.00000    0.00000    0.00000    0.07464    -0.19248   3.23192    1.86508    1.99912    35.58696
C-G        0.00000    0.00000    0.00000    0.00000    0.00000    0.00000    0.09409    -0.64541   3.28188    2.34302    1.22575    33.03358
G-C        0.00000    0.00000    0.00000    0.00000    0.00000    0.00000    0.31587    0.50154    3.35653    3.99680    2.42082    36.94808
G-C        0.00000    0.00000    0.00000    0.00000    0.00000    0.00000    0.05803    -0.24195   3.40243    0.67581    0.85746    35.86331
A-T        0.00000    0.00000    0.00000    0.00000    0.00000    0.00000    -0.11999   -0.11549   3.33021    -1.19660   -2.04242   38.94734
C-G        0.00000    0.00000    0.00000    0.00000    0.00000    0.00000    -0.09368   -0.63443   3.30452    -1.72434   -0.17162   33.70595
T-A        0.00000    0.00000    0.00000    0.00000    0.00000    0.00000    -0.07503   -0.30616   3.32952    -2.76319   3.46699    33.74768
C-G        0.00000    0.00000    0.00000    0.00000    0.00000    0.00000    -0.18883   -0.07405   3.28670    -2.37516   4.03883    36.94363
G-C        0.00000    0.00000    0.00000    0.00000    0.00000    0.00000    -0.12122   0.26379    3.37986    -1.57002   11.07856   34.00492
G-C        0.00000    0.00000    0.00000    0.00000    0.00000    0.00000    0.13226    -0.32901   3.35004    1.08691    8.40064    33.32336
G-C        0.00000    0.00000    0.00000    0.00000    0.00000    0.00000    0.30413    -0.33864   3.36104    2.88413    7.27622    33.70043
A-T        0.00000    0.00000    0.00000    0.00000    0.00000    0.00000    0.22739    -0.09574   3.30844    2.93181    2.04335    37.73460
T-A        0.00000    0.00000    0.00000    0.00000    0.00000    0.00000    0.03283    -0.69386   3.25304    1.29221    -1.68836   32.11518
C-G        0.00000    0.00000    0.00000    0.00000    0.00000    0.00000    0.12918    -0.11751   3.32646    1.35807    -1.85311   38.75654
C-G        0.00000    0.00000    0.00000    0.00000    0.00000    0.00000    -0.04032   -0.24288   3.40068    -0.42989   0.88386    35.74923
G-C        0.00000    0.00000    0.00000    0.00000    0.00000    0.00000    -0.29549   0.50927    3.35322    -3.68431   2.25376    36.89890
C-G        0.00000    0.00000    0.00000    0.00000    0.00000    0.00000    -0.25900   -0.42007   3.31638    -2.92516   1.95714    34.44969
T-A        0.00000    0.00000    0.00000    0.00000    0.00000    0.00000    -0.04894   -0.29398   3.30887    -2.29391   4.88978    32.90445
T-A        0.00000    0.00000    0.00000    0.00000    0.00000    0.00000    -0.03737   -0.17203   3.22182    -1.14521   3.75780    34.76898
T-A        0.00000    0.00000    0.00000    0.00000    0.00000    0.00000    0.00702    -0.16849   3.21925    -0.01647   4.28600    34.56948
A-T        0.00000    0.00000    0.00000    0.00000    0.00000    0.00000    0.11892    -0.10517   3.34813    1.63818    8.79757    35.39718
A-T        0.00000    0.00000    0.00000    0.00000    0.00000    0.00000    0.08380    -0.23397   3.23732    1.80107    0.89651    35.70660
C-G        0.00000    0.00000    0.00000    0.00000    0.00000    0.00000    0.06882    -0.66519   3.29315    1.96186    0.73478    33.03105
A-T        0.00000    0.00000    0.00000    0.00000    0.00000    0.00000    0.03641    0.32302    3.32679    1.43370    1.84414    37.61850
C-G        0.00000    0.00000    0.00000    0.00000    0.00000    0.00000    -0.02877   -0.64747   3.32406    0.16998    -1.04880   33.65358
T-A        0.00000    0.00000    0.00000    0.00000    0.00000    0.00000    -0.03234   -0.30731   3.34221    -1.01011   0.74544    34.21874
T-A        0.00000    0.00000    0.00000    0.00000    0.00000    0.00000    -0.08006   -0.25457   3.25077    -1.43807   -1.83362   36.70159
T-A        0.00000    0.00000    0.00000    0.00000    0.00000    0.00000    -0.06489   -0.21006   3.24041    -1.46613   0.47381    36.09810
A-T        0.00000    0.00000    0.00000    0.00000    0.00000    0.00000    -0.04142   0.16208    3.35699    -1.18752   6.02985    37.47679
T-A        0.00000    0.00000    0.00000    0.00000    0.00000    0.00000    0.02092    -0.65557   3.20488    -0.06142   2.05988    30.83804
G-C        0.00000    0.00000    0.00000    0.00000    0.00000    0.00000    0.16871    0.14969    3.36513    1.06827    7.82034    35.56702
C-G        0.00000    0.00000    0.00000    0.00000    0.00000    0.00000    0.16621    -0.47350   3.30482    1.67372    3.22202    34.17051
T-A        0.00000    0.00000    0.00000    0.00000    0.00000    0.00000    0.08030    -0.33636   3.32936    2.11143    3.10309    33.78206
T-A        0.00000    0.00000    0.00000    0.00000    0.00000    0.00000    0.00050    -0.28621   3.25595    0.85695    -2.47648   36.91619
C-G        0.00000    0.00000    0.00000    0.00000    0.00000    0.00000    0.01894    -0.11193   3.32046    0.23520    -0.41203   38.29159
C-G        0.00000    0.00000    0.00000    0.00000    0.00000    0.00000    -0.10730   -0.26269   3.38967    -0.79397   2.88804    35.09597
G-C        0.00000    0.00000    0.00000    0.00000    0.00000    0.00000    -0.19939   0.46656    3.36394    -2.30944   4.65103    36.12567
G-C        0.00000    0.00000    0.00000    0.00000    0.00000    0.00000    -0.18798   -0.22530   3.36840    -1.87433   4.73525    34.46983
C-G        0.00000    0.00000    0.00000    0.00000    0.00000    0.00000    -0.06542   -0.44828   3.29474    -0.93605   3.27341    33.97216
T-A        0.00000    0.00000    0.00000    0.00000    0.00000    0.00000    0.05180    -0.29653   3.30958    0.13089    4.94432    32.96317
C-G        0.00000    0.00000    0.00000    0.00000    0.00000    0.00000    0.08144    -0.08684   3.28358    0.54936    3.02815    36.82311
G-C        0.00000    0.00000    0.00000    0.00000    0.00000    0.00000    0.15624    0.32792    3.37199    1.69937    7.03555    35.11633
T-A        0.00000    0.00000    0.00000    0.00000    0.00000    0.00000    0.05663    -0.65312   3.27527    0.50811    1.47089    32.88755
A-T        0.00000    0.00000    0.00000    0.00000    0.00000    0.00000    0.01997    0.41132    3.37935    0.63995    -1.17030   40.93277
T-A        0.00000    0.00000    0.00000    0.00000    0.00000    0.00000    -0.01960   -0.69251   3.24545    0.09470    -1.02479   31.69740
A-T        0.00000    0.00000    0.00000    0.00000    0.00000    0.00000    -0.06271   0.53955    3.37806    -0.31210   -2.00474   41.54019
A-T        0.00000    0.00000    0.00000    0.00000    0.00000    0.00000    -0.01405   -0.24568   3.24869    -0.38437   -1.09511   36.38009
T-A        0.00000    0.00000    0.00000    0.00000    0.00000    0.00000    -0.01403   -0.67069   3.23239    -0.24535   -0.10706   31.46505
G-C        0.00000    0.00000    0.00000    0.00000    0.00000    0.00000    0.04282    0.30231    3.34732    -0.25429   5.42224    36.44380
T-A        0.00000    0.00000    0.00000    0.00000    0.00000    0.00000    0.04662    -0.62869   3.26492    -0.21886   1.87119    32.77762
G-C        0.00000    0.00000    0.00000    0.00000    0.00000    0.00000    0.10804    0.24386    3.35112    0.27333    5.49510    36.34826
T-A        0.00000    0.00000    0.00000    0.00000    0.00000    0.00000    0.05715    -0.64795   3.27373    -0.03463   1.58470    32.85812
C-G        0.00000    0.00000    0.00000    0.00000    0.00000    0.00000    0.04301    -0.11555   3.30282    0.17566    1.48496    37.42324
G-C        0.00000    0.00000    0.00000    0.00000    0.00000    0.00000    -0.01672   0.34583    3.37300    -0.14505   5.82902    35.55177
A-T        0.00000    0.00000    0.00000    0.00000    0.00000    0.00000    -0.05857   -0.11031   3.30064    -0.29457   1.61575    37.37026
C-G        0.00000    0.00000    0.00000    0.00000    0.00000    0.00000    -0.06289   -0.64215   3.26946    0.03622    1.73994    32.80965
C-G        0.00000    0.00000    0.00000    0.00000    0.00000    0.00000    -0.04557   -0.27999   3.37418    -0.06946   5.03862    34.27726
A-T        0.00000    0.00000    0.00000    0.00000    0.00000    0.00000    -0.06117   0.28968    3.34865    0.13723    5.57229    36.37672
A-T        0.00000    0.00000    0.00000    0.00000    0.00000    0.00000    0.03006    -0.22408   3.24466    0.35827    -0.22493   36.16389
A-T        0.00000    0.00000    0.00000    0.00000    0.00000    0.00000    0.04736    -0.23915   3.24755    0.43005    -0.86518   36.31912
T-A        0.00000    0.00000    0.00000    0.00000    0.00000    0.00000    0.03060    -0.68320   3.24154    0.21728    -0.80788   31.63135
G-C        0.00000    0.00000    0.00000    0.00000    0.00000    0.00000    -0.52900   -0.91300   3.45600    -1.68800   -11.71000  37.48700
T-A        0.00000    0.00000    0.00000    0.00000    0.00000    0.00000    -0.90400   -1.56500   3.20800    -2.31200   -8.23700   32.15000
G-C        0.00000    0.00000    0.00000    0.00000    0.00000    0.00000    -0.37800   -0.59700   3.22500    -2.12800   -0.59300   39.45200
A-T        0.00000    0.00000    0.00000    0.00000    0.00000    0.00000    0.13400    -1.01800   3.05000    2.62000    -6.08100   32.09400
G-C        0.00000    0.00000    0.00000    0.00000    0.00000    0.00000    0.92900    -0.52700   2.87900    -1.17000   -8.55900   33.48800
C-G        0.00000    0.00000    0.00000    0.00000    0.00000    0.00000    -0.67600   -0.12300   3.12600    12.51100   -5.63500   33.19900
G-C        0.00000    0.00000    0.00000    0.00000    0.00000    0.00000    0.04800    1.55200    5.41000    0.17000    60.13600   13.23400
C-G        0.00000    0.00000    0.00000    0.00000    0.00000    0.00000    0.71600    -0.08600   3.08800    -11.70500  -4.91800   33.29500
T-A        0.00000    0.00000    0.00000    0.00000    0.00000    0.00000    -0.96000   -0.48300   2.89500    0.90300    -7.59500   33.59800
C-G        0.00000    0.00000    0.00000    0.00000    0.00000    0.00000    -0.12000   -0.98300   3.10400    -2.85000   -6.36700   31.79800
A-T        0.00000    0.00000    0.00000    0.00000    0.00000    0.00000    0.32300    -0.59400   3.18200    1.62100    -0.34800   39.44400
C-G        0.00000    0.00000    0.00000    0.00000    0.00000    0.00000    0.92900    -1.59400   3.28000    2.06500    -8.65200   31.93200
A-T        0.00000    0.00000    0.00000    0.00000    0.00000    0.00000    0.27000    -1.09600   3.26900    -0.64700   -9.99800   39.98900
