147 # base pairs
  0 # ***local base-pair & step parameters***
#          Shear      Stretch    Stagger    Buckle     Prop-Tw    Opening    Shift      Slide      Rise       Tilt       Roll       Twist
T-A        0.00000    0.00000    0.00000    0.00000    0.00000    0.00000    0.00000    0.00000    0.00000    0.00000    0.00000    0.00000
G-C        0.00000    0.00000    0.00000    0.00000    0.00000    0.00000    -0.52900   -0.91400   3.45700    -1.68900   -11.71200  37.48600
T-A        0.00000    0.00000    0.00000    0.00000    0.00000    0.00000    -0.90500   -1.56600   3.20600    -2.28600   -8.20700   32.14700
G-C        0.00000    0.00000    0.00000    0.00000    0.00000    0.00000    -0.37800   -0.59600   3.22500    -2.16700   -0.60300   39.43900
A-T        0.00000    0.00000    0.00000    0.00000    0.00000    0.00000    0.13400    -1.01800   3.05000    2.61000    -6.09300   32.09300
G-C        0.00000    0.00000    0.00000    0.00000    0.00000    0.00000    0.92900    -0.52800   2.87800    -1.17000   -8.57000   33.49400
C-G        0.00000    0.00000    0.00000    0.00000    0.00000    0.00000    -0.67600   -0.12200   3.12700    12.55900   -5.64700   33.21100
G-C        0.00000    0.00000    0.00000    0.00000    0.00000    0.00000    0.04900    1.55300    5.41000    0.14200    60.15100   13.21000
C-G        0.00000    0.00000    0.00000    0.00000    0.00000    0.00000    0.71500    -0.08700   3.08800    -11.72400  -4.90600   33.28700
T-A        0.00000    0.00000    0.00000    0.00000    0.00000    0.00000    -0.96000   -0.48500   2.89400    0.89600    -7.58500   33.58500
C-G        0.00000    0.00000    0.00000    0.00000    0.00000    0.00000    -0.12000   -0.98300   3.10600    -2.86200   -6.42300   31.82500
A-T        0.00000    0.00000    0.00000    0.00000    0.00000    0.00000    0.32200    -0.59300   3.18200    1.65600    -0.34900   39.43600
C-G        0.00000    0.00000    0.00000    0.00000    0.00000    0.00000    0.92900    -1.59300   3.28000    2.06100    -8.65300   31.94300
A-T        0.00000    0.00000    0.00000    0.00000    0.00000    0.00000    0.27000    -1.09600   3.26800    -0.64500   -9.98900   39.97000
A-T        0.00000    0.00000    0.00000    0.00000    0.00000    0.00000    0.02252    -0.03955   3.24930    -0.14207   2.75501    36.32716
T-A        0.00000    0.00000    0.00000    0.00000    0.00000    0.00000    0.02091    -0.74819   3.30341    0.25924    -1.72156   33.48643
T-A        0.00000    0.00000    0.00000    0.00000    0.00000    0.00000    0.00288    -0.39183   3.26280    0.67431    -1.99214   36.53902
T-A        0.00000    0.00000    0.00000    0.00000    0.00000    0.00000    0.00797    -0.26073   3.26582    0.46986    -0.80032   35.80920
A-T        0.00000    0.00000    0.00000    0.00000    0.00000    0.00000    0.03295    0.29604    3.46994    0.69007    -3.59612   43.22160
T-A        0.00000    0.00000    0.00000    0.00000    0.00000    0.00000    -0.08414   -0.67967   3.28224    -0.30283   -3.10701   32.91829
T-A        0.00000    0.00000    0.00000    0.00000    0.00000    0.00000    -0.01040   -0.25048   3.25010    0.58961    -2.51619   37.22722
C-G        0.00000    0.00000    0.00000    0.00000    0.00000    0.00000    -0.06854   0.02922    3.30524    -0.23022   1.34932    37.12128
G-C        0.00000    0.00000    0.00000    0.00000    0.00000    0.00000    -0.22459   0.61111    3.34851    -2.44065   9.01142    34.07338
C-G        0.00000    0.00000    0.00000    0.00000    0.00000    0.00000    -0.15694   -0.42309   3.25393    -1.44778   3.33850    31.80459
A-T        0.00000    0.00000    0.00000    0.00000    0.00000    0.00000    -0.10038   0.46148    3.30406    -0.99431   5.36599    35.87899
A-T        0.00000    0.00000    0.00000    0.00000    0.00000    0.00000    0.07912    -0.14395   3.27846    0.48932    1.60506    35.39730
A-T        0.00000    0.00000    0.00000    0.00000    0.00000    0.00000    -0.03685   -0.36307   3.24359    0.13099    -0.27167   35.75144
G-C        0.00000    0.00000    0.00000    0.00000    0.00000    0.00000    0.00823    -0.50269   3.36015    0.68834    3.36024    32.93212
G-C        0.00000    0.00000    0.00000    0.00000    0.00000    0.00000    0.04320    -0.36090   3.44512    0.37637    3.38272    36.00219
C-G        0.00000    0.00000    0.00000    0.00000    0.00000    0.00000    0.02808    -0.37130   3.27600    0.44307    2.39567    34.67672
C-G        0.00000    0.00000    0.00000    0.00000    0.00000    0.00000    -0.27738   -0.24233   3.36654    -0.42957   3.23020    34.58345
G-C        0.00000    0.00000    0.00000    0.00000    0.00000    0.00000    -0.08255   0.37853    3.10110    -0.50517   5.31679    32.17233
G-C        0.00000    0.00000    0.00000    0.00000    0.00000    0.00000    0.18072    -0.21041   3.35198    -0.26504   3.75434    34.64468
C-G        0.00000    0.00000    0.00000    0.00000    0.00000    0.00000    -0.05884   -0.36114   3.26901    -0.57972   2.87668    34.54375
C-G        0.00000    0.00000    0.00000    0.00000    0.00000    0.00000    0.25481    -0.34172   3.38894    0.06774    4.00496    34.62042
C-G        0.00000    0.00000    0.00000    0.00000    0.00000    0.00000    0.08796    -0.24860   3.37380    1.51768    3.72431    34.95534
G-C        0.00000    0.00000    0.00000    0.00000    0.00000    0.00000    -0.20125   0.88301    3.31064    -1.06304   4.06394    34.78178
A-T        0.00000    0.00000    0.00000    0.00000    0.00000    0.00000    -0.07325   -0.06427   3.18650    -0.61548   0.10804    36.53726
C-G        0.00000    0.00000    0.00000    0.00000    0.00000    0.00000    0.10965    -0.51077   3.17949    0.26187    2.64296    31.96867
A-T        0.00000    0.00000    0.00000    0.00000    0.00000    0.00000    0.03887    -0.06915   3.38196    -0.42632   4.23188    36.56320
C-G        0.00000    0.00000    0.00000    0.00000    0.00000    0.00000    0.16533    -0.50861   3.27654    0.16385    2.56377    31.83732
G-C        0.00000    0.00000    0.00000    0.00000    0.00000    0.00000    -0.00105   0.51245    3.30717    0.57129    3.98084    36.97992
A-T        0.00000    0.00000    0.00000    0.00000    0.00000    0.00000    -0.07850   -0.05162   3.18525    -0.58974   -0.09301   36.64945
C-G        0.00000    0.00000    0.00000    0.00000    0.00000    0.00000    -0.10098   -0.63248   3.24779    0.50035    2.72044    32.79422
T-A        0.00000    0.00000    0.00000    0.00000    0.00000    0.00000    0.04118    -0.68527   3.55002    -0.18166   2.24676    35.65797
T-A        0.00000    0.00000    0.00000    0.00000    0.00000    0.00000    -0.02417   -0.26472   3.21534    -0.76724   -0.73956   33.01245
A-T        0.00000    0.00000    0.00000    0.00000    0.00000    0.00000    0.05194    0.30478    3.37232    -0.03985   0.39199    40.11806
C-G        0.00000    0.00000    0.00000    0.00000    0.00000    0.00000    -0.00319   -0.69373   3.27454    0.03427    1.39021    32.74904
T-A        0.00000    0.00000    0.00000    0.00000    0.00000    0.00000    -0.00817   -0.43574   3.36493    -0.11400   4.72785    33.02520
G-C        0.00000    0.00000    0.00000    0.00000    0.00000    0.00000    0.03617    -0.02064   3.39275    -1.13156   7.57164    35.13760
T-A        0.00000    0.00000    0.00000    0.00000    0.00000    0.00000    -0.02341   -0.54649   3.16967    -0.10859   3.12004    30.97057
A-T        0.00000    0.00000    0.00000    0.00000    0.00000    0.00000    0.04311    0.12341    3.35240    0.56745    5.97333    36.76468
G-C        0.00000    0.00000    0.00000    0.00000    0.00000    0.00000    -0.24781   -0.18210   3.24080    0.36897    5.86222    31.63807
G-C        0.00000    0.00000    0.00000    0.00000    0.00000    0.00000    0.05913    -0.71850   3.52990    1.09194    4.88828    34.85609
T-A        0.00000    0.00000    0.00000    0.00000    0.00000    0.00000    0.14190    -0.49015   3.25115    1.04991    0.22913    32.08524
A-T        0.00000    0.00000    0.00000    0.00000    0.00000    0.00000    0.04449    -0.35547   3.38311    0.85748    1.19308    37.55950
T-A        0.00000    0.00000    0.00000    0.00000    0.00000    0.00000    -0.03076   -0.74105   3.22565    -0.10546   -2.12514   32.35504
C-G        0.00000    0.00000    0.00000    0.00000    0.00000    0.00000    0.09219    -0.29904   3.37967    -1.01908   -0.59150   39.38730
T-A        0.00000    0.00000    0.00000    0.00000    0.00000    0.00000    0.10529    -0.34172   3.35743    -0.89000   2.97996    33.06462
C-G        0.00000    0.00000    0.00000    0.00000    0.00000    0.00000    -0.29015   -0.03399   3.30398    -2.75631   1.63641    36.98780
T-A        0.00000    0.00000    0.00000    0.00000    0.00000    0.00000    0.05672    -0.29270   3.31854    -0.45530   5.02826    32.37327
C-G        0.00000    0.00000    0.00000    0.00000    0.00000    0.00000    0.24484    -0.00591   3.24026    0.84932    5.85687    35.04860
A-T        0.00000    0.00000    0.00000    0.00000    0.00000    0.00000    -0.33310   -0.15996   3.38842    2.75773    8.71849    32.94818
T-A        0.00000    0.00000    0.00000    0.00000    0.00000    0.00000    0.01081    -0.48267   3.22567    0.66331    3.45041    30.67010
G-C        0.00000    0.00000    0.00000    0.00000    0.00000    0.00000    0.04656    -0.05949   3.41703    1.83550    4.14917    38.21869
T-A        0.00000    0.00000    0.00000    0.00000    0.00000    0.00000    0.04731    -0.56514   3.36739    1.02300    -1.46715   34.74017
T-A        0.00000    0.00000    0.00000    0.00000    0.00000    0.00000    0.02510    -0.19881   3.24788    1.16663    -4.40251   37.26655
A-T        0.00000    0.00000    0.00000    0.00000    0.00000    0.00000    0.02710    0.37274    3.50025    -1.14359   -7.05059   45.20411
T-A        0.00000    0.00000    0.00000    0.00000    0.00000    0.00000    -0.00996   -0.71231   3.21737    -1.40568   -1.74309   31.57459
A-T        0.00000    0.00000    0.00000    0.00000    0.00000    0.00000    -0.11404   0.21123    3.42212    -1.99839   0.42549    40.54651
A-T        0.00000    0.00000    0.00000    0.00000    0.00000    0.00000    -0.05799   -0.20323   3.16727    -1.35337   3.21717    34.06248
C-G        0.00000    0.00000    0.00000    0.00000    0.00000    0.00000    -0.04188   -0.66870   3.28051    -0.70269   3.72236    33.38509
G-C        0.00000    0.00000    0.00000    0.00000    0.00000    0.00000    0.18730    0.39788    3.25310    1.37128    11.15817   32.40329
G-C        0.00000    0.00000    0.00000    0.00000    0.00000    0.00000    0.62251    -0.05076   3.25762    4.21756    8.98021    32.38462
A-T        0.00000    0.00000    0.00000    0.00000    0.00000    0.00000    0.46726    0.09251    3.25660    4.28989    1.29502    37.86706
G-C        0.00000    0.00000    0.00000    0.00000    0.00000    0.00000    -0.06174   -0.32311   3.37989    1.50043    1.81552    33.93205
A-T        0.00000    0.00000    0.00000    0.00000    0.00000    0.00000    0.19484    0.18470    3.30125    2.10159    -2.03634   39.01697
G-C        0.00000    0.00000    0.00000    0.00000    0.00000    0.00000    -0.04048   -0.02304   3.31868    -1.61794   -2.11149   34.50938
C-G        0.00000    0.00000    0.00000    0.00000    0.00000    0.00000    -0.11304   -0.40888   3.45083    -1.60976   0.03020    37.50557
T-A        0.00000    0.00000    0.00000    0.00000    0.00000    0.00000    -0.09925   -0.20314   3.33942    -2.22735   2.16563    32.99891
C-G        0.00000    0.00000    0.00000    0.00000    0.00000    0.00000    -0.26542   -0.12542   3.43490    -2.97560   2.32076    36.96331
G-C        0.00000    0.00000    0.00000    0.00000    0.00000    0.00000    0.14761    0.61944    3.24883    -0.55340   6.57775    33.60032
G-C        0.00000    0.00000    0.00000    0.00000    0.00000    0.00000    -0.01365   -0.22069   3.34157    -1.31172   6.19753    34.91629
G-C        0.00000    0.00000    0.00000    0.00000    0.00000    0.00000    0.20452    -0.33008   3.36333    2.39151    7.71831    33.81768
A-T        0.00000    0.00000    0.00000    0.00000    0.00000    0.00000    0.03005    -0.25329   3.33076    1.89898    1.23168    37.58867
T-A        0.00000    0.00000    0.00000    0.00000    0.00000    0.00000    0.04465    -0.61631   3.25344    1.09939    0.41037    32.50631
C-G        0.00000    0.00000    0.00000    0.00000    0.00000    0.00000    0.12087    -0.32759   3.39796    0.91366    -2.54842   39.22217
C-G        0.00000    0.00000    0.00000    0.00000    0.00000    0.00000    0.08293    -0.17957   3.31966    0.13933    2.72972    33.70043
G-C        0.00000    0.00000    0.00000    0.00000    0.00000    0.00000    -0.04430   0.48291    3.28255    -1.92590   2.20636    37.30644
C-G        0.00000    0.00000    0.00000    0.00000    0.00000    0.00000    -0.27274   -0.48882   3.43371    -3.10058   0.64612    35.80590
T-A        0.00000    0.00000    0.00000    0.00000    0.00000    0.00000    -0.28725   -0.42006   3.42040    -2.25147   3.64111    35.44595
T-A        0.00000    0.00000    0.00000    0.00000    0.00000    0.00000    0.04709    -0.35071   3.22443    -1.09980   2.26829    35.11774
T-A        0.00000    0.00000    0.00000    0.00000    0.00000    0.00000    0.00314    -0.05122   3.23119    -0.28984   5.81028    34.34946
A-T        0.00000    0.00000    0.00000    0.00000    0.00000    0.00000    0.14940    0.16133    3.40925    1.34247    11.38997   36.39694
A-T        0.00000    0.00000    0.00000    0.00000    0.00000    0.00000    0.09396    -0.22650   3.17891    2.31343    2.32219    35.51303
C-G        0.00000    0.00000    0.00000    0.00000    0.00000    0.00000    0.09330    -0.62999   3.34420    2.08052    -1.50781   34.49594
A-T        0.00000    0.00000    0.00000    0.00000    0.00000    0.00000    0.20214    -0.01737   3.39711    0.54237    0.81791    38.72340
C-G        0.00000    0.00000    0.00000    0.00000    0.00000    0.00000    0.05241    -0.73957   3.35248    -0.01668   -0.84827   33.50092
T-A        0.00000    0.00000    0.00000    0.00000    0.00000    0.00000    -0.00505   -0.75812   3.56364    -1.33890   -0.59673   35.99882
T-A        0.00000    0.00000    0.00000    0.00000    0.00000    0.00000    0.02370    -0.34921   3.25036    -0.70906   -2.52223   36.66391
T-A        0.00000    0.00000    0.00000    0.00000    0.00000    0.00000    -0.06749   -0.17786   3.26822    -1.17693   0.95162    35.82943
A-T        0.00000    0.00000    0.00000    0.00000    0.00000    0.00000    -0.00626   0.35398    3.36049    -1.47604   4.09523    38.06767
T-A        0.00000    0.00000    0.00000    0.00000    0.00000    0.00000    0.02707    -0.70811   3.12254    -0.08426   4.39077    28.94250
G-C        0.00000    0.00000    0.00000    0.00000    0.00000    0.00000    0.01711    -0.25198   3.33177    0.48772    6.60851    37.40347
C-G        0.00000    0.00000    0.00000    0.00000    0.00000    0.00000    0.24514    -0.42673   3.28997    0.74839    2.86994    34.24961
T-A        0.00000    0.00000    0.00000    0.00000    0.00000    0.00000    0.45381    -0.43668   3.47882    4.57603    0.95101    36.15890
T-A        0.00000    0.00000    0.00000    0.00000    0.00000    0.00000    0.05401    -0.26427   3.21913    1.31759    0.49861    35.71200
C-G        0.00000    0.00000    0.00000    0.00000    0.00000    0.00000    0.06669    -0.22685   3.40506    0.30696    -1.81157   39.17263
C-G        0.00000    0.00000    0.00000    0.00000    0.00000    0.00000    -0.19426   -0.11777   3.30092    -1.42650   4.66924    33.50308
G-C        0.00000    0.00000    0.00000    0.00000    0.00000    0.00000    -0.26195   0.39888    3.10685    -2.27927   4.84160    32.78451
G-C        0.00000    0.00000    0.00000    0.00000    0.00000    0.00000    0.01824    -0.18228   3.34319    -1.94661   4.33767    35.13593
C-G        0.00000    0.00000    0.00000    0.00000    0.00000    0.00000    0.05400    -0.56302   3.29419    -1.12977   3.14137    34.63736
T-A        0.00000    0.00000    0.00000    0.00000    0.00000    0.00000    -0.03159   -0.22441   3.32363    0.01399    4.82057    32.75203
C-G        0.00000    0.00000    0.00000    0.00000    0.00000    0.00000    0.20803    0.17877    3.29151    2.79277    3.58486    36.32860
G-C        0.00000    0.00000    0.00000    0.00000    0.00000    0.00000    0.11345    0.51724    3.30905    1.78422    5.12724    36.92371
T-A        0.00000    0.00000    0.00000    0.00000    0.00000    0.00000    0.28207    -0.76930   3.28307    0.40263    2.39984    33.54896
A-T        0.00000    0.00000    0.00000    0.00000    0.00000    0.00000    0.01924    -0.40587   3.38594    1.10901    2.00875    37.52815
T-A        0.00000    0.00000    0.00000    0.00000    0.00000    0.00000    -0.02305   -0.70985   3.22326    0.23539    -1.69596   31.80680
A-T        0.00000    0.00000    0.00000    0.00000    0.00000    0.00000    -0.07630   0.38692    3.47314    -0.08653   -4.16713   43.91435
A-T        0.00000    0.00000    0.00000    0.00000    0.00000    0.00000    -0.07291   -0.32640   3.24176    -0.63716   0.02336    35.82653
T-A        0.00000    0.00000    0.00000    0.00000    0.00000    0.00000    -0.00381   -0.63259   3.27789    -0.34718   -0.29582   32.45423
G-C        0.00000    0.00000    0.00000    0.00000    0.00000    0.00000    -0.05348   -0.04670   3.48052    -1.17461   4.83893    38.32889
T-A        0.00000    0.00000    0.00000    0.00000    0.00000    0.00000    0.06410    -0.48438   3.25362    -0.29418   1.23326    31.78748
G-C        0.00000    0.00000    0.00000    0.00000    0.00000    0.00000    0.00406    -0.01785   3.38517    0.75269    4.57381    37.03698
T-A        0.00000    0.00000    0.00000    0.00000    0.00000    0.00000    -0.06509   -0.49384   3.18004    0.10267    2.71823    32.32779
C-G        0.00000    0.00000    0.00000    0.00000    0.00000    0.00000    0.12233    -0.06099   3.18622    1.05055    -0.07575   36.82967
G-C        0.00000    0.00000    0.00000    0.00000    0.00000    0.00000    0.00471    0.57102    3.31441    0.33417    7.13819    34.13602
A-T        0.00000    0.00000    0.00000    0.00000    0.00000    0.00000    -0.10427   -0.06065   3.19024    -0.79748   -0.18670   36.92352
C-G        0.00000    0.00000    0.00000    0.00000    0.00000    0.00000    -0.17404   -0.79547   3.21389    -0.17928   2.34683    32.90436
C-G        0.00000    0.00000    0.00000    0.00000    0.00000    0.00000    0.06675    -0.42508   3.38579    0.44785    6.01533    33.20812
A-T        0.00000    0.00000    0.00000    0.00000    0.00000    0.00000    -0.08283   0.89637    3.32671    -0.45567   3.81313    37.84877
A-T        0.00000    0.00000    0.00000    0.00000    0.00000    0.00000    0.08062    -0.12928   3.28313    0.52632    0.37683    36.23601
A-T        0.00000    0.00000    0.00000    0.00000    0.00000    0.00000    0.01316    -0.37185   3.26431    0.25475    -2.61339   36.84793
T-A        0.00000    0.00000    0.00000    0.00000    0.00000    0.00000    0.04835    -0.66614   3.28070    0.43676    -0.68815   32.49056
G-C        0.00000    0.00000    0.00000    0.00000    0.00000    0.00000    -0.52900   -0.91300   3.45600    -1.68800   -11.71000  37.48700
T-A        0.00000    0.00000    0.00000    0.00000    0.00000    0.00000    -0.90400   -1.56500   3.20800    -2.31200   -8.23700   32.15000
G-C        0.00000    0.00000    0.00000    0.00000    0.00000    0.00000    -0.37800   -0.59700   3.22500    -2.12800   -0.59300   39.45200
A-T        0.00000    0.00000    0.00000    0.00000    0.00000    0.00000    0.13400    -1.01800   3.05000    2.62000    -6.08100   32.09400
G-C        0.00000    0.00000    0.00000    0.00000    0.00000    0.00000    0.92900    -0.52700   2.87900    -1.17000   -8.55900   33.48800
C-G        0.00000    0.00000    0.00000    0.00000    0.00000    0.00000    -0.67600   -0.12300   3.12600    12.51100   -5.63500   33.19900
G-C        0.00000    0.00000    0.00000    0.00000    0.00000    0.00000    0.04800    1.55200    5.41000    0.17000    60.13600   13.23400
C-G        0.00000    0.00000    0.00000    0.00000    0.00000    0.00000    0.71600    -0.08600   3.08800    -11.70500  -4.91800   33.29500
T-A        0.00000    0.00000    0.00000    0.00000    0.00000    0.00000    -0.96000   -0.48300   2.89500    0.90300    -7.59500   33.59800
C-G        0.00000    0.00000    0.00000    0.00000    0.00000    0.00000    -0.12000   -0.98300   3.10400    -2.85000   -6.36700   31.79800
A-T        0.00000    0.00000    0.00000    0.00000    0.00000    0.00000    0.32300    -0.59400   3.18200    1.62100    -0.34800   39.44400
C-G        0.00000    0.00000    0.00000    0.00000    0.00000    0.00000    0.92900    -1.59400   3.28000    2.06500    -8.65200   31.93200
A-T        0.00000    0.00000    0.00000    0.00000    0.00000    0.00000    0.27000    -1.09600   3.26900    -0.64700   -9.99800   39.98900
