147 # base pairs
  0 # ***local base-pair & step parameters***
#          Shear      Stretch    Stagger    Buckle     Prop-Tw    Opening    Shift      Slide      Rise       Tilt       Roll       Twist
T-A        0.00000    0.00000    0.00000    0.00000    0.00000    0.00000    0.00000    0.00000    0.00000    0.00000    0.00000    0.00000
G-C        0.00000    0.00000    0.00000    0.00000    0.00000    0.00000    -0.52900   -0.91400   3.45700    -1.68900   -11.71200  37.48600
T-A        0.00000    0.00000    0.00000    0.00000    0.00000    0.00000    -0.90500   -1.56600   3.20600    -2.28600   -8.20700   32.14700
G-C        0.00000    0.00000    0.00000    0.00000    0.00000    0.00000    -0.37800   -0.59600   3.22500    -2.16700   -0.60300   39.43900
A-T        0.00000    0.00000    0.00000    0.00000    0.00000    0.00000    0.13400    -1.01800   3.05000    2.61000    -6.09300   32.09300
G-C        0.00000    0.00000    0.00000    0.00000    0.00000    0.00000    0.92900    -0.52800   2.87800    -1.17000   -8.57000   33.49400
C-G        0.00000    0.00000    0.00000    0.00000    0.00000    0.00000    -0.67600   -0.12200   3.12700    12.55900   -5.64700   33.21100
G-C        0.00000    0.00000    0.00000    0.00000    0.00000    0.00000    0.04900    1.55300    5.41000    0.14200    60.15100   13.21000
C-G        0.00000    0.00000    0.00000    0.00000    0.00000    0.00000    0.71500    -0.08700   3.08800    -11.72400  -4.90600   33.28700
T-A        0.00000    0.00000    0.00000    0.00000    0.00000    0.00000    -0.96000   -0.48500   2.89400    0.89600    -7.58500   33.58500
C-G        0.00000    0.00000    0.00000    0.00000    0.00000    0.00000    -0.12000   -0.98300   3.10600    -2.86200   -6.42300   31.82500
A-T        0.00000    0.00000    0.00000    0.00000    0.00000    0.00000    0.32200    -0.59300   3.18200    1.65600    -0.34900   39.43600
C-G        0.00000    0.00000    0.00000    0.00000    0.00000    0.00000    0.92900    -1.59300   3.28000    2.06100    -8.65300   31.94300
A-T        0.00000    0.00000    0.00000    0.00000    0.00000    0.00000    0.27000    -1.09600   3.26800    -0.64500   -9.98900   39.97000
A-T        0.00000    0.00000    0.00000    0.00000    0.00000    0.00000    0.03804    -0.18608   3.23952    0.11746    1.60928    36.16975
T-A        0.00000    0.00000    0.00000    0.00000    0.00000    0.00000    0.03399    -0.66862   3.22451    0.38704    0.89907    31.54629
T-A        0.00000    0.00000    0.00000    0.00000    0.00000    0.00000    0.02817    -0.23513   3.24778    0.81638    -0.13928   36.57685
T-A        0.00000    0.00000    0.00000    0.00000    0.00000    0.00000    0.01084    -0.26179   3.25389    0.82314    -1.48788   36.92166
A-T        0.00000    0.00000    0.00000    0.00000    0.00000    0.00000    0.00142    0.62557    3.39457    0.62039    -3.78716   43.20874
T-A        0.00000    0.00000    0.00000    0.00000    0.00000    0.00000    -0.02729   -0.68985   3.25437    -0.00637   -1.56205   32.19346
T-A        0.00000    0.00000    0.00000    0.00000    0.00000    0.00000    -0.05281   -0.25209   3.25719    -0.37560   -2.23383   37.18721
C-G        0.00000    0.00000    0.00000    0.00000    0.00000    0.00000    -0.06869   -0.06635   3.31642    -0.89582   0.92507    38.24695
G-C        0.00000    0.00000    0.00000    0.00000    0.00000    0.00000    -0.10632   0.45437    3.38043    -1.48053   5.92073    36.12826
C-G        0.00000    0.00000    0.00000    0.00000    0.00000    0.00000    -0.02087   -0.44076   3.31242    -0.52826   2.83584    34.53104
A-T        0.00000    0.00000    0.00000    0.00000    0.00000    0.00000    -0.02329   0.25718    3.36099    -0.19263   6.07126    36.62799
A-T        0.00000    0.00000    0.00000    0.00000    0.00000    0.00000    0.04227    -0.22344   3.24489    0.23424    0.42722    36.26133
A-T        0.00000    0.00000    0.00000    0.00000    0.00000    0.00000    0.03965    -0.24061   3.24753    0.42252    -0.10388   36.38492
G-C        0.00000    0.00000    0.00000    0.00000    0.00000    0.00000    -0.01206   -0.33219   3.33792    0.19119    3.18637    33.92536
G-C        0.00000    0.00000    0.00000    0.00000    0.00000    0.00000    -0.01097   -0.30837   3.39331    0.19811    4.14187    34.89404
C-G        0.00000    0.00000    0.00000    0.00000    0.00000    0.00000    -0.03856   -0.43600   3.33056    -0.05777   1.98012    34.83332
C-G        0.00000    0.00000    0.00000    0.00000    0.00000    0.00000    -0.05843   -0.25776   3.38532    -0.20356   4.20429    34.98387
G-C        0.00000    0.00000    0.00000    0.00000    0.00000    0.00000    -0.05872   0.45228    3.37875    -0.49773   5.62081    36.17097
G-C        0.00000    0.00000    0.00000    0.00000    0.00000    0.00000    -0.03646   -0.22296   3.37716    -0.35144   4.58179    34.88872
C-G        0.00000    0.00000    0.00000    0.00000    0.00000    0.00000    0.02270    -0.42812   3.31830    0.04103    2.42067    34.65278
C-G        0.00000    0.00000    0.00000    0.00000    0.00000    0.00000    0.07784    -0.25149   3.38182    0.37214    4.53427    34.84158
C-G        0.00000    0.00000    0.00000    0.00000    0.00000    0.00000    0.07519    -0.27943   3.38703    0.32354    4.40220    34.83835
G-C        0.00000    0.00000    0.00000    0.00000    0.00000    0.00000    0.01600    0.37105    3.38341    -0.10280   5.66078    36.05822
A-T        0.00000    0.00000    0.00000    0.00000    0.00000    0.00000    -0.03470   -0.10878   3.30913    -0.26267   1.47441    37.80453
C-G        0.00000    0.00000    0.00000    0.00000    0.00000    0.00000    -0.04844   -0.65394   3.27855    -0.03568   1.64468    33.19220
A-T        0.00000    0.00000    0.00000    0.00000    0.00000    0.00000    -0.11062   0.22442    3.36101    -0.37315   5.64262    36.68998
C-G        0.00000    0.00000    0.00000    0.00000    0.00000    0.00000    -0.06307   -0.63642   3.26781    0.19906    2.02615    33.08548
G-C        0.00000    0.00000    0.00000    0.00000    0.00000    0.00000    0.01341    0.41769    3.38126    0.52428    6.58681    35.80960
A-T        0.00000    0.00000    0.00000    0.00000    0.00000    0.00000    0.03289    -0.06079   3.30628    0.62952    1.75443    37.85597
C-G        0.00000    0.00000    0.00000    0.00000    0.00000    0.00000    0.03026    -0.62665   3.28539    0.75514    1.15437    33.34810
T-A        0.00000    0.00000    0.00000    0.00000    0.00000    0.00000    0.08712    -0.28867   3.33805    0.97809    2.33674    34.25560
T-A        0.00000    0.00000    0.00000    0.00000    0.00000    0.00000    0.01086    -0.26480   3.25743    0.12590    -2.32964   37.12418
A-T        0.00000    0.00000    0.00000    0.00000    0.00000    0.00000    0.01097    0.59861    3.39253    -0.43594   -3.31388   42.88058
C-G        0.00000    0.00000    0.00000    0.00000    0.00000    0.00000    -0.03593   -0.65388   3.29271    -0.52577   0.90343    33.46366
T-A        0.00000    0.00000    0.00000    0.00000    0.00000    0.00000    -0.02942   -0.32978   3.33553    -0.84454   3.47776    33.88435
G-C        0.00000    0.00000    0.00000    0.00000    0.00000    0.00000    -0.04796   0.17407    3.36563    -1.09195   6.53606    36.19569
T-A        0.00000    0.00000    0.00000    0.00000    0.00000    0.00000    -0.03052   -0.63721   3.24918    -0.47985   2.93195    32.74699
A-T        0.00000    0.00000    0.00000    0.00000    0.00000    0.00000    -0.00939   0.23054    3.36593    0.49741    5.00125    38.39199
G-C        0.00000    0.00000    0.00000    0.00000    0.00000    0.00000    0.00183    -0.27507   3.32248    0.97573    4.32737    33.68198
G-C        0.00000    0.00000    0.00000    0.00000    0.00000    0.00000    0.19915    -0.24270   3.37857    1.97992    4.44576    34.92228
T-A        0.00000    0.00000    0.00000    0.00000    0.00000    0.00000    0.08838    -0.62372   3.29805    0.85064    0.33744    33.70835
C-G        0.00000    0.00000    0.00000    0.00000    0.00000    0.00000    0.09975    -0.09749   3.32457    0.65981    -0.75811   38.69340
A-T        0.00000    0.00000    0.00000    0.00000    0.00000    0.00000    -0.05040   0.38040    3.33440    -0.81787   1.84093    38.42082
T-A        0.00000    0.00000    0.00000    0.00000    0.00000    0.00000    -0.01134   -0.69504   3.25372    -0.77296   -1.48829   32.18812
G-C        0.00000    0.00000    0.00000    0.00000    0.00000    0.00000    -0.09899   0.20219    3.35847    -2.15162   4.99152    36.79328
T-A        0.00000    0.00000    0.00000    0.00000    0.00000    0.00000    -0.06407   -0.65498   3.25719    -1.52711   2.73643    32.83625
T-A        0.00000    0.00000    0.00000    0.00000    0.00000    0.00000    -0.05412   -0.17702   3.23068    -0.70795   2.90455    35.52090
A-T        0.00000    0.00000    0.00000    0.00000    0.00000    0.00000    -0.00931   0.05121    3.35890    0.46666    8.02113    36.77719
T-A        0.00000    0.00000    0.00000    0.00000    0.00000    0.00000    0.01078    -0.65314   3.21204    0.83296    1.58146    31.22371
A-T        0.00000    0.00000    0.00000    0.00000    0.00000    0.00000    0.13545    0.49819    3.37412    2.36259    0.68372    40.87170
A-T        0.00000    0.00000    0.00000    0.00000    0.00000    0.00000    0.08497    -0.26619   3.25683    1.50587    -2.82390   37.22454
C-G        0.00000    0.00000    0.00000    0.00000    0.00000    0.00000    0.07373    -0.64570   3.33061    0.98000    -1.17115   33.85247
G-C        0.00000    0.00000    0.00000    0.00000    0.00000    0.00000    -0.04212   0.51677    3.35570    -0.86219   1.08484    37.38657
G-C        0.00000    0.00000    0.00000    0.00000    0.00000    0.00000    -0.26832   -0.25474   3.39402    -2.82821   2.08053    35.35305
A-T        0.00000    0.00000    0.00000    0.00000    0.00000    0.00000    -0.25102   -0.10399   3.29191    -2.88711   1.23240    37.42633
T-A        0.00000    0.00000    0.00000    0.00000    0.00000    0.00000    -0.04322   -0.66781   3.21204    -1.27522   1.48756    30.97265
A-T        0.00000    0.00000    0.00000    0.00000    0.00000    0.00000    -0.10556   -0.19408   3.34393    -1.46738   10.69613   34.48029
T-A        0.00000    0.00000    0.00000    0.00000    0.00000    0.00000    -0.01114   -0.64624   3.18572    0.06502    3.41817    30.27556
C-G        0.00000    0.00000    0.00000    0.00000    0.00000    0.00000    0.14133    -0.05815   3.25859    1.80152    4.96905    36.10325
T-A        0.00000    0.00000    0.00000    0.00000    0.00000    0.00000    0.10774    -0.30339   3.30199    3.52686    4.86863    33.09680
C-G        0.00000    0.00000    0.00000    0.00000    0.00000    0.00000    0.27123    -0.08574   3.29560    3.08174    0.49611    37.72077
G-C        0.00000    0.00000    0.00000    0.00000    0.00000    0.00000    0.27383    0.52639    3.35136    3.47686    1.35597    37.23088
A-T        0.00000    0.00000    0.00000    0.00000    0.00000    0.00000    -0.02362   -0.12112   3.33753    0.01816    -2.64587   39.11047
G-C        0.00000    0.00000    0.00000    0.00000    0.00000    0.00000    -0.09632   -0.31833   3.34659    -2.31012   -0.09541   34.66193
C-G        0.00000    0.00000    0.00000    0.00000    0.00000    0.00000    -0.27398   -0.41381   3.33146    -3.15036   1.31421    34.79405
T-A        0.00000    0.00000    0.00000    0.00000    0.00000    0.00000    -0.07709   -0.30688   3.31690    -2.93444   4.36412    33.16695
C-G        0.00000    0.00000    0.00000    0.00000    0.00000    0.00000    -0.16655   -0.07349   3.27302    -2.14230   4.90827    36.32994
G-C        0.00000    0.00000    0.00000    0.00000    0.00000    0.00000    -0.04617   0.23071    3.37337    -0.67806   11.84859   33.41392
G-C        0.00000    0.00000    0.00000    0.00000    0.00000    0.00000    0.21365    -0.35834   3.34784    1.88403    8.53609    32.97566
G-C        0.00000    0.00000    0.00000    0.00000    0.00000    0.00000    0.36089    -0.36150   3.36244    3.51246    6.97492    33.53241
A-T        0.00000    0.00000    0.00000    0.00000    0.00000    0.00000    0.23403    -0.11022   3.31184    3.11066    1.41560    37.75630
T-A        0.00000    0.00000    0.00000    0.00000    0.00000    0.00000    0.02411    -0.70110   3.25904    1.22061    -2.24708   32.14852
C-G        0.00000    0.00000    0.00000    0.00000    0.00000    0.00000    0.08951    -0.12289   3.32836    0.91994    -2.22765   38.71791
C-G        0.00000    0.00000    0.00000    0.00000    0.00000    0.00000    -0.11212   -0.24733   3.39659    -1.12976   0.95571    35.49676
G-C        0.00000    0.00000    0.00000    0.00000    0.00000    0.00000    -0.34616   0.50109    3.34728    -4.36744   2.85620    36.43179
C-G        0.00000    0.00000    0.00000    0.00000    0.00000    0.00000    -0.26192   -0.42957   3.30270    -3.03605   2.45656    34.04544
T-A        0.00000    0.00000    0.00000    0.00000    0.00000    0.00000    -0.03405   -0.29731   3.29936    -2.13361   5.49477    32.42038
T-A        0.00000    0.00000    0.00000    0.00000    0.00000    0.00000    -0.02363   -0.17438   3.21800    -0.92212   4.24268    34.33867
T-A        0.00000    0.00000    0.00000    0.00000    0.00000    0.00000    0.01901    -0.17990   3.21748    0.24776    4.35626    34.25696
A-T        0.00000    0.00000    0.00000    0.00000    0.00000    0.00000    0.13367    -0.13959   3.34486    1.91449    8.54243    35.06223
A-T        0.00000    0.00000    0.00000    0.00000    0.00000    0.00000    0.08320    -0.25356   3.23844    1.84910    0.42236    35.58946
C-G        0.00000    0.00000    0.00000    0.00000    0.00000    0.00000    0.05839    -0.66726   3.29598    1.86939    0.45794    32.87674
A-T        0.00000    0.00000    0.00000    0.00000    0.00000    0.00000    0.00690    0.32180    3.32134    1.14662    1.68884    37.40494
C-G        0.00000    0.00000    0.00000    0.00000    0.00000    0.00000    -0.04236   -0.64297   3.31841    -0.04265   -0.97274   33.38554
T-A        0.00000    0.00000    0.00000    0.00000    0.00000    0.00000    -0.03736   -0.30630   3.33531    -1.21447   1.03108    33.83460
T-A        0.00000    0.00000    0.00000    0.00000    0.00000    0.00000    -0.07822   -0.25164   3.24686    -1.47964   -1.32090   36.28327
T-A        0.00000    0.00000    0.00000    0.00000    0.00000    0.00000    -0.05760   -0.21091   3.23677    -1.40784   0.91620    35.67889
A-T        0.00000    0.00000    0.00000    0.00000    0.00000    0.00000    -0.02211   0.07604    3.34959    -1.01712   6.88867    36.48416
T-A        0.00000    0.00000    0.00000    0.00000    0.00000    0.00000    0.02624    -0.65948   3.20322    0.01281    2.09444    30.60848
G-C        0.00000    0.00000    0.00000    0.00000    0.00000    0.00000    0.17724    0.11784    3.36141    1.13985    7.83023    35.18946
C-G        0.00000    0.00000    0.00000    0.00000    0.00000    0.00000    0.16144    -0.47551   3.30163    1.66898    3.16428    33.93665
T-A        0.00000    0.00000    0.00000    0.00000    0.00000    0.00000    0.07122    -0.34545   3.32539    2.03004    3.03475    33.45792
T-A        0.00000    0.00000    0.00000    0.00000    0.00000    0.00000    -0.00775   -0.29337   3.25428    0.77404    -2.42181   36.61809
C-G        0.00000    0.00000    0.00000    0.00000    0.00000    0.00000    0.00872    -0.11374   3.31549    0.13368    -0.24694   37.96893
C-G        0.00000    0.00000    0.00000    0.00000    0.00000    0.00000    -0.11129   -0.26925   3.38458    -0.84733   3.09986    34.74148
G-C        0.00000    0.00000    0.00000    0.00000    0.00000    0.00000    -0.18690   0.45840    3.35745    -2.18913   4.93119    35.72499
G-C        0.00000    0.00000    0.00000    0.00000    0.00000    0.00000    -0.16519   -0.23831   3.36496    -1.68715   4.85586    34.13753
C-G        0.00000    0.00000    0.00000    0.00000    0.00000    0.00000    -0.04987   -0.44989   3.29034    -0.80260   3.28441    33.73190
T-A        0.00000    0.00000    0.00000    0.00000    0.00000    0.00000    0.05826    -0.30550   3.30625    0.19519    4.85232    32.66472
C-G        0.00000    0.00000    0.00000    0.00000    0.00000    0.00000    0.08220    -0.09640   3.28111    0.54033    2.93411    36.58189
G-C        0.00000    0.00000    0.00000    0.00000    0.00000    0.00000    0.14023    0.31872    3.36539    1.52039    6.99515    34.82131
T-A        0.00000    0.00000    0.00000    0.00000    0.00000    0.00000    0.04524    -0.65471   3.27218    0.40962    1.49828    32.61386
A-T        0.00000    0.00000    0.00000    0.00000    0.00000    0.00000    0.00989    0.34808    3.37265    0.51891    -0.46862   40.10000
T-A        0.00000    0.00000    0.00000    0.00000    0.00000    0.00000    -0.02087   -0.69228   3.24151    0.06517    -0.81165   31.44728
A-T        0.00000    0.00000    0.00000    0.00000    0.00000    0.00000    -0.05991   0.46328    3.37079    -0.28694   -1.03980   40.57668
A-T        0.00000    0.00000    0.00000    0.00000    0.00000    0.00000    -0.00962   -0.24952   3.24610    -0.31347   -0.82835   36.03331
T-A        0.00000    0.00000    0.00000    0.00000    0.00000    0.00000    -0.01093   -0.67241   3.22995    -0.18649   -0.01322   31.24417
G-C        0.00000    0.00000    0.00000    0.00000    0.00000    0.00000    0.05348    0.28080    3.34380    -0.15731   5.49973    36.09242
T-A        0.00000    0.00000    0.00000    0.00000    0.00000    0.00000    0.04496    -0.63019   3.26326    -0.17187   1.81238    32.54030
G-C        0.00000    0.00000    0.00000    0.00000    0.00000    0.00000    0.10695    0.22793    3.34685    0.24607    5.44707    36.04607
T-A        0.00000    0.00000    0.00000    0.00000    0.00000    0.00000    0.04942    -0.64890   3.27202    -0.08137   1.53269    32.61832
C-G        0.00000    0.00000    0.00000    0.00000    0.00000    0.00000    0.03547    -0.12076   3.29918    0.08268    1.51794    37.15235
G-C        0.00000    0.00000    0.00000    0.00000    0.00000    0.00000    -0.02966   0.33750    3.36629    -0.31169   5.99526    35.19348
A-T        0.00000    0.00000    0.00000    0.00000    0.00000    0.00000    -0.06322   -0.11420   3.29496    -0.35442   1.79695    37.03107
C-G        0.00000    0.00000    0.00000    0.00000    0.00000    0.00000    -0.05914   -0.64221   3.26339    0.03924    1.88401    32.50255
C-G        0.00000    0.00000    0.00000    0.00000    0.00000    0.00000    -0.03833   -0.29327   3.37037    -0.01676   5.20020    33.93288
A-T        0.00000    0.00000    0.00000    0.00000    0.00000    0.00000    -0.05646   0.26288    3.34592    0.26444    5.77003    35.95874
A-T        0.00000    0.00000    0.00000    0.00000    0.00000    0.00000    0.03245    -0.23252   3.24307    0.41130    -0.18281   35.88127
A-T        0.00000    0.00000    0.00000    0.00000    0.00000    0.00000    0.04846    -0.24834   3.24621    0.44902    -0.88125   36.05339
T-A        0.00000    0.00000    0.00000    0.00000    0.00000    0.00000    0.02983    -0.68555   3.24037    0.20818    -0.82048   31.44612
G-C        0.00000    0.00000    0.00000    0.00000    0.00000    0.00000    -0.52900   -0.91300   3.45600    -1.68800   -11.71000  37.48700
T-A        0.00000    0.00000    0.00000    0.00000    0.00000    0.00000    -0.90400   -1.56500   3.20800    -2.31200   -8.23700   32.15000
G-C        0.00000    0.00000    0.00000    0.00000    0.00000    0.00000    -0.37800   -0.59700   3.22500    -2.12800   -0.59300   39.45200
A-T        0.00000    0.00000    0.00000    0.00000    0.00000    0.00000    0.13400    -1.01800   3.05000    2.62000    -6.08100   32.09400
G-C        0.00000    0.00000    0.00000    0.00000    0.00000    0.00000    0.92900    -0.52700   2.87900    -1.17000   -8.55900   33.48800
C-G        0.00000    0.00000    0.00000    0.00000    0.00000    0.00000    -0.67600   -0.12300   3.12600    12.51100   -5.63500   33.19900
G-C        0.00000    0.00000    0.00000    0.00000    0.00000    0.00000    0.04800    1.55200    5.41000    0.17000    60.13600   13.23400
C-G        0.00000    0.00000    0.00000    0.00000    0.00000    0.00000    0.71600    -0.08600   3.08800    -11.70500  -4.91800   33.29500
T-A        0.00000    0.00000    0.00000    0.00000    0.00000    0.00000    -0.96000   -0.48300   2.89500    0.90300    -7.59500   33.59800
C-G        0.00000    0.00000    0.00000    0.00000    0.00000    0.00000    -0.12000   -0.98300   3.10400    -2.85000   -6.36700   31.79800
A-T        0.00000    0.00000    0.00000    0.00000    0.00000    0.00000    0.32300    -0.59400   3.18200    1.62100    -0.34800   39.44400
C-G        0.00000    0.00000    0.00000    0.00000    0.00000    0.00000    0.92900    -1.59400   3.28000    2.06500    -8.65200   31.93200
A-T        0.00000    0.00000    0.00000    0.00000    0.00000    0.00000    0.27000    -1.09600   3.26900    -0.64700   -9.99800   39.98900
