147 # base pairs
  0 # ***local base-pair & step parameters***
#          Shear      Stretch    Stagger    Buckle     Prop-Tw    Opening    Shift      Slide      Rise       Tilt       Roll       Twist
T-A        0.00000    0.00000    0.00000    0.00000    0.00000    0.00000    0.00000    0.00000    0.00000    0.00000    0.00000    0.00000
G-C        0.00000    0.00000    0.00000    0.00000    0.00000    0.00000    -0.52900   -0.91400   3.45700    -1.68900   -11.71200  37.48600
T-A        0.00000    0.00000    0.00000    0.00000    0.00000    0.00000    -0.90500   -1.56600   3.20600    -2.28600   -8.20700   32.14700
G-C        0.00000    0.00000    0.00000    0.00000    0.00000    0.00000    -0.37800   -0.59600   3.22500    -2.16700   -0.60300   39.43900
A-T        0.00000    0.00000    0.00000    0.00000    0.00000    0.00000    0.13400    -1.01800   3.05000    2.61000    -6.09300   32.09300
G-C        0.00000    0.00000    0.00000    0.00000    0.00000    0.00000    0.92900    -0.52800   2.87800    -1.17000   -8.57000   33.49400
C-G        0.00000    0.00000    0.00000    0.00000    0.00000    0.00000    -0.67600   -0.12200   3.12700    12.55900   -5.64700   33.21100
G-C        0.00000    0.00000    0.00000    0.00000    0.00000    0.00000    0.04900    1.55300    5.41000    0.14200    60.15100   13.21000
C-G        0.00000    0.00000    0.00000    0.00000    0.00000    0.00000    0.71500    -0.08700   3.08800    -11.72400  -4.90600   33.28700
T-A        0.00000    0.00000    0.00000    0.00000    0.00000    0.00000    -0.96000   -0.48500   2.89400    0.89600    -7.58500   33.58500
C-G        0.00000    0.00000    0.00000    0.00000    0.00000    0.00000    -0.12000   -0.98300   3.10600    -2.86200   -6.42300   31.82500
A-T        0.00000    0.00000    0.00000    0.00000    0.00000    0.00000    0.32200    -0.59300   3.18200    1.65600    -0.34900   39.43600
C-G        0.00000    0.00000    0.00000    0.00000    0.00000    0.00000    0.92900    -1.59300   3.28000    2.06100    -8.65300   31.94300
A-T        0.00000    0.00000    0.00000    0.00000    0.00000    0.00000    0.27000    -1.09600   3.26800    -0.64500   -9.98900   39.97000
A-T        0.00000    0.00000    0.00000    0.00000    0.00000    0.00000    0.03530    -0.20001   3.23670    0.08054    1.69723    35.71150
T-A        0.00000    0.00000    0.00000    0.00000    0.00000    0.00000    0.02913    -0.67121   3.22086    0.34980    1.01437    31.21420
T-A        0.00000    0.00000    0.00000    0.00000    0.00000    0.00000    0.02237    -0.24255   3.24409    0.76620    0.13345    36.08308
T-A        0.00000    0.00000    0.00000    0.00000    0.00000    0.00000    0.00831    -0.26704   3.24994    0.80370    -1.15304   36.41989
A-T        0.00000    0.00000    0.00000    0.00000    0.00000    0.00000    0.00726    0.53729    3.38391    0.65858    -2.76157   41.99399
T-A        0.00000    0.00000    0.00000    0.00000    0.00000    0.00000    -0.02238   -0.69139   3.25013    0.02971    -1.39431   31.86535
T-A        0.00000    0.00000    0.00000    0.00000    0.00000    0.00000    -0.04878   -0.26363   3.25414    -0.32289   -2.08238   36.73719
C-G        0.00000    0.00000    0.00000    0.00000    0.00000    0.00000    -0.06061   -0.07872   3.30973    -0.83866   1.00656    37.80540
G-C        0.00000    0.00000    0.00000    0.00000    0.00000    0.00000    -0.10888   0.43298    3.36981    -1.49515   6.04306    35.62044
C-G        0.00000    0.00000    0.00000    0.00000    0.00000    0.00000    -0.02960   -0.44515   3.30424    -0.57370   2.91733    34.14519
A-T        0.00000    0.00000    0.00000    0.00000    0.00000    0.00000    -0.03643   0.22314    3.35553    -0.19857   6.31994    36.03013
A-T        0.00000    0.00000    0.00000    0.00000    0.00000    0.00000    0.03962    -0.23133   3.24128    0.22321    0.64249    35.78835
A-T        0.00000    0.00000    0.00000    0.00000    0.00000    0.00000    0.04011    -0.24691   3.24380    0.42934    0.13308    35.91082
G-C        0.00000    0.00000    0.00000    0.00000    0.00000    0.00000    -0.00908   -0.33678   3.32895    0.24379    3.32904    33.40778
G-C        0.00000    0.00000    0.00000    0.00000    0.00000    0.00000    0.00868    -0.32259   3.38725    0.34545    4.24970    34.42996
C-G        0.00000    0.00000    0.00000    0.00000    0.00000    0.00000    -0.02402   -0.43750   3.32305    0.03367    2.00926    34.47088
C-G        0.00000    0.00000    0.00000    0.00000    0.00000    0.00000    -0.04779   -0.27916   3.38164    -0.18079   4.18129    34.55113
G-C        0.00000    0.00000    0.00000    0.00000    0.00000    0.00000    -0.06387   0.43260    3.36796    -0.58311   5.63403    35.69873
G-C        0.00000    0.00000    0.00000    0.00000    0.00000    0.00000    -0.05402   -0.24728   3.37321    -0.47711   4.63194    34.42450
C-G        0.00000    0.00000    0.00000    0.00000    0.00000    0.00000    0.00399    -0.43356   3.30911    -0.10129   2.55381    34.24345
C-G        0.00000    0.00000    0.00000    0.00000    0.00000    0.00000    0.05432    -0.27128   3.37513    0.21658    4.79217    34.31450
C-G        0.00000    0.00000    0.00000    0.00000    0.00000    0.00000    0.06686    -0.29221   3.37917    0.30258    4.68927    34.31331
G-C        0.00000    0.00000    0.00000    0.00000    0.00000    0.00000    0.03159    0.36415    3.37198    0.12219    5.99072    35.49009
A-T        0.00000    0.00000    0.00000    0.00000    0.00000    0.00000    -0.01850   -0.11243   3.30244    -0.08264   1.58563    37.37775
C-G        0.00000    0.00000    0.00000    0.00000    0.00000    0.00000    -0.02878   -0.65352   3.27514    0.08368    1.57427    32.82038
A-T        0.00000    0.00000    0.00000    0.00000    0.00000    0.00000    -0.09682   0.20399    3.35331    -0.25944   5.49338    36.25653
C-G        0.00000    0.00000    0.00000    0.00000    0.00000    0.00000    -0.05242   -0.64034   3.26694    0.14114    1.85399    32.74499
G-C        0.00000    0.00000    0.00000    0.00000    0.00000    0.00000    -0.01297   0.39682    3.37039    0.15601    6.52939    35.35058
A-T        0.00000    0.00000    0.00000    0.00000    0.00000    0.00000    0.00366    -0.07452   3.29810    0.32382    1.89834    37.35799
C-G        0.00000    0.00000    0.00000    0.00000    0.00000    0.00000    0.01371    -0.62800   3.27431    0.57587    1.44365    32.86742
T-A        0.00000    0.00000    0.00000    0.00000    0.00000    0.00000    0.07224    -0.29732   3.32680    0.87727    2.84940    33.62374
T-A        0.00000    0.00000    0.00000    0.00000    0.00000    0.00000    0.00783    -0.26285   3.25159    0.18135    -1.62027   36.49987
A-T        0.00000    0.00000    0.00000    0.00000    0.00000    0.00000    0.02597    0.50205    3.37989    -0.16385   -1.95443   41.44828
C-G        0.00000    0.00000    0.00000    0.00000    0.00000    0.00000    -0.01174   -0.65232   3.28644    -0.26897   0.96515    33.01391
T-A        0.00000    0.00000    0.00000    0.00000    0.00000    0.00000    -0.00475   -0.33777   3.32902    -0.55115   3.27743    33.41757
G-C        0.00000    0.00000    0.00000    0.00000    0.00000    0.00000    -0.02693   0.15660    3.35676    -0.97735   6.14106    35.83306
T-A        0.00000    0.00000    0.00000    0.00000    0.00000    0.00000    -0.03467   -0.64415   3.25230    -0.57064   2.59319    32.43181
A-T        0.00000    0.00000    0.00000    0.00000    0.00000    0.00000    -0.02992   0.16301    3.35879    0.14646    4.94907    37.62342
G-C        0.00000    0.00000    0.00000    0.00000    0.00000    0.00000    -0.02210   -0.29181   3.31388    0.49928    4.48402    33.09445
G-C        0.00000    0.00000    0.00000    0.00000    0.00000    0.00000    0.14074    -0.26593   3.37070    1.51099    4.94693    34.27169
T-A        0.00000    0.00000    0.00000    0.00000    0.00000    0.00000    0.07027    -0.62153   3.28053    0.75195    0.93634    33.07902
A-T        0.00000    0.00000    0.00000    0.00000    0.00000    0.00000    0.08082    0.69193    3.38141    0.78946    -4.21431   42.82778
T-A        0.00000    0.00000    0.00000    0.00000    0.00000    0.00000    0.02101    -0.69688   3.25486    -0.04232   -1.86406   31.95362
C-G        0.00000    0.00000    0.00000    0.00000    0.00000    0.00000    -0.03552   -0.12466   3.31732    -0.91158   -0.05087   37.98203
T-A        0.00000    0.00000    0.00000    0.00000    0.00000    0.00000    -0.01655   -0.33675   3.33196    -1.33813   2.71556    33.51317
C-G        0.00000    0.00000    0.00000    0.00000    0.00000    0.00000    -0.13130   -0.11092   3.29754    -1.69406   2.42945    37.10368
G-C        0.00000    0.00000    0.00000    0.00000    0.00000    0.00000    -0.18082   0.29127    3.37022    -2.03362   8.78074    34.39309
A-T        0.00000    0.00000    0.00000    0.00000    0.00000    0.00000    -0.03881   -0.07675   3.27110    -0.12842   4.22508    36.31346
G-C        0.00000    0.00000    0.00000    0.00000    0.00000    0.00000    -0.01140   -0.29644   3.30239    0.73327    5.58274    32.65508
C-G        0.00000    0.00000    0.00000    0.00000    0.00000    0.00000    0.16025    -0.44885   3.29363    1.92619    3.22862    33.91900
T-A        0.00000    0.00000    0.00000    0.00000    0.00000    0.00000    0.10635    -0.29695   3.31900    2.56076    2.89272    33.58540
C-G        0.00000    0.00000    0.00000    0.00000    0.00000    0.00000    0.16533    -0.09624   3.30949    1.57931    -0.45280   38.04978
G-C        0.00000    0.00000    0.00000    0.00000    0.00000    0.00000    0.06685    0.49835    3.35286    0.54826    1.97973    36.86279
G-C        0.00000    0.00000    0.00000    0.00000    0.00000    0.00000    -0.14372   -0.26645   3.39359    -1.58969   2.02536    35.18483
G-C        0.00000    0.00000    0.00000    0.00000    0.00000    0.00000    -0.27711   -0.28332   3.38434    -2.90292   3.31296    34.68615
A-T        0.00000    0.00000    0.00000    0.00000    0.00000    0.00000    -0.21789   -0.10311   3.28013    -2.45353   2.33528    36.80236
T-A        0.00000    0.00000    0.00000    0.00000    0.00000    0.00000    -0.03622   -0.66488   3.20435    -0.87597   1.99156    30.62264
C-G        0.00000    0.00000    0.00000    0.00000    0.00000    0.00000    -0.05322   -0.07525   3.26597    -0.53229   5.02664    36.04815
C-G        0.00000    0.00000    0.00000    0.00000    0.00000    0.00000    0.08110    -0.30707   3.34872    1.23751    7.73161    33.24202
G-C        0.00000    0.00000    0.00000    0.00000    0.00000    0.00000    0.28503    0.34346    3.36636    3.84267    8.55235    34.59524
C-G        0.00000    0.00000    0.00000    0.00000    0.00000    0.00000    0.24142    -0.43162   3.31107    2.74716    2.37588    34.35952
T-A        0.00000    0.00000    0.00000    0.00000    0.00000    0.00000    0.11850    -0.30605   3.33360    2.67910    1.36279    34.19041
T-A        0.00000    0.00000    0.00000    0.00000    0.00000    0.00000    0.01217    -0.31881   3.26513    0.78599    -4.98469   37.62041
T-A        0.00000    0.00000    0.00000    0.00000    0.00000    0.00000    -0.03284   -0.32444   3.26583    -0.38755   -5.09780   37.65164
A-T        0.00000    0.00000    0.00000    0.00000    0.00000    0.00000    -0.12081   0.75614    3.38865    -2.12079   -5.76289   43.99183
A-T        0.00000    0.00000    0.00000    0.00000    0.00000    0.00000    -0.05467   -0.23439   3.24583    -1.81518   -0.56712   36.56843
C-G        0.00000    0.00000    0.00000    0.00000    0.00000    0.00000    -0.10954   -0.62260   3.23827    -1.32515   3.13143    32.82070
A-T        0.00000    0.00000    0.00000    0.00000    0.00000    0.00000    -0.13136   0.15319    3.37303    -0.96904   9.04516    35.42118
C-G        0.00000    0.00000    0.00000    0.00000    0.00000    0.00000    -0.00964   -0.63063   3.21962    0.66194    4.23425    32.39137
T-A        0.00000    0.00000    0.00000    0.00000    0.00000    0.00000    0.08325    -0.30005   3.30629    2.39964    5.74661    33.28273
T-A        0.00000    0.00000    0.00000    0.00000    0.00000    0.00000    0.05450    -0.22641   3.24295    1.77016    0.01467    36.36416
T-A        0.00000    0.00000    0.00000    0.00000    0.00000    0.00000    0.04224    -0.27980   3.25539    1.70783    -2.75146   37.07459
A-T        0.00000    0.00000    0.00000    0.00000    0.00000    0.00000    0.04996    0.90527    3.39300    1.09454    -8.71534   45.38481
T-A        0.00000    0.00000    0.00000    0.00000    0.00000    0.00000    -0.01911   -0.70532   3.26927    -0.26905   -3.10697   32.39607
G-C        0.00000    0.00000    0.00000    0.00000    0.00000    0.00000    -0.11354   0.37630    3.32403    -1.99385   1.94401    37.66589
C-G        0.00000    0.00000    0.00000    0.00000    0.00000    0.00000    -0.23786   -0.42318   3.31452    -2.68981   2.05632    34.38256
T-A        0.00000    0.00000    0.00000    0.00000    0.00000    0.00000    -0.04115   -0.29621   3.30906    -2.04574   4.83391    32.88594
T-A        0.00000    0.00000    0.00000    0.00000    0.00000    0.00000    -0.03419   -0.17847   3.22346    -1.01823   3.45770    34.83106
C-G        0.00000    0.00000    0.00000    0.00000    0.00000    0.00000    0.04642    -0.07254   3.26320    0.31358    4.95225    36.05482
C-G        0.00000    0.00000    0.00000    0.00000    0.00000    0.00000    0.21321    -0.31757   3.35809    2.09628    7.01045    33.49054
G-C        0.00000    0.00000    0.00000    0.00000    0.00000    0.00000    0.31479    0.32418    3.36934    3.99487    7.23230    35.06811
T-A        0.00000    0.00000    0.00000    0.00000    0.00000    0.00000    0.07663    -0.64376   3.28571    1.39741    0.77985    33.17397
C-G        0.00000    0.00000    0.00000    0.00000    0.00000    0.00000    0.11548    -0.11751   3.31675    1.29329    -0.70288   38.23348
A-T        0.00000    0.00000    0.00000    0.00000    0.00000    0.00000    -0.07647   0.39175    3.32325    -0.26270   1.38141    38.10914
T-A        0.00000    0.00000    0.00000    0.00000    0.00000    0.00000    -0.03434   -0.69249   3.25660    -0.59273   -2.04171   32.11151
G-C        0.00000    0.00000    0.00000    0.00000    0.00000    0.00000    -0.10478   0.33521    3.33744    -1.98349   3.83285    37.00382
T-A        0.00000    0.00000    0.00000    0.00000    0.00000    0.00000    -0.04348   -0.63198   3.26232    -1.56854   2.05860    32.71881
T-A        0.00000    0.00000    0.00000    0.00000    0.00000    0.00000    -0.03196   -0.19207   3.23273    -0.92459   1.99718    35.49034
A-T        0.00000    0.00000    0.00000    0.00000    0.00000    0.00000    0.03057    0.04373    3.35407    -0.09853   7.19794    36.55015
T-A        0.00000    0.00000    0.00000    0.00000    0.00000    0.00000    0.03174    -0.66545   3.21131    0.41440    1.59096    30.90529
A-T        0.00000    0.00000    0.00000    0.00000    0.00000    0.00000    0.10616    0.17106    3.36606    1.48040    3.56989    38.39260
A-T        0.00000    0.00000    0.00000    0.00000    0.00000    0.00000    0.05559    -0.26836   3.24787    1.10421    -1.00143   36.28732
C-G        0.00000    0.00000    0.00000    0.00000    0.00000    0.00000    0.01120    -0.65997   3.30054    0.96031    0.32890    33.18818
G-C        0.00000    0.00000    0.00000    0.00000    0.00000    0.00000    -0.01082   0.44528    3.35983    0.22179    3.37779    36.37807
G-C        0.00000    0.00000    0.00000    0.00000    0.00000    0.00000    -0.16130   -0.24978   3.38493    -1.18265   2.97297    34.89631
A-T        0.00000    0.00000    0.00000    0.00000    0.00000    0.00000    -0.13746   -0.08198   3.29851    -1.31043   0.91744    37.56791
G-C        0.00000    0.00000    0.00000    0.00000    0.00000    0.00000    -0.07021   -0.29246   3.31394    -1.70115   3.76687    33.31367
C-G        0.00000    0.00000    0.00000    0.00000    0.00000    0.00000    -0.05615   -0.45107   3.29323    -0.80857   3.30215    33.89577
T-A        0.00000    0.00000    0.00000    0.00000    0.00000    0.00000    0.05041    -0.30065   3.30853    0.23523    4.88715    32.89401
C-G        0.00000    0.00000    0.00000    0.00000    0.00000    0.00000    0.08202    -0.08884   3.28322    0.59033    2.92337    36.79045
G-C        0.00000    0.00000    0.00000    0.00000    0.00000    0.00000    0.15043    0.33468    3.36892    1.67158    6.87542    35.09564
T-A        0.00000    0.00000    0.00000    0.00000    0.00000    0.00000    0.05185    -0.65133   3.27542    0.47225    1.39894    32.84390
A-T        0.00000    0.00000    0.00000    0.00000    0.00000    0.00000    0.01749    0.41921    3.37738    0.56676    -1.24550   40.88150
T-A        0.00000    0.00000    0.00000    0.00000    0.00000    0.00000    -0.01801   -0.69206   3.24449    0.05582    -1.00003   31.64585
A-T        0.00000    0.00000    0.00000    0.00000    0.00000    0.00000    -0.06023   0.51878    3.37575    -0.36708   -1.73745   41.28889
A-T        0.00000    0.00000    0.00000    0.00000    0.00000    0.00000    -0.01252   -0.24645   3.24743    -0.40288   -0.96177   36.27554
T-A        0.00000    0.00000    0.00000    0.00000    0.00000    0.00000    -0.01316   -0.67118   3.23074    -0.24781   -0.00961   31.39086
G-C        0.00000    0.00000    0.00000    0.00000    0.00000    0.00000    0.04415    0.28573    3.34718    -0.24198   5.58207    36.29541
T-A        0.00000    0.00000    0.00000    0.00000    0.00000    0.00000    0.04433    -0.62954   3.26260    -0.18601   1.93787    32.69964
G-C        0.00000    0.00000    0.00000    0.00000    0.00000    0.00000    0.10830    0.23865    3.34993    0.33169    5.55905    36.25933
T-A        0.00000    0.00000    0.00000    0.00000    0.00000    0.00000    0.05485    -0.64656   3.27248    0.01601    1.58250    32.80712
C-G        0.00000    0.00000    0.00000    0.00000    0.00000    0.00000    0.04667    -0.11447   3.30170    0.23273    1.44059    37.38746
G-C        0.00000    0.00000    0.00000    0.00000    0.00000    0.00000    -0.01146   0.35354    3.37011    -0.08658   5.70551    35.53803
A-T        0.00000    0.00000    0.00000    0.00000    0.00000    0.00000    -0.05730   -0.11025   3.30028    -0.29972   1.51938    37.35726
C-G        0.00000    0.00000    0.00000    0.00000    0.00000    0.00000    -0.05895   -0.64175   3.26980    -0.00416   1.67091    32.78083
C-G        0.00000    0.00000    0.00000    0.00000    0.00000    0.00000    -0.05120   -0.28475   3.37363    -0.17715   5.01205    34.21986
A-T        0.00000    0.00000    0.00000    0.00000    0.00000    0.00000    -0.06701   0.27783    3.34787    0.03336    5.64526    36.27288
A-T        0.00000    0.00000    0.00000    0.00000    0.00000    0.00000    0.02754    -0.22538   3.24332    0.30059    -0.07166   36.04814
A-T        0.00000    0.00000    0.00000    0.00000    0.00000    0.00000    0.04430    -0.23846   3.24586    0.40862    -0.63183   36.18581
T-A        0.00000    0.00000    0.00000    0.00000    0.00000    0.00000    0.02782    -0.68225   3.23897    0.23265    -0.63978   31.54004
G-C        0.00000    0.00000    0.00000    0.00000    0.00000    0.00000    -0.52900   -0.91300   3.45600    -1.68800   -11.71000  37.48700
T-A        0.00000    0.00000    0.00000    0.00000    0.00000    0.00000    -0.90400   -1.56500   3.20800    -2.31200   -8.23700   32.15000
G-C        0.00000    0.00000    0.00000    0.00000    0.00000    0.00000    -0.37800   -0.59700   3.22500    -2.12800   -0.59300   39.45200
A-T        0.00000    0.00000    0.00000    0.00000    0.00000    0.00000    0.13400    -1.01800   3.05000    2.62000    -6.08100   32.09400
G-C        0.00000    0.00000    0.00000    0.00000    0.00000    0.00000    0.92900    -0.52700   2.87900    -1.17000   -8.55900   33.48800
C-G        0.00000    0.00000    0.00000    0.00000    0.00000    0.00000    -0.67600   -0.12300   3.12600    12.51100   -5.63500   33.19900
G-C        0.00000    0.00000    0.00000    0.00000    0.00000    0.00000    0.04800    1.55200    5.41000    0.17000    60.13600   13.23400
C-G        0.00000    0.00000    0.00000    0.00000    0.00000    0.00000    0.71600    -0.08600   3.08800    -11.70500  -4.91800   33.29500
T-A        0.00000    0.00000    0.00000    0.00000    0.00000    0.00000    -0.96000   -0.48300   2.89500    0.90300    -7.59500   33.59800
C-G        0.00000    0.00000    0.00000    0.00000    0.00000    0.00000    -0.12000   -0.98300   3.10400    -2.85000   -6.36700   31.79800
A-T        0.00000    0.00000    0.00000    0.00000    0.00000    0.00000    0.32300    -0.59400   3.18200    1.62100    -0.34800   39.44400
C-G        0.00000    0.00000    0.00000    0.00000    0.00000    0.00000    0.92900    -1.59400   3.28000    2.06500    -8.65200   31.93200
A-T        0.00000    0.00000    0.00000    0.00000    0.00000    0.00000    0.27000    -1.09600   3.26900    -0.64700   -9.99800   39.98900
