147 # base pairs
  0 # ***local base-pair & step parameters***
#          Shear      Stretch    Stagger    Buckle     Prop-Tw    Opening    Shift      Slide      Rise       Tilt       Roll       Twist
T-A        0.00000    0.00000    0.00000    0.00000    0.00000    0.00000    0.00000    0.00000    0.00000    0.00000    0.00000    0.00000
G-C        0.00000    0.00000    0.00000    0.00000    0.00000    0.00000    -0.52900   -0.91400   3.45700    -1.68900   -11.71200  37.48600
T-A        0.00000    0.00000    0.00000    0.00000    0.00000    0.00000    -0.90500   -1.56600   3.20600    -2.28600   -8.20700   32.14700
G-C        0.00000    0.00000    0.00000    0.00000    0.00000    0.00000    -0.37800   -0.59600   3.22500    -2.16700   -0.60300   39.43900
A-T        0.00000    0.00000    0.00000    0.00000    0.00000    0.00000    0.13400    -1.01800   3.05000    2.61000    -6.09300   32.09300
G-C        0.00000    0.00000    0.00000    0.00000    0.00000    0.00000    0.92900    -0.52800   2.87800    -1.17000   -8.57000   33.49400
C-G        0.00000    0.00000    0.00000    0.00000    0.00000    0.00000    -0.67600   -0.12200   3.12700    12.55900   -5.64700   33.21100
G-C        0.00000    0.00000    0.00000    0.00000    0.00000    0.00000    0.04900    1.55300    5.41000    0.14200    60.15100   13.21000
C-G        0.00000    0.00000    0.00000    0.00000    0.00000    0.00000    0.71500    -0.08700   3.08800    -11.72400  -4.90600   33.28700
T-A        0.00000    0.00000    0.00000    0.00000    0.00000    0.00000    -0.96000   -0.48500   2.89400    0.89600    -7.58500   33.58500
C-G        0.00000    0.00000    0.00000    0.00000    0.00000    0.00000    -0.12000   -0.98300   3.10600    -2.86200   -6.42300   31.82500
A-T        0.00000    0.00000    0.00000    0.00000    0.00000    0.00000    0.32200    -0.59300   3.18200    1.65600    -0.34900   39.43600
C-G        0.00000    0.00000    0.00000    0.00000    0.00000    0.00000    0.92900    -1.59300   3.28000    2.06100    -8.65300   31.94300
A-T        0.00000    0.00000    0.00000    0.00000    0.00000    0.00000    0.27000    -1.09600   3.26800    -0.64500   -9.98900   39.97000
A-T        0.00000    0.00000    0.00000    0.00000    0.00000    0.00000    0.04017    -0.04398   3.25164    -0.00383   2.30611    36.75938
T-A        0.00000    0.00000    0.00000    0.00000    0.00000    0.00000    0.01930    -0.74423   3.30840    0.23276    -1.92110   33.73620
T-A        0.00000    0.00000    0.00000    0.00000    0.00000    0.00000    0.00255    -0.38694   3.26233    0.54497    -2.20943   36.75099
T-A        0.00000    0.00000    0.00000    0.00000    0.00000    0.00000    0.00512    -0.25724   3.27380    0.35345    -1.10670   36.21051
A-T        0.00000    0.00000    0.00000    0.00000    0.00000    0.00000    0.02804    0.33189    3.48359    0.53482    -4.12780   44.26634
T-A        0.00000    0.00000    0.00000    0.00000    0.00000    0.00000    -0.08003   -0.67554   3.28197    -0.37485   -2.95311   33.23364
T-A        0.00000    0.00000    0.00000    0.00000    0.00000    0.00000    -0.00491   -0.23617   3.24854    0.68443    -2.46003   37.60966
C-G        0.00000    0.00000    0.00000    0.00000    0.00000    0.00000    -0.05222   0.04213    3.30822    -0.10802   1.35007    37.48636
G-C        0.00000    0.00000    0.00000    0.00000    0.00000    0.00000    -0.18328   0.61086    3.35297    -2.07166   9.03097    34.22400
C-G        0.00000    0.00000    0.00000    0.00000    0.00000    0.00000    -0.14724   -0.42384   3.25885    -1.35006   3.27426    31.96869
A-T        0.00000    0.00000    0.00000    0.00000    0.00000    0.00000    -0.08930   0.52249    3.31446    -0.88474   4.75934    36.74689
A-T        0.00000    0.00000    0.00000    0.00000    0.00000    0.00000    0.08110    -0.13750   3.28157    0.46404    1.27591    35.90550
A-T        0.00000    0.00000    0.00000    0.00000    0.00000    0.00000    -0.03993   -0.34710   3.24986    -0.02494   -0.55925   36.18501
G-C        0.00000    0.00000    0.00000    0.00000    0.00000    0.00000    0.00528    -0.49308   3.36687    0.52411    3.19939    33.37324
G-C        0.00000    0.00000    0.00000    0.00000    0.00000    0.00000    0.02787    -0.34054   3.45122    0.20650    3.29927    36.50542
C-G        0.00000    0.00000    0.00000    0.00000    0.00000    0.00000    0.01672    -0.35940   3.28225    0.35343    2.42392    35.07808
C-G        0.00000    0.00000    0.00000    0.00000    0.00000    0.00000    -0.25714   -0.21576   3.36792    -0.31289   3.31219    34.91134
G-C        0.00000    0.00000    0.00000    0.00000    0.00000    0.00000    -0.06800   0.39940    3.11520    -0.40733   5.39087    32.65800
G-C        0.00000    0.00000    0.00000    0.00000    0.00000    0.00000    0.17833    -0.18835   3.35588    -0.24322   3.73347    34.96500
C-G        0.00000    0.00000    0.00000    0.00000    0.00000    0.00000    -0.04034   -0.34930   3.27652    -0.45326   2.80251    34.97700
C-G        0.00000    0.00000    0.00000    0.00000    0.00000    0.00000    0.27252    -0.31854   3.39487    0.17953    3.71907    35.11408
C-G        0.00000    0.00000    0.00000    0.00000    0.00000    0.00000    0.08752    -0.24954   3.38811    1.53329    3.61051    35.60357
G-C        0.00000    0.00000    0.00000    0.00000    0.00000    0.00000    -0.21529   0.93571    3.32729    -1.22309   3.79565    35.42447
A-T        0.00000    0.00000    0.00000    0.00000    0.00000    0.00000    -0.07764   -0.06194   3.19258    -0.61711   0.06975    36.84922
C-G        0.00000    0.00000    0.00000    0.00000    0.00000    0.00000    0.09879    -0.50241   3.18081    0.25289    2.65227    32.32344
A-T        0.00000    0.00000    0.00000    0.00000    0.00000    0.00000    0.04437    -0.03927   3.39407    -0.44740   4.07779    37.23884
C-G        0.00000    0.00000    0.00000    0.00000    0.00000    0.00000    0.16300    -0.50242   3.28135    0.21700    2.59407    32.28157
G-C        0.00000    0.00000    0.00000    0.00000    0.00000    0.00000    0.01448    0.52330    3.31339    0.76638    3.88427    37.59719
A-T        0.00000    0.00000    0.00000    0.00000    0.00000    0.00000    -0.06332   -0.04905   3.19384    -0.42947   -0.18275   37.00801
C-G        0.00000    0.00000    0.00000    0.00000    0.00000    0.00000    -0.09040   -0.61756   3.25448    0.52748    2.54337    33.19023
T-A        0.00000    0.00000    0.00000    0.00000    0.00000    0.00000    0.02340    -0.67767   3.55340    -0.20097   2.14975    36.20371
T-A        0.00000    0.00000    0.00000    0.00000    0.00000    0.00000    -0.00946   -0.23759   3.21602    -1.02990   -1.02659   33.91513
A-T        0.00000    0.00000    0.00000    0.00000    0.00000    0.00000    0.04363    0.38885    3.38713    -0.10747   -0.60836   41.54884
C-G        0.00000    0.00000    0.00000    0.00000    0.00000    0.00000    -0.02824   -0.69289   3.27565    -0.06364   1.47536    33.06884
T-A        0.00000    0.00000    0.00000    0.00000    0.00000    0.00000    -0.00520   -0.41333   3.37428    -0.27337   4.77547    33.49476
G-C        0.00000    0.00000    0.00000    0.00000    0.00000    0.00000    0.02437    0.00665    3.39784    -1.00053   7.73853    35.60260
T-A        0.00000    0.00000    0.00000    0.00000    0.00000    0.00000    -0.00858   -0.53295   3.17400    0.06579    3.00521    31.61476
A-T        0.00000    0.00000    0.00000    0.00000    0.00000    0.00000    0.04994    0.30868    3.36995    0.91211    4.65563    38.36630
G-C        0.00000    0.00000    0.00000    0.00000    0.00000    0.00000    -0.20304   -0.14699   3.25231    0.62274    5.51029    32.43237
G-C        0.00000    0.00000    0.00000    0.00000    0.00000    0.00000    0.08638    -0.68928   3.53100    1.19108    4.55605    35.68076
T-A        0.00000    0.00000    0.00000    0.00000    0.00000    0.00000    0.13890    -0.48981   3.26091    0.92946    -0.17710   32.56015
A-T        0.00000    0.00000    0.00000    0.00000    0.00000    0.00000    0.02724    -0.31292   3.38768    0.49166    0.62543    38.38184
T-A        0.00000    0.00000    0.00000    0.00000    0.00000    0.00000    -0.03203   -0.73633   3.22468    -0.27215   -2.17328   32.91658
C-G        0.00000    0.00000    0.00000    0.00000    0.00000    0.00000    0.08423    -0.28438   3.38899    -1.06342   -0.26396   39.91257
T-A        0.00000    0.00000    0.00000    0.00000    0.00000    0.00000    0.09784    -0.32226   3.35884    -0.83084   3.32287    33.50132
C-G        0.00000    0.00000    0.00000    0.00000    0.00000    0.00000    -0.12322   -0.03797   3.39560    -1.01921   2.28613    37.10758
G-C        0.00000    0.00000    0.00000    0.00000    0.00000    0.00000    -0.08653   0.53273    3.34441    -1.33846   12.72850   32.42157
A-T        0.00000    0.00000    0.00000    0.00000    0.00000    0.00000    -0.10361   0.11637    3.32238    -1.55088   3.72833    36.27783
G-C        0.00000    0.00000    0.00000    0.00000    0.00000    0.00000    0.05881    -0.22248   3.33081    0.83616    4.66156    32.77531
C-G        0.00000    0.00000    0.00000    0.00000    0.00000    0.00000    0.10450    -0.47547   3.40167    1.48043    2.10945    36.45894
T-A        0.00000    0.00000    0.00000    0.00000    0.00000    0.00000    0.07513    -0.05653   3.31101    2.73298    0.74589    34.15744
C-G        0.00000    0.00000    0.00000    0.00000    0.00000    0.00000    0.23642    0.34137    3.28813    2.79984    -0.47803   38.97072
G-C        0.00000    0.00000    0.00000    0.00000    0.00000    0.00000    0.16888    1.27804    3.40095    0.98776    0.52746    37.50731
G-C        0.00000    0.00000    0.00000    0.00000    0.00000    0.00000    -0.11830   -0.20001   3.42489    -1.80785   3.27726    35.89147
T-A        0.00000    0.00000    0.00000    0.00000    0.00000    0.00000    0.16858    -0.85142   3.20923    -1.42221   2.32999    32.93995
C-G        0.00000    0.00000    0.00000    0.00000    0.00000    0.00000    -0.06425   0.01430    3.22889    -1.22793   3.41988    35.00106
A-T        0.00000    0.00000    0.00000    0.00000    0.00000    0.00000    -0.45554   0.20308    3.37931    -1.45816   8.35419    34.96058
T-A        0.00000    0.00000    0.00000    0.00000    0.00000    0.00000    -0.02779   -0.47054   3.21661    -0.04617   5.21573    30.51193
G-C        0.00000    0.00000    0.00000    0.00000    0.00000    0.00000    0.04738    -0.04638   3.49493    1.35297    9.29714    37.09580
T-A        0.00000    0.00000    0.00000    0.00000    0.00000    0.00000    0.08000    -0.60229   3.32595    2.08253    1.38661    33.50151
T-A        0.00000    0.00000    0.00000    0.00000    0.00000    0.00000    0.03970    -0.17801   3.21928    2.68885    -1.54984   36.02905
A-T        0.00000    0.00000    0.00000    0.00000    0.00000    0.00000    0.10613    0.44252    3.50683    1.49505    -7.36152   45.97939
T-A        0.00000    0.00000    0.00000    0.00000    0.00000    0.00000    0.01465    -0.69489   3.23101    0.11979    -3.60730   31.60734
A-T        0.00000    0.00000    0.00000    0.00000    0.00000    0.00000    -0.07662   0.40264    3.51803    -1.26566   -8.10895   46.41181
A-T        0.00000    0.00000    0.00000    0.00000    0.00000    0.00000    -0.03396   -0.18920   3.22671    -2.81797   -2.24108   36.28997
C-G        0.00000    0.00000    0.00000    0.00000    0.00000    0.00000    -0.17104   -0.63147   3.31992    -2.24010   1.45913    34.04684
G-C        0.00000    0.00000    0.00000    0.00000    0.00000    0.00000    0.00549    0.34813    3.24710    -3.43899   11.34729   32.30106
G-C        0.00000    0.00000    0.00000    0.00000    0.00000    0.00000    0.36233    -0.12157   3.25894    1.77564    9.47129    31.91903
A-T        0.00000    0.00000    0.00000    0.00000    0.00000    0.00000    0.22366    0.06123    3.23139    2.13601    4.48596    36.18996
G-C        0.00000    0.00000    0.00000    0.00000    0.00000    0.00000    -0.05961   -0.28998   3.33128    1.47797    5.07376    32.32633
A-T        0.00000    0.00000    0.00000    0.00000    0.00000    0.00000    -0.06677   -0.31278   3.37240    2.01154    0.01751    39.30648
T-A        0.00000    0.00000    0.00000    0.00000    0.00000    0.00000    0.02935    -0.61536   3.25986    0.88892    -0.28532   32.35520
C-G        0.00000    0.00000    0.00000    0.00000    0.00000    0.00000    0.08846    -0.33119   3.39153    0.16538    -3.05827   38.97786
C-G        0.00000    0.00000    0.00000    0.00000    0.00000    0.00000    -0.13056   -0.15328   3.30252    -1.30691   3.56758    33.06587
G-C        0.00000    0.00000    0.00000    0.00000    0.00000    0.00000    -0.06470   0.47321    3.27714    -2.53106   3.83999    35.84357
C-G        0.00000    0.00000    0.00000    0.00000    0.00000    0.00000    -0.27546   -0.50356   3.42251    -3.10118   1.17495    35.32126
T-A        0.00000    0.00000    0.00000    0.00000    0.00000    0.00000    -0.21563   -0.43312   3.41205    -1.70139   4.20981    34.77867
T-A        0.00000    0.00000    0.00000    0.00000    0.00000    0.00000    0.05845    -0.36167   3.21899    -0.72754   2.67621    34.65497
T-A        0.00000    0.00000    0.00000    0.00000    0.00000    0.00000    0.02199    -0.08416   3.22333    0.09276    5.37487    33.95444
A-T        0.00000    0.00000    0.00000    0.00000    0.00000    0.00000    0.18880    0.19243    3.37513    1.77385    8.60799    36.03692
A-T        0.00000    0.00000    0.00000    0.00000    0.00000    0.00000    0.07515    -0.23415   3.18802    2.11983    0.95384    35.41211
C-G        0.00000    0.00000    0.00000    0.00000    0.00000    0.00000    0.07927    -0.62759   3.34494    1.86116    -1.94607   34.26209
A-T        0.00000    0.00000    0.00000    0.00000    0.00000    0.00000    0.12488    -0.02827   3.37200    -0.27440   0.55109    38.12499
C-G        0.00000    0.00000    0.00000    0.00000    0.00000    0.00000    0.01314    -0.74547   3.34027    -0.57285   -0.62490   32.84233
T-A        0.00000    0.00000    0.00000    0.00000    0.00000    0.00000    0.01010    -0.74268   3.54923    -1.88490   0.45839    35.33340
T-A        0.00000    0.00000    0.00000    0.00000    0.00000    0.00000    0.02918    -0.36622   3.23706    -0.98360   -1.24556   35.84053
T-A        0.00000    0.00000    0.00000    0.00000    0.00000    0.00000    -0.05011   -0.15446   3.25073    -1.02025   2.37038    34.96802
A-T        0.00000    0.00000    0.00000    0.00000    0.00000    0.00000    0.02137    0.26050    3.32571    -1.05020   6.04412    35.54897
T-A        0.00000    0.00000    0.00000    0.00000    0.00000    0.00000    0.01386    -0.72140   3.12518    0.30087    4.35919    28.44372
G-C        0.00000    0.00000    0.00000    0.00000    0.00000    0.00000    0.02296    -0.26105   3.32957    0.61210    6.52486    37.24061
C-G        0.00000    0.00000    0.00000    0.00000    0.00000    0.00000    0.23503    -0.42474   3.29146    0.79212    2.52355    34.01024
T-A        0.00000    0.00000    0.00000    0.00000    0.00000    0.00000    0.42191    -0.44336   3.46591    4.30066    0.73844    35.70010
T-A        0.00000    0.00000    0.00000    0.00000    0.00000    0.00000    0.02694    -0.26416   3.21631    0.86800    0.30598    35.31105
C-G        0.00000    0.00000    0.00000    0.00000    0.00000    0.00000    0.04305    -0.23860   3.38718    -0.03548   -1.22388   38.29466
C-G        0.00000    0.00000    0.00000    0.00000    0.00000    0.00000    -0.27546   -0.11887   3.28862    -1.92587   5.28212    32.80084
G-C        0.00000    0.00000    0.00000    0.00000    0.00000    0.00000    -0.23944   0.36748    3.09328    -2.20430   5.52431    31.96701
G-C        0.00000    0.00000    0.00000    0.00000    0.00000    0.00000    0.07349    -0.20916   3.33234    -1.43601   4.75210    34.48364
C-G        0.00000    0.00000    0.00000    0.00000    0.00000    0.00000    0.10539    -0.57988   3.29131    -0.75906   3.18718    34.07531
T-A        0.00000    0.00000    0.00000    0.00000    0.00000    0.00000    -0.02866   -0.25632   3.31341    0.28485    4.66452    32.15677
C-G        0.00000    0.00000    0.00000    0.00000    0.00000    0.00000    0.23618    0.16383    3.27696    2.96998    3.56985    35.71162
G-C        0.00000    0.00000    0.00000    0.00000    0.00000    0.00000    0.10554    0.49879    3.29785    1.70764    4.69816    36.30290
T-A        0.00000    0.00000    0.00000    0.00000    0.00000    0.00000    0.26060    -0.71793   3.27040    0.37057    2.25893    32.97635
A-T        0.00000    0.00000    0.00000    0.00000    0.00000    0.00000    0.00448    -0.44521   3.38117    0.87224    2.25318    36.75700
T-A        0.00000    0.00000    0.00000    0.00000    0.00000    0.00000    -0.02698   -0.71275   3.20812    0.05541    -1.53390   31.20286
A-T        0.00000    0.00000    0.00000    0.00000    0.00000    0.00000    -0.07549   0.34513    3.43660    -0.13096   -2.23983   41.58076
A-T        0.00000    0.00000    0.00000    0.00000    0.00000    0.00000    -0.05757   -0.32786   3.23615    -0.61297   0.74458    35.23439
T-A        0.00000    0.00000    0.00000    0.00000    0.00000    0.00000    -0.00156   -0.63647   3.27185    -0.24190   0.02830    31.95251
G-C        0.00000    0.00000    0.00000    0.00000    0.00000    0.00000    -0.03175   -0.10258   3.47087    -0.92887   5.29474    37.32341
T-A        0.00000    0.00000    0.00000    0.00000    0.00000    0.00000    0.08880    -0.48948   3.24117    0.00416    1.30027    31.05619
G-C        0.00000    0.00000    0.00000    0.00000    0.00000    0.00000    0.01894    -0.05062   3.36736    0.86975    4.61254    36.25460
T-A        0.00000    0.00000    0.00000    0.00000    0.00000    0.00000    -0.07472   -0.50599   3.18045    0.13799    2.57065    31.91064
C-G        0.00000    0.00000    0.00000    0.00000    0.00000    0.00000    0.11596    -0.06374   3.17885    1.03511    -0.11902   36.46948
G-C        0.00000    0.00000    0.00000    0.00000    0.00000    0.00000    -0.00838   0.54126    3.29423    0.02616    7.24762    33.08592
A-T        0.00000    0.00000    0.00000    0.00000    0.00000    0.00000    -0.12052   -0.06187   3.17843    -1.02246   -0.11444   36.47531
C-G        0.00000    0.00000    0.00000    0.00000    0.00000    0.00000    -0.16002   -0.79211   3.21091    -0.26064   2.44596    32.51219
C-G        0.00000    0.00000    0.00000    0.00000    0.00000    0.00000    0.09062    -0.46788   3.37833    0.37911    6.39685    32.45761
A-T        0.00000    0.00000    0.00000    0.00000    0.00000    0.00000    -0.02695   0.78329    3.32030    -0.49581   5.16744    36.25554
A-T        0.00000    0.00000    0.00000    0.00000    0.00000    0.00000    0.08052    -0.14546   3.27925    0.57185    0.64217    35.60591
A-T        0.00000    0.00000    0.00000    0.00000    0.00000    0.00000    0.01325    -0.37959   3.26411    0.24091    -2.55510   36.60144
T-A        0.00000    0.00000    0.00000    0.00000    0.00000    0.00000    0.04284    -0.67660   3.27644    0.44786    -0.59031   32.03523
G-C        0.00000    0.00000    0.00000    0.00000    0.00000    0.00000    -0.52900   -0.91300   3.45600    -1.68800   -11.71000  37.48700
T-A        0.00000    0.00000    0.00000    0.00000    0.00000    0.00000    -0.90400   -1.56500   3.20800    -2.31200   -8.23700   32.15000
G-C        0.00000    0.00000    0.00000    0.00000    0.00000    0.00000    -0.37800   -0.59700   3.22500    -2.12800   -0.59300   39.45200
A-T        0.00000    0.00000    0.00000    0.00000    0.00000    0.00000    0.13400    -1.01800   3.05000    2.62000    -6.08100   32.09400
G-C        0.00000    0.00000    0.00000    0.00000    0.00000    0.00000    0.92900    -0.52700   2.87900    -1.17000   -8.55900   33.48800
C-G        0.00000    0.00000    0.00000    0.00000    0.00000    0.00000    -0.67600   -0.12300   3.12600    12.51100   -5.63500   33.19900
G-C        0.00000    0.00000    0.00000    0.00000    0.00000    0.00000    0.04800    1.55200    5.41000    0.17000    60.13600   13.23400
C-G        0.00000    0.00000    0.00000    0.00000    0.00000    0.00000    0.71600    -0.08600   3.08800    -11.70500  -4.91800   33.29500
T-A        0.00000    0.00000    0.00000    0.00000    0.00000    0.00000    -0.96000   -0.48300   2.89500    0.90300    -7.59500   33.59800
C-G        0.00000    0.00000    0.00000    0.00000    0.00000    0.00000    -0.12000   -0.98300   3.10400    -2.85000   -6.36700   31.79800
A-T        0.00000    0.00000    0.00000    0.00000    0.00000    0.00000    0.32300    -0.59400   3.18200    1.62100    -0.34800   39.44400
C-G        0.00000    0.00000    0.00000    0.00000    0.00000    0.00000    0.92900    -1.59400   3.28000    2.06500    -8.65200   31.93200
A-T        0.00000    0.00000    0.00000    0.00000    0.00000    0.00000    0.27000    -1.09600   3.26900    -0.64700   -9.99800   39.98900
