147 # base pairs
  0 # ***local base-pair & step parameters***
#          Shear      Stretch    Stagger    Buckle     Prop-Tw    Opening    Shift      Slide      Rise       Tilt       Roll       Twist
T-A        0.00000    0.00000    0.00000    0.00000    0.00000    0.00000    0.00000    0.00000    0.00000    0.00000    0.00000    0.00000
G-C        0.00000    0.00000    0.00000    0.00000    0.00000    0.00000    -0.52900   -0.91400   3.45700    -1.68900   -11.71200  37.48600
T-A        0.00000    0.00000    0.00000    0.00000    0.00000    0.00000    -0.90500   -1.56600   3.20600    -2.28600   -8.20700   32.14700
G-C        0.00000    0.00000    0.00000    0.00000    0.00000    0.00000    -0.37800   -0.59600   3.22500    -2.16700   -0.60300   39.43900
A-T        0.00000    0.00000    0.00000    0.00000    0.00000    0.00000    0.13400    -1.01800   3.05000    2.61000    -6.09300   32.09300
G-C        0.00000    0.00000    0.00000    0.00000    0.00000    0.00000    0.92900    -0.52800   2.87800    -1.17000   -8.57000   33.49400
C-G        0.00000    0.00000    0.00000    0.00000    0.00000    0.00000    -0.67600   -0.12200   3.12700    12.55900   -5.64700   33.21100
G-C        0.00000    0.00000    0.00000    0.00000    0.00000    0.00000    0.04900    1.55300    5.41000    0.14200    60.15100   13.21000
C-G        0.00000    0.00000    0.00000    0.00000    0.00000    0.00000    0.71500    -0.08700   3.08800    -11.72400  -4.90600   33.28700
T-A        0.00000    0.00000    0.00000    0.00000    0.00000    0.00000    -0.96000   -0.48500   2.89400    0.89600    -7.58500   33.58500
C-G        0.00000    0.00000    0.00000    0.00000    0.00000    0.00000    -0.12000   -0.98300   3.10600    -2.86200   -6.42300   31.82500
A-T        0.00000    0.00000    0.00000    0.00000    0.00000    0.00000    0.32200    -0.59300   3.18200    1.65600    -0.34900   39.43600
C-G        0.00000    0.00000    0.00000    0.00000    0.00000    0.00000    0.92900    -1.59300   3.28000    2.06100    -8.65300   31.94300
A-T        0.00000    0.00000    0.00000    0.00000    0.00000    0.00000    0.27000    -1.09600   3.26800    -0.64500   -9.98900   39.97000
A-T        0.00000    0.00000    0.00000    0.00000    0.00000    0.00000    0.03808    -0.18993   3.23742    0.10198    1.77434    35.91799
T-A        0.00000    0.00000    0.00000    0.00000    0.00000    0.00000    0.03401    -0.66924   3.22184    0.38628    1.01869    31.36866
T-A        0.00000    0.00000    0.00000    0.00000    0.00000    0.00000    0.02819    -0.23871   3.24569    0.83028    0.03080    36.32650
T-A        0.00000    0.00000    0.00000    0.00000    0.00000    0.00000    0.01138    -0.26592   3.25197    0.85080    -1.35270   36.68311
A-T        0.00000    0.00000    0.00000    0.00000    0.00000    0.00000    0.00409    0.58378    3.38963    0.66133    -3.41173   42.67132
T-A        0.00000    0.00000    0.00000    0.00000    0.00000    0.00000    -0.02680   -0.69129   3.25281    0.00650    -1.52613   32.04567
T-A        0.00000    0.00000    0.00000    0.00000    0.00000    0.00000    -0.05354   -0.25818   3.25575    -0.37190   -2.19798   36.97953
C-G        0.00000    0.00000    0.00000    0.00000    0.00000    0.00000    -0.06945   -0.07095   3.31305    -0.90696   0.97155    38.03473
G-C        0.00000    0.00000    0.00000    0.00000    0.00000    0.00000    -0.11049   0.44707    3.37485    -1.52027   6.01561    35.87153
C-G        0.00000    0.00000    0.00000    0.00000    0.00000    0.00000    -0.02300   -0.44220   3.30765    -0.54028   2.89974    34.33408
A-T        0.00000    0.00000    0.00000    0.00000    0.00000    0.00000    -0.02467   0.24268    3.35812    -0.16386   6.20860    36.33261
A-T        0.00000    0.00000    0.00000    0.00000    0.00000    0.00000    0.04366    -0.22768   3.24314    0.24799    0.51494    36.03650
A-T        0.00000    0.00000    0.00000    0.00000    0.00000    0.00000    0.04164    -0.24542   3.24588    0.43253    -0.03788   36.16550
G-C        0.00000    0.00000    0.00000    0.00000    0.00000    0.00000    -0.01015   -0.33675   3.33390    0.20127    3.21841    33.67937
G-C        0.00000    0.00000    0.00000    0.00000    0.00000    0.00000    -0.00754   -0.31838   3.39079    0.21817    4.17909    34.66638
C-G        0.00000    0.00000    0.00000    0.00000    0.00000    0.00000    -0.03837   -0.43802   3.32658    -0.06600   2.01447    34.64601
C-G        0.00000    0.00000    0.00000    0.00000    0.00000    0.00000    -0.06237   -0.26981   3.38294    -0.24548   4.25562    34.74738
G-C        0.00000    0.00000    0.00000    0.00000    0.00000    0.00000    -0.06394   0.44200    3.37320    -0.54219   5.73056    35.90128
G-C        0.00000    0.00000    0.00000    0.00000    0.00000    0.00000    -0.04112   -0.23220   3.37406    -0.35949   4.66835    34.64229
C-G        0.00000    0.00000    0.00000    0.00000    0.00000    0.00000    0.02063    -0.42957   3.31317    0.04644    2.49675    34.44795
C-G        0.00000    0.00000    0.00000    0.00000    0.00000    0.00000    0.07949    -0.25638   3.37819    0.40122    4.61033    34.60812
C-G        0.00000    0.00000    0.00000    0.00000    0.00000    0.00000    0.08235    -0.28266   3.38355    0.38501    4.44120    34.62092
G-C        0.00000    0.00000    0.00000    0.00000    0.00000    0.00000    0.02599    0.37025    3.37737    0.00082    5.65928    35.83927
A-T        0.00000    0.00000    0.00000    0.00000    0.00000    0.00000    -0.03139   -0.11287   3.30655    -0.24024   1.43492    37.62715
C-G        0.00000    0.00000    0.00000    0.00000    0.00000    0.00000    -0.04290   -0.65489   3.27722    -0.05622   1.59276    33.02039
A-T        0.00000    0.00000    0.00000    0.00000    0.00000    0.00000    -0.11466   0.20709    3.35785    -0.43544   5.66429    36.44196
C-G        0.00000    0.00000    0.00000    0.00000    0.00000    0.00000    -0.06491   -0.63820   3.26457    0.12402    2.06499    32.88153
G-C        0.00000    0.00000    0.00000    0.00000    0.00000    0.00000    -0.00224   0.40236    3.37605    0.34928    6.79646    35.50217
A-T        0.00000    0.00000    0.00000    0.00000    0.00000    0.00000    0.02472    -0.06496   3.30093    0.56704    1.96625    37.56910
C-G        0.00000    0.00000    0.00000    0.00000    0.00000    0.00000    0.02650    -0.62609   3.27891    0.77375    1.33634    33.10075
T-A        0.00000    0.00000    0.00000    0.00000    0.00000    0.00000    0.08690    -0.29062   3.33236    1.08323    2.51851    33.97283
T-A        0.00000    0.00000    0.00000    0.00000    0.00000    0.00000    0.01352    -0.26726   3.25547    0.22707    -2.21955   36.89337
A-T        0.00000    0.00000    0.00000    0.00000    0.00000    0.00000    0.02177    0.58527    3.38755    -0.30993   -3.28718   42.52741
C-G        0.00000    0.00000    0.00000    0.00000    0.00000    0.00000    -0.02498   -0.65397   3.29227    -0.48762   0.78979    33.28833
T-A        0.00000    0.00000    0.00000    0.00000    0.00000    0.00000    -0.02277   -0.33569   3.33292    -0.89299   3.31579    33.66697
G-C        0.00000    0.00000    0.00000    0.00000    0.00000    0.00000    -0.05199   0.15300    3.36189    -1.24939   6.48118    35.92280
T-A        0.00000    0.00000    0.00000    0.00000    0.00000    0.00000    -0.03848   -0.64127   3.24660    -0.61788   2.95325    32.51784
A-T        0.00000    0.00000    0.00000    0.00000    0.00000    0.00000    -0.02412   0.14931    3.35951    0.30318    5.81203    37.52782
T-A        0.00000    0.00000    0.00000    0.00000    0.00000    0.00000    0.00194    -0.65954   3.21741    0.59325    1.06291    31.17797
C-G        0.00000    0.00000    0.00000    0.00000    0.00000    0.00000    0.15308    -0.06100   3.29172    1.71908    1.80949    37.43966
A-T        0.00000    0.00000    0.00000    0.00000    0.00000    0.00000    0.09416    0.36747    3.33600    1.61749    3.35150    37.35246
T-A        0.00000    0.00000    0.00000    0.00000    0.00000    0.00000    0.03482    -0.69310   3.25823    0.39246    -2.10171   32.18756
G-C        0.00000    0.00000    0.00000    0.00000    0.00000    0.00000    0.05856    0.36624    3.32884    -0.13928   1.71280    38.01891
T-A        0.00000    0.00000    0.00000    0.00000    0.00000    0.00000    -0.02165   -0.66334   3.31085    -1.25675   -0.03173   33.46963
T-A        0.00000    0.00000    0.00000    0.00000    0.00000    0.00000    -0.06685   -0.26510   3.24932    -1.46529   -1.08149   36.50928
A-T        0.00000    0.00000    0.00000    0.00000    0.00000    0.00000    -0.13153   0.13761    3.36789    -1.90664   4.38317    38.25476
T-A        0.00000    0.00000    0.00000    0.00000    0.00000    0.00000    -0.03666   -0.65959   3.20556    -0.51800   2.11171    30.86877
A-T        0.00000    0.00000    0.00000    0.00000    0.00000    0.00000    -0.03062   -0.03545   3.35304    0.15581    8.92468    35.90213
A-T        0.00000    0.00000    0.00000    0.00000    0.00000    0.00000    0.03770    -0.17391   3.23020    1.18139    2.68161    35.48267
C-G        0.00000    0.00000    0.00000    0.00000    0.00000    0.00000    0.05643    -0.63270   3.26183    1.94948    2.21317    32.85916
G-C        0.00000    0.00000    0.00000    0.00000    0.00000    0.00000    0.33916    0.48167    3.36617    4.26918    4.27237    36.48855
G-C        0.00000    0.00000    0.00000    0.00000    0.00000    0.00000    0.18868    -0.24124   3.39745    1.79667    1.85809    35.69452
A-T        0.00000    0.00000    0.00000    0.00000    0.00000    0.00000    -0.00799   -0.11156   3.33748    -0.00372   -1.94954   39.14574
G-C        0.00000    0.00000    0.00000    0.00000    0.00000    0.00000    -0.06618   -0.32448   3.35032    -2.05283   0.50241    34.80902
G-C        0.00000    0.00000    0.00000    0.00000    0.00000    0.00000    -0.34251   -0.25878   3.38939    -3.53757   3.34924    35.22102
T-A        0.00000    0.00000    0.00000    0.00000    0.00000    0.00000    -0.08450   -0.65897   3.26338    -2.23132   2.38502    32.84243
A-T        0.00000    0.00000    0.00000    0.00000    0.00000    0.00000    -0.12824   -0.08189   3.35260    -1.87955   8.94817    35.75878
T-A        0.00000    0.00000    0.00000    0.00000    0.00000    0.00000    -0.01913   -0.64644   3.18887    -0.19679   3.26967    30.45243
C-G        0.00000    0.00000    0.00000    0.00000    0.00000    0.00000    0.09783    -0.05341   3.26134    1.29761    5.20060    36.23044
T-A        0.00000    0.00000    0.00000    0.00000    0.00000    0.00000    0.09416    -0.29772   3.30133    3.24088    5.44264    33.13775
C-G        0.00000    0.00000    0.00000    0.00000    0.00000    0.00000    0.27059    -0.07560   3.29220    3.11254    1.17102    37.65620
G-C        0.00000    0.00000    0.00000    0.00000    0.00000    0.00000    0.32562    0.51359    3.35895    4.13834    2.04043    37.21055
A-T        0.00000    0.00000    0.00000    0.00000    0.00000    0.00000    0.02513    -0.11753   3.34193    0.59301    -2.55296   39.30047
G-C        0.00000    0.00000    0.00000    0.00000    0.00000    0.00000    -0.07995   -0.31534   3.35433    -1.75913   -0.47823   34.99087
C-G        0.00000    0.00000    0.00000    0.00000    0.00000    0.00000    -0.24943   -0.40129   3.34475    -2.86019   0.77198    35.16701
T-A        0.00000    0.00000    0.00000    0.00000    0.00000    0.00000    -0.07847   -0.30426   3.32731    -2.98555   3.58311    33.64158
C-G        0.00000    0.00000    0.00000    0.00000    0.00000    0.00000    -0.19551   -0.07321   3.28343    -2.48819   4.29394    36.79076
G-C        0.00000    0.00000    0.00000    0.00000    0.00000    0.00000    -0.11647   0.24914    3.37863    -1.56740   11.48673   33.77973
G-C        0.00000    0.00000    0.00000    0.00000    0.00000    0.00000    0.15202    -0.34142   3.34816    1.23582    8.65605    33.15237
G-C        0.00000    0.00000    0.00000    0.00000    0.00000    0.00000    0.32710    -0.35210   3.36031    3.10330    7.43200    33.56355
A-T        0.00000    0.00000    0.00000    0.00000    0.00000    0.00000    0.23850    -0.10075   3.30821    3.09413    2.05380    37.67350
T-A        0.00000    0.00000    0.00000    0.00000    0.00000    0.00000    0.03118    -0.69588   3.25398    1.35453    -1.77854   32.09922
C-G        0.00000    0.00000    0.00000    0.00000    0.00000    0.00000    0.12925    -0.11970   3.32692    1.39582    -2.01137   38.74712
C-G        0.00000    0.00000    0.00000    0.00000    0.00000    0.00000    -0.04962   -0.24012   3.40042    -0.48867   0.73515    35.73210
G-C        0.00000    0.00000    0.00000    0.00000    0.00000    0.00000    -0.30939   0.51834    3.35069    -3.84852   2.12627    36.86905
C-G        0.00000    0.00000    0.00000    0.00000    0.00000    0.00000    -0.26623   -0.41776   3.31483    -3.02764   1.94967    34.38776
T-A        0.00000    0.00000    0.00000    0.00000    0.00000    0.00000    -0.04621   -0.29297   3.30718    -2.38392   4.94592    32.79692
T-A        0.00000    0.00000    0.00000    0.00000    0.00000    0.00000    -0.03545   -0.17225   3.22082    -1.18370   3.89763    34.64394
T-A        0.00000    0.00000    0.00000    0.00000    0.00000    0.00000    0.00938    -0.16980   3.21820    -0.03111   4.44187    34.43216
A-T        0.00000    0.00000    0.00000    0.00000    0.00000    0.00000    0.12223    -0.14911   3.34621    1.64892    9.25266    34.99095
A-T        0.00000    0.00000    0.00000    0.00000    0.00000    0.00000    0.08425    -0.23610   3.23655    1.82609    1.03210    35.58491
C-G        0.00000    0.00000    0.00000    0.00000    0.00000    0.00000    0.06740    -0.66732   3.29173    2.00095    0.79737    32.94663
A-T        0.00000    0.00000    0.00000    0.00000    0.00000    0.00000    0.03553    0.31287    3.32694    1.50963    1.92013    37.49818
C-G        0.00000    0.00000    0.00000    0.00000    0.00000    0.00000    -0.03043   -0.64745   3.32381    0.21931    -1.05594   33.59704
T-A        0.00000    0.00000    0.00000    0.00000    0.00000    0.00000    -0.03255   -0.30685   3.34161    -0.95136   0.69464    34.16579
T-A        0.00000    0.00000    0.00000    0.00000    0.00000    0.00000    -0.07969   -0.25663   3.25120    -1.41339   -1.94028   36.67832
T-A        0.00000    0.00000    0.00000    0.00000    0.00000    0.00000    -0.06397   -0.21274   3.24094    -1.46979   0.35422    36.07959
A-T        0.00000    0.00000    0.00000    0.00000    0.00000    0.00000    -0.03980   0.16711    3.35669    -1.23498   5.86818    37.47339
T-A        0.00000    0.00000    0.00000    0.00000    0.00000    0.00000    0.02214    -0.65668   3.20520    -0.10119   2.03416    30.80370
G-C        0.00000    0.00000    0.00000    0.00000    0.00000    0.00000    0.16504    0.13717    3.36561    0.96125    7.89362    35.44688
C-G        0.00000    0.00000    0.00000    0.00000    0.00000    0.00000    0.15943    -0.47722   3.30298    1.59730    3.30365    34.08501
T-A        0.00000    0.00000    0.00000    0.00000    0.00000    0.00000    0.07696    -0.33956   3.32784    2.08086    3.24865    33.66150
T-A        0.00000    0.00000    0.00000    0.00000    0.00000    0.00000    -0.00032   -0.28514   3.25498    0.87148    -2.27647   36.78757
C-G        0.00000    0.00000    0.00000    0.00000    0.00000    0.00000    0.02421    -0.11195   3.31871    0.31863    -0.29942   38.18545
C-G        0.00000    0.00000    0.00000    0.00000    0.00000    0.00000    -0.09430   -0.26274   3.38918    -0.64940   2.90889    35.03169
G-C        0.00000    0.00000    0.00000    0.00000    0.00000    0.00000    -0.18515   0.46987    3.36309    -2.12066   4.56343    36.09960
G-C        0.00000    0.00000    0.00000    0.00000    0.00000    0.00000    -0.18115   -0.22538   3.36925    -1.79794   4.60440    34.45983
C-G        0.00000    0.00000    0.00000    0.00000    0.00000    0.00000    -0.06503   -0.44526   3.29639    -0.94131   3.14964    33.97627
T-A        0.00000    0.00000    0.00000    0.00000    0.00000    0.00000    0.05164    -0.29778   3.31050    0.05003    4.80922    32.94282
C-G        0.00000    0.00000    0.00000    0.00000    0.00000    0.00000    0.07290    -0.08893   3.28420    0.43313    2.97922    36.79541
G-C        0.00000    0.00000    0.00000    0.00000    0.00000    0.00000    0.13956    0.32366    3.37169    1.47828    7.11617    35.02786
T-A        0.00000    0.00000    0.00000    0.00000    0.00000    0.00000    0.05351    -0.65376   3.27292    0.44166    1.58283    32.79484
A-T        0.00000    0.00000    0.00000    0.00000    0.00000    0.00000    0.01899    0.37184    3.37740    0.62296    -0.57743   40.50904
T-A        0.00000    0.00000    0.00000    0.00000    0.00000    0.00000    -0.01862   -0.69181   3.24360    0.12446    -0.87849   31.61230
A-T        0.00000    0.00000    0.00000    0.00000    0.00000    0.00000    -0.05599   0.51357    3.37671    -0.19923   -1.67233   41.25571
A-T        0.00000    0.00000    0.00000    0.00000    0.00000    0.00000    -0.01074   -0.24838   3.24873    -0.30009   -1.10723   36.31777
T-A        0.00000    0.00000    0.00000    0.00000    0.00000    0.00000    -0.01302   -0.67233   3.23335    -0.20326   -0.18974   31.44166
G-C        0.00000    0.00000    0.00000    0.00000    0.00000    0.00000    0.04348    0.30327    3.34579    -0.23194   5.26141    36.43010
T-A        0.00000    0.00000    0.00000    0.00000    0.00000    0.00000    0.04228    -0.62955   3.26684    -0.25224   1.76365    32.74454
G-C        0.00000    0.00000    0.00000    0.00000    0.00000    0.00000    0.09999    0.24190    3.35013    0.16147    5.43078    36.28356
T-A        0.00000    0.00000    0.00000    0.00000    0.00000    0.00000    0.05189    -0.64821   3.27306    -0.11573   1.59951    32.78244
C-G        0.00000    0.00000    0.00000    0.00000    0.00000    0.00000    0.03643    -0.11589   3.30141    0.09511    1.59142    37.31802
G-C        0.00000    0.00000    0.00000    0.00000    0.00000    0.00000    -0.01931   0.33962    3.37218    -0.18837   6.03838    35.39912
A-T        0.00000    0.00000    0.00000    0.00000    0.00000    0.00000    -0.05448   -0.11089   3.29876    -0.25593   1.76025    37.24659
C-G        0.00000    0.00000    0.00000    0.00000    0.00000    0.00000    -0.05835   -0.64289   3.26773    0.10008    1.80792    32.71530
C-G        0.00000    0.00000    0.00000    0.00000    0.00000    0.00000    -0.03257   -0.28353   3.37392    0.05566    5.04797    34.19771
A-T        0.00000    0.00000    0.00000    0.00000    0.00000    0.00000    -0.05614   0.28494    3.34788    0.22830    5.51390    36.30923
A-T        0.00000    0.00000    0.00000    0.00000    0.00000    0.00000    0.03048    -0.22888   3.24524    0.37165    -0.36330   36.13717
A-T        0.00000    0.00000    0.00000    0.00000    0.00000    0.00000    0.04632    -0.24359   3.24808    0.40058    -0.99744   36.29057
T-A        0.00000    0.00000    0.00000    0.00000    0.00000    0.00000    0.02929    -0.68416   3.24199    0.17854    -0.85396   31.59938
G-C        0.00000    0.00000    0.00000    0.00000    0.00000    0.00000    -0.52900   -0.91300   3.45600    -1.68800   -11.71000  37.48700
T-A        0.00000    0.00000    0.00000    0.00000    0.00000    0.00000    -0.90400   -1.56500   3.20800    -2.31200   -8.23700   32.15000
G-C        0.00000    0.00000    0.00000    0.00000    0.00000    0.00000    -0.37800   -0.59700   3.22500    -2.12800   -0.59300   39.45200
A-T        0.00000    0.00000    0.00000    0.00000    0.00000    0.00000    0.13400    -1.01800   3.05000    2.62000    -6.08100   32.09400
G-C        0.00000    0.00000    0.00000    0.00000    0.00000    0.00000    0.92900    -0.52700   2.87900    -1.17000   -8.55900   33.48800
C-G        0.00000    0.00000    0.00000    0.00000    0.00000    0.00000    -0.67600   -0.12300   3.12600    12.51100   -5.63500   33.19900
G-C        0.00000    0.00000    0.00000    0.00000    0.00000    0.00000    0.04800    1.55200    5.41000    0.17000    60.13600   13.23400
C-G        0.00000    0.00000    0.00000    0.00000    0.00000    0.00000    0.71600    -0.08600   3.08800    -11.70500  -4.91800   33.29500
T-A        0.00000    0.00000    0.00000    0.00000    0.00000    0.00000    -0.96000   -0.48300   2.89500    0.90300    -7.59500   33.59800
C-G        0.00000    0.00000    0.00000    0.00000    0.00000    0.00000    -0.12000   -0.98300   3.10400    -2.85000   -6.36700   31.79800
A-T        0.00000    0.00000    0.00000    0.00000    0.00000    0.00000    0.32300    -0.59400   3.18200    1.62100    -0.34800   39.44400
C-G        0.00000    0.00000    0.00000    0.00000    0.00000    0.00000    0.92900    -1.59400   3.28000    2.06500    -8.65200   31.93200
A-T        0.00000    0.00000    0.00000    0.00000    0.00000    0.00000    0.27000    -1.09600   3.26900    -0.64700   -9.99800   39.98900
