147 # base pairs
  0 # ***local base-pair & step parameters***
#          Shear      Stretch    Stagger    Buckle     Prop-Tw    Opening    Shift      Slide      Rise       Tilt       Roll       Twist
T-A        0.00000    0.00000    0.00000    0.00000    0.00000    0.00000    0.00000    0.00000    0.00000    0.00000    0.00000    0.00000
G-C        0.00000    0.00000    0.00000    0.00000    0.00000    0.00000    -0.52900   -0.91400   3.45700    -1.68900   -11.71200  37.48600
T-A        0.00000    0.00000    0.00000    0.00000    0.00000    0.00000    -0.90500   -1.56600   3.20600    -2.28600   -8.20700   32.14700
G-C        0.00000    0.00000    0.00000    0.00000    0.00000    0.00000    -0.37800   -0.59600   3.22500    -2.16700   -0.60300   39.43900
A-T        0.00000    0.00000    0.00000    0.00000    0.00000    0.00000    0.13400    -1.01800   3.05000    2.61000    -6.09300   32.09300
G-C        0.00000    0.00000    0.00000    0.00000    0.00000    0.00000    0.92900    -0.52800   2.87800    -1.17000   -8.57000   33.49400
C-G        0.00000    0.00000    0.00000    0.00000    0.00000    0.00000    -0.67600   -0.12200   3.12700    12.55900   -5.64700   33.21100
G-C        0.00000    0.00000    0.00000    0.00000    0.00000    0.00000    0.04900    1.55300    5.41000    0.14200    60.15100   13.21000
C-G        0.00000    0.00000    0.00000    0.00000    0.00000    0.00000    0.71500    -0.08700   3.08800    -11.72400  -4.90600   33.28700
T-A        0.00000    0.00000    0.00000    0.00000    0.00000    0.00000    -0.96000   -0.48500   2.89400    0.89600    -7.58500   33.58500
C-G        0.00000    0.00000    0.00000    0.00000    0.00000    0.00000    -0.12000   -0.98300   3.10600    -2.86200   -6.42300   31.82500
A-T        0.00000    0.00000    0.00000    0.00000    0.00000    0.00000    0.32200    -0.59300   3.18200    1.65600    -0.34900   39.43600
C-G        0.00000    0.00000    0.00000    0.00000    0.00000    0.00000    0.92900    -1.59300   3.28000    2.06100    -8.65300   31.94300
A-T        0.00000    0.00000    0.00000    0.00000    0.00000    0.00000    0.27000    -1.09600   3.26800    -0.64500   -9.98900   39.97000
A-T        0.00000    0.00000    0.00000    0.00000    0.00000    0.00000    0.03106    -0.05479   3.24997    0.02968    2.24508    36.50934
T-A        0.00000    0.00000    0.00000    0.00000    0.00000    0.00000    0.01790    -0.74634   3.30745    0.23555    -1.97468   33.56391
T-A        0.00000    0.00000    0.00000    0.00000    0.00000    0.00000    0.00166    -0.39059   3.26123    0.52836    -2.27762   36.63348
T-A        0.00000    0.00000    0.00000    0.00000    0.00000    0.00000    0.00051    -0.26317   3.26831    0.30001    -1.04414   35.93607
A-T        0.00000    0.00000    0.00000    0.00000    0.00000    0.00000    0.02677    0.31206    3.46477    0.35957    -3.30467   43.11002
T-A        0.00000    0.00000    0.00000    0.00000    0.00000    0.00000    -0.07687   -0.67958   3.27654    -0.41310   -2.68429   32.91785
T-A        0.00000    0.00000    0.00000    0.00000    0.00000    0.00000    -0.01208   -0.24600   3.24919    0.54916    -2.03039   37.10836
C-G        0.00000    0.00000    0.00000    0.00000    0.00000    0.00000    -0.05057   0.03081    3.30365    -0.11398   1.56393    37.13493
G-C        0.00000    0.00000    0.00000    0.00000    0.00000    0.00000    -0.15435   0.60588    3.35144    -1.78886   9.15608    34.10454
C-G        0.00000    0.00000    0.00000    0.00000    0.00000    0.00000    -0.13919   -0.42228   3.25551    -1.26552   3.29301    31.88056
A-T        0.00000    0.00000    0.00000    0.00000    0.00000    0.00000    -0.06996   0.50243    3.31016    -0.69603   4.77595    36.38601
A-T        0.00000    0.00000    0.00000    0.00000    0.00000    0.00000    0.08675    -0.15037   3.28009    0.51001    1.09047    35.70186
A-T        0.00000    0.00000    0.00000    0.00000    0.00000    0.00000    -0.03940   -0.35496   3.24735    -0.04280   -0.76802   36.04612
G-C        0.00000    0.00000    0.00000    0.00000    0.00000    0.00000    0.00621    -0.49263   3.36263    0.48575    3.09375    33.20432
G-C        0.00000    0.00000    0.00000    0.00000    0.00000    0.00000    0.01768    -0.34320   3.44610    0.02086    3.33284    36.20774
C-G        0.00000    0.00000    0.00000    0.00000    0.00000    0.00000    -0.00613   -0.37139   3.27649    0.14245    2.53718    34.77273
C-G        0.00000    0.00000    0.00000    0.00000    0.00000    0.00000    -0.27387   -0.22903   3.36071    -0.51495   3.53993    34.59601
G-C        0.00000    0.00000    0.00000    0.00000    0.00000    0.00000    -0.06932   0.37473    3.10515    -0.42163   5.72000    32.23665
G-C        0.00000    0.00000    0.00000    0.00000    0.00000    0.00000    0.19301    -0.20171   3.34844    -0.06303   3.97692    34.64896
C-G        0.00000    0.00000    0.00000    0.00000    0.00000    0.00000    -0.01881   -0.36225   3.27060    -0.25201   2.93536    34.66385
C-G        0.00000    0.00000    0.00000    0.00000    0.00000    0.00000    0.27942    -0.32640   3.39084    0.45217    3.75221    34.84053
C-G        0.00000    0.00000    0.00000    0.00000    0.00000    0.00000    0.10312    -0.24194   3.37826    1.73993    3.52522    35.25502
G-C        0.00000    0.00000    0.00000    0.00000    0.00000    0.00000    -0.19991   0.92732    3.32135    -1.08139   3.69928    35.17218
A-T        0.00000    0.00000    0.00000    0.00000    0.00000    0.00000    -0.08177   -0.06230   3.18688    -0.69960   -0.01028   36.67312
C-G        0.00000    0.00000    0.00000    0.00000    0.00000    0.00000    0.10193    -0.50731   3.18058    0.13707    2.55499    32.12340
A-T        0.00000    0.00000    0.00000    0.00000    0.00000    0.00000    0.02736    -0.05483   3.38144    -0.63235   4.15211    36.81717
C-G        0.00000    0.00000    0.00000    0.00000    0.00000    0.00000    0.16094    -0.50559   3.27282    0.05981    2.75832    31.95808
G-C        0.00000    0.00000    0.00000    0.00000    0.00000    0.00000    0.00078    0.51779    3.30902    0.53191    4.23185    37.11505
A-T        0.00000    0.00000    0.00000    0.00000    0.00000    0.00000    -0.07044   -0.05074   3.18688    -0.49687   -0.01703   36.74086
C-G        0.00000    0.00000    0.00000    0.00000    0.00000    0.00000    -0.10458   -0.62884   3.24716    0.58030    2.81133    32.90510
T-A        0.00000    0.00000    0.00000    0.00000    0.00000    0.00000    0.03564    -0.68108   3.54956    -0.03313   2.25906    35.86896
T-A        0.00000    0.00000    0.00000    0.00000    0.00000    0.00000    -0.02236   -0.25917   3.21568    -0.75786   -0.92147   33.30620
A-T        0.00000    0.00000    0.00000    0.00000    0.00000    0.00000    0.04754    0.36834    3.37925    0.00603    -0.50019   41.03320
C-G        0.00000    0.00000    0.00000    0.00000    0.00000    0.00000    -0.01180   -0.69307   3.27764    -0.01348   1.23564    32.90956
T-A        0.00000    0.00000    0.00000    0.00000    0.00000    0.00000    -0.00360   -0.42437   3.36873    -0.28433   4.64512    33.25733
G-C        0.00000    0.00000    0.00000    0.00000    0.00000    0.00000    0.02963    -0.00099   3.38955    -1.27536   7.44731    35.34207
T-A        0.00000    0.00000    0.00000    0.00000    0.00000    0.00000    -0.01764   -0.54322   3.17001    -0.14626   3.10683    31.15540
A-T        0.00000    0.00000    0.00000    0.00000    0.00000    0.00000    0.05276    0.13735    3.35595    0.51674    6.02652    36.97851
G-C        0.00000    0.00000    0.00000    0.00000    0.00000    0.00000    -0.24164   -0.17595   3.24199    0.36722    5.95992    31.82762
G-C        0.00000    0.00000    0.00000    0.00000    0.00000    0.00000    0.06625    -0.71078   3.52827    1.10835    4.98325    35.07992
T-A        0.00000    0.00000    0.00000    0.00000    0.00000    0.00000    0.14097    -0.49310   3.25001    1.05675    0.28801    32.18293
A-T        0.00000    0.00000    0.00000    0.00000    0.00000    0.00000    0.03845    -0.35486   3.38298    0.84352    1.27040    37.69430
T-A        0.00000    0.00000    0.00000    0.00000    0.00000    0.00000    -0.03870   -0.73849   3.22412    -0.07179   -2.05828   32.52083
C-G        0.00000    0.00000    0.00000    0.00000    0.00000    0.00000    0.08739    -0.29072   3.38190    -0.95046   -0.49473   39.56608
T-A        0.00000    0.00000    0.00000    0.00000    0.00000    0.00000    0.10026    -0.33043   3.35537    -0.78262   2.98911    33.24971
C-G        0.00000    0.00000    0.00000    0.00000    0.00000    0.00000    -0.11980   -0.04644   3.39205    -1.26799   1.89995    36.93194
G-C        0.00000    0.00000    0.00000    0.00000    0.00000    0.00000    -0.09661   0.51235    3.32362    -1.92237   11.98511   31.97126
A-T        0.00000    0.00000    0.00000    0.00000    0.00000    0.00000    -0.16350   0.13186    3.29771    -2.27538   3.96622    35.75226
G-C        0.00000    0.00000    0.00000    0.00000    0.00000    0.00000    0.06496    -0.25770   3.32074    0.45286    4.97463    32.31186
C-G        0.00000    0.00000    0.00000    0.00000    0.00000    0.00000    0.08276    -0.50066   3.38420    1.21830    2.65902    35.93546
T-A        0.00000    0.00000    0.00000    0.00000    0.00000    0.00000    0.03035    -0.11687   3.30318    2.53666    1.75670    33.48277
C-G        0.00000    0.00000    0.00000    0.00000    0.00000    0.00000    0.27912    0.34737    3.26368    3.48021    0.48584    38.03874
G-C        0.00000    0.00000    0.00000    0.00000    0.00000    0.00000    0.22022    1.22685    3.38701    1.65992    1.04616    36.92760
G-C        0.00000    0.00000    0.00000    0.00000    0.00000    0.00000    -0.16207   -0.22393   3.40155    -2.96400   1.63676    35.91488
G-C        0.00000    0.00000    0.00000    0.00000    0.00000    0.00000    -0.19644   -0.22615   3.34245    -1.47377   5.14110    33.93640
A-T        0.00000    0.00000    0.00000    0.00000    0.00000    0.00000    -0.11877   -0.27982   3.34665    -1.48853   1.23122    37.44365
T-A        0.00000    0.00000    0.00000    0.00000    0.00000    0.00000    -0.03330   -0.63406   3.23220    -0.65544   2.38543    31.72775
C-G        0.00000    0.00000    0.00000    0.00000    0.00000    0.00000    0.01751    -0.23210   3.30465    -0.20110   3.52803    36.40938
C-G        0.00000    0.00000    0.00000    0.00000    0.00000    0.00000    -0.25705   -0.13446   3.26866    -1.05727   8.37792    32.11081
G-C        0.00000    0.00000    0.00000    0.00000    0.00000    0.00000    0.06472    0.41609    3.33572    1.73861    8.85036    34.34201
C-G        0.00000    0.00000    0.00000    0.00000    0.00000    0.00000    0.26363    -0.51668   3.43404    2.33036    1.13462    35.74733
T-A        0.00000    0.00000    0.00000    0.00000    0.00000    0.00000    0.50591    -0.42623   3.47539    4.96241    0.04412    36.11018
T-A        0.00000    0.00000    0.00000    0.00000    0.00000    0.00000    0.05905    -0.32317   3.27220    1.58164    -4.98865   37.66032
T-A        0.00000    0.00000    0.00000    0.00000    0.00000    0.00000    -0.03532   -0.38062   3.29287    -0.25759   -5.32201   36.99439
A-T        0.00000    0.00000    0.00000    0.00000    0.00000    0.00000    -0.14157   0.92425    3.27347    -1.40510   -6.82159   40.23859
A-T        0.00000    0.00000    0.00000    0.00000    0.00000    0.00000    -0.02640   -0.18888   3.21838    -2.08768   -1.11457   36.32160
C-G        0.00000    0.00000    0.00000    0.00000    0.00000    0.00000    -0.07609   -0.60369   3.33441    -1.63126   1.04976    33.91448
A-T        0.00000    0.00000    0.00000    0.00000    0.00000    0.00000    -0.03685   -0.01591   3.38313    -1.16660   6.48772    36.50418
C-G        0.00000    0.00000    0.00000    0.00000    0.00000    0.00000    0.20965    -0.60845   3.27745    0.71398    3.07017    32.56908
T-A        0.00000    0.00000    0.00000    0.00000    0.00000    0.00000    -0.00747   -0.57567   3.52834    0.80210    5.69324    36.89460
T-A        0.00000    0.00000    0.00000    0.00000    0.00000    0.00000    0.07791    -0.29880   3.26321    1.81705    -1.60282   37.04772
T-A        0.00000    0.00000    0.00000    0.00000    0.00000    0.00000    0.02985    -0.29391   3.27554    0.74052    -2.61049   36.45210
A-T        0.00000    0.00000    0.00000    0.00000    0.00000    0.00000    0.05455    0.40186    3.51338    0.65077    -7.28355   46.23111
T-A        0.00000    0.00000    0.00000    0.00000    0.00000    0.00000    -0.08209   -0.66961   3.29476    -0.73497   -4.25724   33.40210
T-A        0.00000    0.00000    0.00000    0.00000    0.00000    0.00000    -0.02917   -0.25775   3.24518    -0.19133   -2.86524   37.42303
C-G        0.00000    0.00000    0.00000    0.00000    0.00000    0.00000    -0.28709   0.28497    3.37343    -2.28269   1.40609    38.23820
A-T        0.00000    0.00000    0.00000    0.00000    0.00000    0.00000    -0.45513   0.47485    3.35873    -2.80153   6.86108    36.19213
T-A        0.00000    0.00000    0.00000    0.00000    0.00000    0.00000    -0.00173   -0.47672   3.22447    -0.36617   4.30112    30.78688
G-C        0.00000    0.00000    0.00000    0.00000    0.00000    0.00000    0.01859    -0.08215   3.50645    -0.06335   8.54692    37.04245
T-A        0.00000    0.00000    0.00000    0.00000    0.00000    0.00000    0.07363    -0.63602   3.31088    1.22539    1.70005    33.05235
T-A        0.00000    0.00000    0.00000    0.00000    0.00000    0.00000    0.03328    -0.20235   3.19465    1.65314    0.78339    35.11359
A-T        0.00000    0.00000    0.00000    0.00000    0.00000    0.00000    0.08079    0.28007    3.45693    1.38324    -2.67884   42.62234
T-A        0.00000    0.00000    0.00000    0.00000    0.00000    0.00000    -0.00680   -0.70658   3.22093    0.67610    -2.21214   31.57173
A-T        0.00000    0.00000    0.00000    0.00000    0.00000    0.00000    -0.05842   0.40105    3.49048    0.13525    -6.18808   44.81837
A-T        0.00000    0.00000    0.00000    0.00000    0.00000    0.00000    -0.02245   -0.19050   3.23201    -1.49303   -2.79696   36.61885
C-G        0.00000    0.00000    0.00000    0.00000    0.00000    0.00000    -0.12614   -0.64085   3.36096    -1.41738   -0.42847   34.49064
G-C        0.00000    0.00000    0.00000    0.00000    0.00000    0.00000    0.03487    0.31096    3.26040    -2.33729   6.77087    35.10978
G-C        0.00000    0.00000    0.00000    0.00000    0.00000    0.00000    0.16750    -0.14038   3.27858    0.52180    7.30122    32.33782
A-T        0.00000    0.00000    0.00000    0.00000    0.00000    0.00000    0.07906    0.05003    3.26313    0.30566    3.08481    36.62925
G-C        0.00000    0.00000    0.00000    0.00000    0.00000    0.00000    0.14111    -0.29148   3.32048    0.39587    4.71164    32.20573
C-G        0.00000    0.00000    0.00000    0.00000    0.00000    0.00000    0.07786    -0.51532   3.39008    1.00824    2.57208    35.93014
T-A        0.00000    0.00000    0.00000    0.00000    0.00000    0.00000    0.35452    -0.44386   3.46128    3.67720    1.26652    35.56583
T-A        0.00000    0.00000    0.00000    0.00000    0.00000    0.00000    0.02010    -0.25591   3.21260    0.93585    1.13388    35.06258
C-G        0.00000    0.00000    0.00000    0.00000    0.00000    0.00000    0.05864    -0.23340   3.37601    0.19378    -0.38560   37.86691
C-G        0.00000    0.00000    0.00000    0.00000    0.00000    0.00000    -0.20051   -0.13585   3.29209    -1.33568   5.25762    32.77503
G-C        0.00000    0.00000    0.00000    0.00000    0.00000    0.00000    -0.16483   0.36876    3.09390    -1.43803   5.34498    32.02847
G-C        0.00000    0.00000    0.00000    0.00000    0.00000    0.00000    0.11997    -0.21537   3.34176    -0.95687   4.25271    34.54309
C-G        0.00000    0.00000    0.00000    0.00000    0.00000    0.00000    0.09866    -0.57506   3.29650    -0.69350   2.86244    34.17109
T-A        0.00000    0.00000    0.00000    0.00000    0.00000    0.00000    -0.02609   -0.23357   3.31732    0.14070    3.93310    32.36140
C-G        0.00000    0.00000    0.00000    0.00000    0.00000    0.00000    0.16935    0.13551    3.29925    2.11069    3.05311    36.05563
G-C        0.00000    0.00000    0.00000    0.00000    0.00000    0.00000    0.06388    0.49896    3.30297    0.84535    4.77073    36.41820
T-A        0.00000    0.00000    0.00000    0.00000    0.00000    0.00000    0.26050    -0.73654   3.26948    0.05900    2.52981    33.04807
A-T        0.00000    0.00000    0.00000    0.00000    0.00000    0.00000    0.00548    -0.46694   3.38677    0.75469    3.20835    36.51176
T-A        0.00000    0.00000    0.00000    0.00000    0.00000    0.00000    -0.01996   -0.71509   3.20498    0.15645    -1.11789   31.19402
A-T        0.00000    0.00000    0.00000    0.00000    0.00000    0.00000    -0.05815   0.32692    3.42871    0.20139    -1.55628   41.06403
A-T        0.00000    0.00000    0.00000    0.00000    0.00000    0.00000    -0.04787   -0.33065   3.23546    -0.28976   0.62190    35.24854
T-A        0.00000    0.00000    0.00000    0.00000    0.00000    0.00000    0.00247    -0.65080   3.27472    -0.06569   -0.25716   32.02092
G-C        0.00000    0.00000    0.00000    0.00000    0.00000    0.00000    -0.04051   -0.11450   3.46115    -0.89111   4.48001    37.54605
T-A        0.00000    0.00000    0.00000    0.00000    0.00000    0.00000    0.05404    -0.49422   3.25167    -0.15362   0.91754    31.22278
G-C        0.00000    0.00000    0.00000    0.00000    0.00000    0.00000    -0.01299   -0.04609   3.37146    0.60479    4.33638    36.40641
T-A        0.00000    0.00000    0.00000    0.00000    0.00000    0.00000    -0.08573   -0.50613   3.17925    -0.09786   2.58303    31.91748
C-G        0.00000    0.00000    0.00000    0.00000    0.00000    0.00000    0.09774    -0.06313   3.18129    0.81299    -0.01025   36.47406
G-C        0.00000    0.00000    0.00000    0.00000    0.00000    0.00000    -0.01034   0.53564    3.30086    -0.13693   8.20820    32.78705
A-T        0.00000    0.00000    0.00000    0.00000    0.00000    0.00000    -0.11089   -0.06150   3.17891    -0.92383   0.04794    36.43348
C-G        0.00000    0.00000    0.00000    0.00000    0.00000    0.00000    -0.15562   -0.79692   3.20857    -0.08173   2.56617    32.46850
C-G        0.00000    0.00000    0.00000    0.00000    0.00000    0.00000    0.10773    -0.47221   3.38097    0.66042    6.37674    32.45542
A-T        0.00000    0.00000    0.00000    0.00000    0.00000    0.00000    -0.02603   0.79635    3.31930    -0.22320   4.61425    36.61858
A-T        0.00000    0.00000    0.00000    0.00000    0.00000    0.00000    0.08835    -0.15768   3.28148    0.59996    0.22393    35.73087
A-T        0.00000    0.00000    0.00000    0.00000    0.00000    0.00000    0.01146    -0.38284   3.26242    0.17849    -2.76241   36.63268
T-A        0.00000    0.00000    0.00000    0.00000    0.00000    0.00000    0.03692    -0.67993   3.27843    0.30351    -0.74166   32.09084
G-C        0.00000    0.00000    0.00000    0.00000    0.00000    0.00000    -0.52900   -0.91300   3.45600    -1.68800   -11.71000  37.48700
T-A        0.00000    0.00000    0.00000    0.00000    0.00000    0.00000    -0.90400   -1.56500   3.20800    -2.31200   -8.23700   32.15000
G-C        0.00000    0.00000    0.00000    0.00000    0.00000    0.00000    -0.37800   -0.59700   3.22500    -2.12800   -0.59300   39.45200
A-T        0.00000    0.00000    0.00000    0.00000    0.00000    0.00000    0.13400    -1.01800   3.05000    2.62000    -6.08100   32.09400
G-C        0.00000    0.00000    0.00000    0.00000    0.00000    0.00000    0.92900    -0.52700   2.87900    -1.17000   -8.55900   33.48800
C-G        0.00000    0.00000    0.00000    0.00000    0.00000    0.00000    -0.67600   -0.12300   3.12600    12.51100   -5.63500   33.19900
G-C        0.00000    0.00000    0.00000    0.00000    0.00000    0.00000    0.04800    1.55200    5.41000    0.17000    60.13600   13.23400
C-G        0.00000    0.00000    0.00000    0.00000    0.00000    0.00000    0.71600    -0.08600   3.08800    -11.70500  -4.91800   33.29500
T-A        0.00000    0.00000    0.00000    0.00000    0.00000    0.00000    -0.96000   -0.48300   2.89500    0.90300    -7.59500   33.59800
C-G        0.00000    0.00000    0.00000    0.00000    0.00000    0.00000    -0.12000   -0.98300   3.10400    -2.85000   -6.36700   31.79800
A-T        0.00000    0.00000    0.00000    0.00000    0.00000    0.00000    0.32300    -0.59400   3.18200    1.62100    -0.34800   39.44400
C-G        0.00000    0.00000    0.00000    0.00000    0.00000    0.00000    0.92900    -1.59400   3.28000    2.06500    -8.65200   31.93200
A-T        0.00000    0.00000    0.00000    0.00000    0.00000    0.00000    0.27000    -1.09600   3.26900    -0.64700   -9.99800   39.98900
