147 # base pairs
  0 # ***local base-pair & step parameters***
#          Shear      Stretch    Stagger    Buckle     Prop-Tw    Opening    Shift      Slide      Rise       Tilt       Roll       Twist
T-A        0.00000    0.00000    0.00000    0.00000    0.00000    0.00000    0.00000    0.00000    0.00000    0.00000    0.00000    0.00000
G-C        0.00000    0.00000    0.00000    0.00000    0.00000    0.00000    -0.52900   -0.91400   3.45700    -1.68900   -11.71200  37.48600
T-A        0.00000    0.00000    0.00000    0.00000    0.00000    0.00000    -0.90500   -1.56600   3.20600    -2.28600   -8.20700   32.14700
G-C        0.00000    0.00000    0.00000    0.00000    0.00000    0.00000    -0.37800   -0.59600   3.22500    -2.16700   -0.60300   39.43900
A-T        0.00000    0.00000    0.00000    0.00000    0.00000    0.00000    0.13400    -1.01800   3.05000    2.61000    -6.09300   32.09300
G-C        0.00000    0.00000    0.00000    0.00000    0.00000    0.00000    0.92900    -0.52800   2.87800    -1.17000   -8.57000   33.49400
C-G        0.00000    0.00000    0.00000    0.00000    0.00000    0.00000    -0.67600   -0.12200   3.12700    12.55900   -5.64700   33.21100
G-C        0.00000    0.00000    0.00000    0.00000    0.00000    0.00000    0.04900    1.55300    5.41000    0.14200    60.15100   13.21000
C-G        0.00000    0.00000    0.00000    0.00000    0.00000    0.00000    0.71500    -0.08700   3.08800    -11.72400  -4.90600   33.28700
T-A        0.00000    0.00000    0.00000    0.00000    0.00000    0.00000    -0.96000   -0.48500   2.89400    0.89600    -7.58500   33.58500
C-G        0.00000    0.00000    0.00000    0.00000    0.00000    0.00000    -0.12000   -0.98300   3.10600    -2.86200   -6.42300   31.82500
A-T        0.00000    0.00000    0.00000    0.00000    0.00000    0.00000    0.32200    -0.59300   3.18200    1.65600    -0.34900   39.43600
C-G        0.00000    0.00000    0.00000    0.00000    0.00000    0.00000    0.92900    -1.59300   3.28000    2.06100    -8.65300   31.94300
A-T        0.00000    0.00000    0.00000    0.00000    0.00000    0.00000    0.27000    -1.09600   3.26800    -0.64500   -9.98900   39.97000
A-T        0.00000    0.00000    0.00000    0.00000    0.00000    0.00000    0.04410    -0.03648   3.25220    -0.05866   2.30626    36.93464
T-A        0.00000    0.00000    0.00000    0.00000    0.00000    0.00000    0.02011    -0.74196   3.30874    0.21608    -1.89202   33.85470
T-A        0.00000    0.00000    0.00000    0.00000    0.00000    0.00000    0.00359    -0.38386   3.26291    0.53682    -2.16173   36.83498
T-A        0.00000    0.00000    0.00000    0.00000    0.00000    0.00000    0.00925    -0.25187   3.27694    0.37789    -1.10615   36.38750
A-T        0.00000    0.00000    0.00000    0.00000    0.00000    0.00000    0.02987    0.34116    3.49473    0.64336    -4.59003   44.97895
T-A        0.00000    0.00000    0.00000    0.00000    0.00000    0.00000    -0.08186   -0.67329   3.28476    -0.34659   -3.09279   33.43914
T-A        0.00000    0.00000    0.00000    0.00000    0.00000    0.00000    -0.00081   -0.22949   3.24775    0.78122    -2.71809   37.93859
C-G        0.00000    0.00000    0.00000    0.00000    0.00000    0.00000    -0.05270   0.05001    3.31092    -0.09361   1.21697    37.72116
G-C        0.00000    0.00000    0.00000    0.00000    0.00000    0.00000    -0.19726   0.61533    3.35316    -2.20460   8.94274    34.30495
C-G        0.00000    0.00000    0.00000    0.00000    0.00000    0.00000    -0.15014   -0.42448   3.26087    -1.38748   3.25499    32.03262
A-T        0.00000    0.00000    0.00000    0.00000    0.00000    0.00000    -0.09717   0.54273    3.31728    -0.97629   4.66618    37.04536
A-T        0.00000    0.00000    0.00000    0.00000    0.00000    0.00000    0.07988    -0.13028   3.28244    0.43481    1.32794    36.07290
A-T        0.00000    0.00000    0.00000    0.00000    0.00000    0.00000    -0.03998   -0.34147   3.25180    -0.04123   -0.48668   36.30749
G-C        0.00000    0.00000    0.00000    0.00000    0.00000    0.00000    0.00476    -0.49350   3.36965    0.51678    3.24270    33.51095
G-C        0.00000    0.00000    0.00000    0.00000    0.00000    0.00000    0.03023    -0.33901   3.45447    0.26498    3.29902    36.70717
C-G        0.00000    0.00000    0.00000    0.00000    0.00000    0.00000    0.02359    -0.35389   3.28568    0.43282    2.39774    35.27236
C-G        0.00000    0.00000    0.00000    0.00000    0.00000    0.00000    -0.24646   -0.20545   3.37092    -0.19124   3.24320    35.10170
G-C        0.00000    0.00000    0.00000    0.00000    0.00000    0.00000    -0.06531   0.41416    3.12177    -0.35912   5.26767    32.92489
G-C        0.00000    0.00000    0.00000    0.00000    0.00000    0.00000    0.17336    -0.17608   3.35916    -0.28416   3.61725    35.15906
C-G        0.00000    0.00000    0.00000    0.00000    0.00000    0.00000    -0.04210   -0.33893   3.28023    -0.48591   2.70767    35.19905
C-G        0.00000    0.00000    0.00000    0.00000    0.00000    0.00000    0.27683    -0.30698   3.39727    0.11134    3.58677    35.34778
C-G        0.00000    0.00000    0.00000    0.00000    0.00000    0.00000    0.08312    -0.25285   3.39491    1.43837    3.58914    35.88106
G-C        0.00000    0.00000    0.00000    0.00000    0.00000    0.00000    -0.22546   0.95138    3.33341    -1.34833   3.75990    35.66832
A-T        0.00000    0.00000    0.00000    0.00000    0.00000    0.00000    -0.07985   -0.06150   3.19543    -0.62204   0.09521    36.97491
C-G        0.00000    0.00000    0.00000    0.00000    0.00000    0.00000    0.09424    -0.49845   3.18072    0.26875    2.71957    32.46847
A-T        0.00000    0.00000    0.00000    0.00000    0.00000    0.00000    0.04784    -0.02901   3.40082    -0.39497   4.09459    37.50216
C-G        0.00000    0.00000    0.00000    0.00000    0.00000    0.00000    0.16188    -0.49959   3.28401    0.28640    2.60894    32.49066
G-C        0.00000    0.00000    0.00000    0.00000    0.00000    0.00000    0.02473    0.52827    3.31672    0.96996    3.80316    37.90181
A-T        0.00000    0.00000    0.00000    0.00000    0.00000    0.00000    -0.05318   -0.04759   3.19873    -0.31613   -0.25900   37.19513
C-G        0.00000    0.00000    0.00000    0.00000    0.00000    0.00000    -0.08053   -0.60860   3.25921    0.54618    2.37517    33.39449
T-A        0.00000    0.00000    0.00000    0.00000    0.00000    0.00000    0.01706    -0.67696   3.55614    -0.22040   1.97371    36.44459
T-A        0.00000    0.00000    0.00000    0.00000    0.00000    0.00000    -0.00215   -0.22852   3.21727    -1.20738   -1.27640   34.38215
A-T        0.00000    0.00000    0.00000    0.00000    0.00000    0.00000    0.03950    0.42901    3.39497    -0.19288   -1.12958   42.25116
C-G        0.00000    0.00000    0.00000    0.00000    0.00000    0.00000    -0.04435   -0.69288   3.27524    -0.16259   1.54854    33.21209
T-A        0.00000    0.00000    0.00000    0.00000    0.00000    0.00000    -0.00428   -0.40221   3.37890    -0.39292   4.83523    33.71545
G-C        0.00000    0.00000    0.00000    0.00000    0.00000    0.00000    0.01823    0.01192    3.40279    -0.93090   7.99355    35.76882
T-A        0.00000    0.00000    0.00000    0.00000    0.00000    0.00000    -0.00676   -0.52733   3.17571    0.15884    3.06308    31.86127
A-T        0.00000    0.00000    0.00000    0.00000    0.00000    0.00000    0.05430    0.37964    3.37821    1.16049    4.27034    38.99863
G-C        0.00000    0.00000    0.00000    0.00000    0.00000    0.00000    -0.17920   -0.13090   3.25732    0.86173    5.34352    32.81842
G-C        0.00000    0.00000    0.00000    0.00000    0.00000    0.00000    0.10378    -0.67378   3.53256    1.32224    4.32779    36.10779
T-A        0.00000    0.00000    0.00000    0.00000    0.00000    0.00000    0.14101    -0.49002   3.26783    0.91971    -0.49556   32.82245
A-T        0.00000    0.00000    0.00000    0.00000    0.00000    0.00000    0.02022    -0.28223   3.38907    0.31201    0.06979    38.88767
T-A        0.00000    0.00000    0.00000    0.00000    0.00000    0.00000    -0.03092   -0.73621   3.22544    -0.39914   -2.35129   33.23363
C-G        0.00000    0.00000    0.00000    0.00000    0.00000    0.00000    0.08041    -0.27924   3.39175    -1.16997   -0.19739   40.17269
T-A        0.00000    0.00000    0.00000    0.00000    0.00000    0.00000    0.09336    -0.31465   3.36089    -0.89047   3.51312    33.69627
C-G        0.00000    0.00000    0.00000    0.00000    0.00000    0.00000    -0.12889   -0.02776   3.39777    -0.90091   2.51819    37.25504
G-C        0.00000    0.00000    0.00000    0.00000    0.00000    0.00000    -0.07730   0.55168    3.35622    -0.99674   13.26486   32.73944
A-T        0.00000    0.00000    0.00000    0.00000    0.00000    0.00000    -0.05923   0.10788    3.33818    -1.07909   3.59429    36.63195
G-C        0.00000    0.00000    0.00000    0.00000    0.00000    0.00000    0.06480    -0.20325   3.33627    1.09128    4.48688    33.07542
C-G        0.00000    0.00000    0.00000    0.00000    0.00000    0.00000    0.12000    -0.46112   3.41259    1.65152    1.76205    36.80220
T-A        0.00000    0.00000    0.00000    0.00000    0.00000    0.00000    0.50344    -0.41579   3.48399    4.88872    0.06601    36.48110
T-A        0.00000    0.00000    0.00000    0.00000    0.00000    0.00000    0.07732    -0.26722   3.22526    0.83884    -0.82701   36.10142
C-G        0.00000    0.00000    0.00000    0.00000    0.00000    0.00000    -0.07183   0.29162    3.41015    -0.10987   -2.35746   39.59964
A-T        0.00000    0.00000    0.00000    0.00000    0.00000    0.00000    -0.47321   0.60643    3.34973    -3.60320   4.13780    37.45454
T-A        0.00000    0.00000    0.00000    0.00000    0.00000    0.00000    -0.04732   -0.50535   3.24833    -0.96444   2.00868    31.57231
G-C        0.00000    0.00000    0.00000    0.00000    0.00000    0.00000    -0.13468   -0.14321   3.52881    -3.06518   6.51706    37.52990
T-A        0.00000    0.00000    0.00000    0.00000    0.00000    0.00000    -0.02791   -0.66920   3.28637    -0.45845   2.19196    32.56202
T-A        0.00000    0.00000    0.00000    0.00000    0.00000    0.00000    -0.03310   -0.19794   3.14637    -0.14609   5.31976    33.70217
A-T        0.00000    0.00000    0.00000    0.00000    0.00000    0.00000    0.07597    0.30622    3.35506    1.51987    5.19875    37.61278
T-A        0.00000    0.00000    0.00000    0.00000    0.00000    0.00000    0.03004    -0.70588   3.20013    1.85755    0.03251    31.73080
A-T        0.00000    0.00000    0.00000    0.00000    0.00000    0.00000    0.07349    0.45397    3.46422    2.74579    -4.81146   43.86892
A-T        0.00000    0.00000    0.00000    0.00000    0.00000    0.00000    0.08829    -0.21095   3.25691    0.45393    -5.20216   38.13075
C-G        0.00000    0.00000    0.00000    0.00000    0.00000    0.00000    -0.07067   -0.68796   3.43984    -0.54443   -4.19365   35.43744
G-C        0.00000    0.00000    0.00000    0.00000    0.00000    0.00000    -0.03920   0.19950    3.27351    -3.10251   -0.36831   39.57739
G-C        0.00000    0.00000    0.00000    0.00000    0.00000    0.00000    -0.38844   -0.25084   3.31376    -3.12058   4.26868    32.90533
A-T        0.00000    0.00000    0.00000    0.00000    0.00000    0.00000    -0.04699   -0.10021   3.23887    -1.67288   4.42422    36.40517
C-G        0.00000    0.00000    0.00000    0.00000    0.00000    0.00000    0.04539    -0.60488   3.22625    0.35686    2.28299    31.17751
G-C        0.00000    0.00000    0.00000    0.00000    0.00000    0.00000    0.16157    0.40051    3.23409    -0.27363   14.44414   29.74072
G-C        0.00000    0.00000    0.00000    0.00000    0.00000    0.00000    0.15858    -0.32424   3.34236    1.05695    6.13937    33.89786
G-C        0.00000    0.00000    0.00000    0.00000    0.00000    0.00000    0.31638    -0.34849   3.36156    3.54187    7.03379    33.63209
A-T        0.00000    0.00000    0.00000    0.00000    0.00000    0.00000    0.02344    -0.28165   3.34187    2.27174    -0.56409   37.79401
T-A        0.00000    0.00000    0.00000    0.00000    0.00000    0.00000    0.02615    -0.61370   3.26274    0.85362    -0.59523   32.36668
C-G        0.00000    0.00000    0.00000    0.00000    0.00000    0.00000    0.08056    -0.33433   3.39256    -0.07991   -3.42159   39.02181
C-G        0.00000    0.00000    0.00000    0.00000    0.00000    0.00000    -0.19495   -0.14284   3.29813    -1.79398   3.71215    32.94191
G-C        0.00000    0.00000    0.00000    0.00000    0.00000    0.00000    -0.07312   0.47145    3.27468    -2.85611   4.22223    35.47850
C-G        0.00000    0.00000    0.00000    0.00000    0.00000    0.00000    -0.29021   -0.50807   3.41873    -3.25589   1.35087    35.17660
T-A        0.00000    0.00000    0.00000    0.00000    0.00000    0.00000    -0.21430   -0.43736   3.40826    -1.72172   4.52589    34.56778
T-A        0.00000    0.00000    0.00000    0.00000    0.00000    0.00000    0.06203    -0.36492   3.21612    -0.66746   3.04095    34.45675
T-A        0.00000    0.00000    0.00000    0.00000    0.00000    0.00000    0.02915    -0.08445   3.21925    0.22678    5.56326    33.78256
A-T        0.00000    0.00000    0.00000    0.00000    0.00000    0.00000    0.20985    0.18636    3.36877    2.00824    8.20222    35.90792
A-T        0.00000    0.00000    0.00000    0.00000    0.00000    0.00000    0.07230    -0.23732   3.19089    2.20353    0.55726    35.46742
C-G        0.00000    0.00000    0.00000    0.00000    0.00000    0.00000    0.07820    -0.62486   3.34738    1.90411    -2.21222   34.30105
A-T        0.00000    0.00000    0.00000    0.00000    0.00000    0.00000    0.10742    -0.02600   3.36549    -0.50225   0.23044    38.11583
C-G        0.00000    0.00000    0.00000    0.00000    0.00000    0.00000    -0.00372   -0.75049   3.33886    -0.77925   -0.68671   32.71900
T-A        0.00000    0.00000    0.00000    0.00000    0.00000    0.00000    0.01237    -0.74031   3.54546    -2.13634   0.62970    35.17380
T-A        0.00000    0.00000    0.00000    0.00000    0.00000    0.00000    0.03021    -0.37076   3.23290    -1.14274   -0.87480   35.61572
T-A        0.00000    0.00000    0.00000    0.00000    0.00000    0.00000    -0.04587   -0.14205   3.24574    -1.02797   2.92033    34.72416
A-T        0.00000    0.00000    0.00000    0.00000    0.00000    0.00000    0.02965    0.23167    3.31245    -0.97283   6.90411    34.66699
T-A        0.00000    0.00000    0.00000    0.00000    0.00000    0.00000    0.01296    -0.72472   3.12335    0.42042    4.48054    28.30064
G-C        0.00000    0.00000    0.00000    0.00000    0.00000    0.00000    0.02542    -0.26437   3.32970    0.66679    6.53949    37.18675
C-G        0.00000    0.00000    0.00000    0.00000    0.00000    0.00000    0.23378    -0.42462   3.29350    0.90339    2.43815    33.97288
T-A        0.00000    0.00000    0.00000    0.00000    0.00000    0.00000    0.42701    -0.44539   3.46414    4.36920    0.61720    35.61731
T-A        0.00000    0.00000    0.00000    0.00000    0.00000    0.00000    0.02131    -0.26532   3.21643    0.78723    0.14183    35.26326
C-G        0.00000    0.00000    0.00000    0.00000    0.00000    0.00000    0.03592    -0.24118   3.38549    -0.11813   -1.26307   38.18135
C-G        0.00000    0.00000    0.00000    0.00000    0.00000    0.00000    -0.30081   -0.11479   3.28573    -2.09010   5.37412    32.66582
G-C        0.00000    0.00000    0.00000    0.00000    0.00000    0.00000    -0.24414   0.36473    3.09083    -2.28976   5.63781    31.80207
G-C        0.00000    0.00000    0.00000    0.00000    0.00000    0.00000    0.08010    -0.21264   3.32943    -1.39914   4.86549    34.35114
C-G        0.00000    0.00000    0.00000    0.00000    0.00000    0.00000    0.11897    -0.58319   3.29023    -0.70474   3.22350    33.94148
T-A        0.00000    0.00000    0.00000    0.00000    0.00000    0.00000    -0.02440   -0.26610   3.31153    0.32414    4.70989    31.99653
C-G        0.00000    0.00000    0.00000    0.00000    0.00000    0.00000    0.24737    0.15657    3.27321    3.04635    3.63415    35.52173
G-C        0.00000    0.00000    0.00000    0.00000    0.00000    0.00000    0.10682    0.49312    3.29564    1.73799    4.64535    36.13671
T-A        0.00000    0.00000    0.00000    0.00000    0.00000    0.00000    0.25600    -0.70892   3.26774    0.38292    2.23615    32.84281
A-T        0.00000    0.00000    0.00000    0.00000    0.00000    0.00000    0.00001    -0.45620   3.38016    0.84317    2.30832    36.56866
T-A        0.00000    0.00000    0.00000    0.00000    0.00000    0.00000    -0.03058   -0.71348   3.20507    0.02878    -1.51008   31.06655
A-T        0.00000    0.00000    0.00000    0.00000    0.00000    0.00000    -0.07752   0.34152    3.42886    -0.12812   -1.85983   41.09073
A-T        0.00000    0.00000    0.00000    0.00000    0.00000    0.00000    -0.05422   -0.32801   3.23500    -0.59874   0.86293    35.10782
T-A        0.00000    0.00000    0.00000    0.00000    0.00000    0.00000    -0.00025   -0.63724   3.27082    -0.21563   0.07631    31.84612
G-C        0.00000    0.00000    0.00000    0.00000    0.00000    0.00000    -0.02558   -0.11234   3.46824    -0.87937   5.33260    37.11600
T-A        0.00000    0.00000    0.00000    0.00000    0.00000    0.00000    0.09589    -0.49060   3.23924    0.06379    1.28470    30.89889
G-C        0.00000    0.00000    0.00000    0.00000    0.00000    0.00000    0.02268    -0.05953   3.36395    0.87240    4.59607    36.07956
T-A        0.00000    0.00000    0.00000    0.00000    0.00000    0.00000    -0.07583   -0.51018   3.18104    0.11387    2.52916    31.81174
C-G        0.00000    0.00000    0.00000    0.00000    0.00000    0.00000    0.11090    -0.06536   3.17803    0.98888    -0.11592   36.38643
G-C        0.00000    0.00000    0.00000    0.00000    0.00000    0.00000    -0.01600   0.52662    3.29149    -0.10998   7.44955    32.77098
A-T        0.00000    0.00000    0.00000    0.00000    0.00000    0.00000    -0.12674   -0.06244   3.17548    -1.08422   -0.05740   36.35257
C-G        0.00000    0.00000    0.00000    0.00000    0.00000    0.00000    -0.16114   -0.79203   3.20928    -0.24282   2.50916    32.40749
C-G        0.00000    0.00000    0.00000    0.00000    0.00000    0.00000    0.09793    -0.47670   3.37697    0.43007    6.50747    32.27970
A-T        0.00000    0.00000    0.00000    0.00000    0.00000    0.00000    -0.01106   0.76594    3.31925    -0.39539   5.40297    35.96961
A-T        0.00000    0.00000    0.00000    0.00000    0.00000    0.00000    0.08668    -0.15029   3.27911    0.62619    0.59701    35.50041
A-T        0.00000    0.00000    0.00000    0.00000    0.00000    0.00000    0.01416    -0.38172   3.26364    0.24984    -2.63262   36.56319
T-A        0.00000    0.00000    0.00000    0.00000    0.00000    0.00000    0.04440    -0.68353   3.27676    0.42200    -0.69589   31.96066
G-C        0.00000    0.00000    0.00000    0.00000    0.00000    0.00000    -0.52900   -0.91300   3.45600    -1.68800   -11.71000  37.48700
T-A        0.00000    0.00000    0.00000    0.00000    0.00000    0.00000    -0.90400   -1.56500   3.20800    -2.31200   -8.23700   32.15000
G-C        0.00000    0.00000    0.00000    0.00000    0.00000    0.00000    -0.37800   -0.59700   3.22500    -2.12800   -0.59300   39.45200
A-T        0.00000    0.00000    0.00000    0.00000    0.00000    0.00000    0.13400    -1.01800   3.05000    2.62000    -6.08100   32.09400
G-C        0.00000    0.00000    0.00000    0.00000    0.00000    0.00000    0.92900    -0.52700   2.87900    -1.17000   -8.55900   33.48800
C-G        0.00000    0.00000    0.00000    0.00000    0.00000    0.00000    -0.67600   -0.12300   3.12600    12.51100   -5.63500   33.19900
G-C        0.00000    0.00000    0.00000    0.00000    0.00000    0.00000    0.04800    1.55200    5.41000    0.17000    60.13600   13.23400
C-G        0.00000    0.00000    0.00000    0.00000    0.00000    0.00000    0.71600    -0.08600   3.08800    -11.70500  -4.91800   33.29500
T-A        0.00000    0.00000    0.00000    0.00000    0.00000    0.00000    -0.96000   -0.48300   2.89500    0.90300    -7.59500   33.59800
C-G        0.00000    0.00000    0.00000    0.00000    0.00000    0.00000    -0.12000   -0.98300   3.10400    -2.85000   -6.36700   31.79800
A-T        0.00000    0.00000    0.00000    0.00000    0.00000    0.00000    0.32300    -0.59400   3.18200    1.62100    -0.34800   39.44400
C-G        0.00000    0.00000    0.00000    0.00000    0.00000    0.00000    0.92900    -1.59400   3.28000    2.06500    -8.65200   31.93200
A-T        0.00000    0.00000    0.00000    0.00000    0.00000    0.00000    0.27000    -1.09600   3.26900    -0.64700   -9.99800   39.98900
