 147 # base-pairs
   0 # ***local base-pair & step parameters***
#        Shear    Stretch   Stagger   Buckle   Prop-Tw   Opening     Shift     Slide     Rise      Tilt      Roll      Twist
T-A      0.000     0.000     0.000    -0.001     0.010     0.002     0.000     0.000     0.000     0.000     0.000     0.000
G-C     -0.000    -0.001     0.001    -0.008    -0.011     0.003    -0.529    -0.914     3.457    -1.689   -11.712    37.486
T-A      0.001    -0.000    -0.001     0.018    -0.003     0.007    -0.905    -1.566     3.206    -2.286    -8.207    32.147
G-C      0.000     0.000     0.001    -0.002    -0.002     0.009    -0.378    -0.596     3.225    -2.167    -0.603    39.439
A-T     -0.000     0.001     0.000     0.006     0.019     0.005     0.134    -1.018     3.050     2.610    -6.093    32.093
G-C     -0.000    -0.000     0.000     0.007     0.052     0.004     0.929    -0.528     2.878    -1.170    -8.570    33.494
C-G      0.001    -0.000     0.000    -0.010    -0.027    -0.001    -0.676    -0.122     3.127    12.559    -5.647    33.211
G-C      0.000     0.000     0.000     0.018    -0.006    -0.002     0.049     1.553     5.410     0.142    60.151    13.210
C-G     -0.001     0.000     0.002    -0.003    -0.005    -0.005     0.715    -0.087     3.088   -11.724    -4.906    33.287
T-A     -0.000     0.000    -0.000     0.023    -0.006    -0.001    -0.960    -0.485     2.894     0.896    -7.585    33.585
C-G      0.001    -0.000     0.001    -0.001    -0.003     0.010    -0.120    -0.983     3.106    -2.862    -6.423    31.825
A-T      0.000    -0.000     0.000    -0.017    -0.030    -0.009     0.322    -0.593     3.182     1.656    -0.349    39.436
C-G     -0.000    -0.001     0.001    -0.024     0.003    -0.003     0.929    -1.593     3.280     2.061    -8.653    31.943
A-T     -0.000     0.000     0.000     0.008    -0.001     0.008     0.270    -1.096     3.268    -0.645    -9.989    39.970
A-T      0.001     0.000    -0.000    -0.003     0.007     0.003     0.004    -0.004     3.397     4.528     1.163    34.278
T-A     -0.000    -0.000    -0.001     0.002     0.003    -0.000     0.000    -0.005     3.397     4.301    -1.474    34.263
T-A     -0.000    -0.000     0.000     0.007     0.002     0.003    -0.003    -0.005     3.397     2.670    -3.476    34.274
T-A     -0.002    -0.000     0.001    -0.018     0.016    -0.017    -0.006    -0.003     3.398     0.300    -4.259    34.262
A-T      0.000    -0.000     0.001     0.002    -0.011    -0.008    -0.005     0.001     3.397    -2.006    -3.569    34.288
T-A      0.000    -0.000    -0.000    -0.024     0.004     0.006    -0.004     0.004     3.399    -3.494    -1.801    34.271
T-A      0.000     0.000    -0.001    -0.008     0.002    -0.008    -0.001     0.006     3.398    -3.748     0.407    34.270
C-G      0.000     0.000    -0.000     0.007     0.008    -0.002     0.003     0.006     3.399    -2.776     2.327    34.273
G-C      0.000    -0.000    -0.001     0.011     0.014     0.008     0.005     0.004     3.400    -0.987     3.308    34.273
C-G     -0.000     0.000     0.000    -0.002    -0.008     0.013     0.007     0.000     3.400     0.939     3.134    34.271
A-T     -0.001    -0.000     0.001    -0.002    -0.006    -0.003     0.005    -0.003     3.400     2.389     1.991    34.270
A-T      0.001    -0.000    -0.000    -0.000     0.001    -0.000     0.002    -0.006     3.401     2.926     0.327    34.278
A-T     -0.000    -0.001     0.001     0.003    -0.006    -0.011    -0.002    -0.006     3.401     2.458    -1.280    34.266
G-C      0.001    -0.000    -0.001     0.012     0.021     0.011    -0.004    -0.004     3.401     1.278    -2.277    34.281
G-C     -0.000     0.000    -0.001     0.007    -0.000     0.014    -0.006    -0.000     3.402    -0.190    -2.424    34.266
C-G     -0.001    -0.000    -0.000    -0.007     0.006     0.006    -0.006     0.003     3.402    -1.397    -1.792    34.272
C-G     -0.000     0.000    -0.001     0.011     0.001    -0.007    -0.003     0.005     3.402    -1.999    -0.659    34.273
G-C      0.001    -0.001    -0.000     0.006    -0.001     0.006     0.001     0.006     3.402    -1.866     0.514    34.275
G-C     -0.000    -0.000    -0.001     0.014     0.005    -0.002     0.004     0.005     3.402    -1.167     1.349    34.270
C-G     -0.001    -0.001     0.000     0.002    -0.007    -0.019     0.005     0.002     3.403    -0.212     1.624    34.266
C-G      0.000     0.000     0.001    -0.014    -0.007     0.012     0.006    -0.002     3.403     0.648     1.296    34.283
C-G     -0.001    -0.000    -0.000     0.013    -0.012    -0.012     0.003    -0.005     3.402     1.152     0.641    34.263
G-C      0.000    -0.000    -0.000    -0.005     0.014    -0.004     0.002    -0.006     3.404     1.149    -0.101    34.279
A-T      0.001    -0.000    -0.000     0.001    -0.012     0.007    -0.002    -0.005     3.403     0.781    -0.616    34.276
C-G     -0.001    -0.000     0.001    -0.010    -0.010    -0.010    -0.005    -0.003     3.404     0.238    -0.831    34.259
A-T     -0.001    -0.000    -0.000     0.010    -0.013    -0.004    -0.005     0.001     3.403    -0.212    -0.651    34.275
C-G      0.001    -0.000     0.000     0.004     0.006     0.007    -0.004     0.004     3.403    -0.456    -0.315    34.281
G-C      0.000    -0.000     0.000    -0.002     0.023     0.010    -0.002     0.005     3.404    -0.407     0.023    34.274
A-T     -0.001    -0.000    -0.000     0.006    -0.016    -0.014     0.001     0.005     3.403    -0.188     0.186    34.260
C-G      0.000    -0.001     0.001    -0.013     0.013    -0.013     0.005     0.003     3.404     0.038     0.137    34.283
T-A     -0.000    -0.000     0.002    -0.005    -0.016     0.008     0.006    -0.001     3.403     0.128    -0.049    34.271
T-A     -0.000    -0.000     0.001     0.001     0.003    -0.005     0.004    -0.004     3.403     0.008    -0.239    34.268
A-T      0.000    -0.000    -0.000    -0.006    -0.016    -0.008     0.002    -0.005     3.404    -0.254    -0.277    34.277
C-G      0.000    -0.000     0.000    -0.008     0.009     0.003    -0.001    -0.005     3.403    -0.530    -0.069    34.267
T-A      0.000    -0.000     0.000     0.021    -0.019     0.003    -0.004    -0.004     3.403    -0.586     0.313    34.276
T-A      0.000    -0.001    -0.000     0.005     0.003    -0.002    -0.006    -0.001     3.404    -0.362     0.732    34.271
C-G     -0.000    -0.000     0.001    -0.002     0.000    -0.011    -0.005     0.002     3.403     0.134     0.948    34.269
A-T      0.001    -0.000     0.000    -0.010    -0.005     0.011    -0.002     0.005     3.404     0.781     0.828    34.276
T-A      0.001    -0.000     0.000     0.010     0.006     0.011     0.000     0.006     3.402     1.240     0.297    34.276
G-C      0.000    -0.000     0.000    -0.011     0.011    -0.011     0.003     0.005     3.403     1.337    -0.515    34.272
T-A      0.001    -0.000     0.000     0.002    -0.003    -0.005     0.005     0.002     3.402     0.915    -1.301    34.272
T-A     -0.000    -0.000    -0.001     0.002    -0.002    -0.005     0.006    -0.001     3.402     0.052    -1.755    34.266
A-T      0.001    -0.000    -0.000     0.017     0.005     0.004     0.005    -0.005     3.402    -1.029    -1.613    34.281
T-A      0.000    -0.000    -0.001     0.015     0.005     0.006     0.001    -0.006     3.402    -1.883    -0.841    34.264
A-T     -0.000    -0.000     0.000    -0.002    -0.005    -0.011    -0.003    -0.006     3.403    -2.218     0.383    34.271
A-T      0.001    -0.001     0.001     0.003    -0.009     0.002    -0.005    -0.003     3.402    -1.764     1.642    34.281
C-G     -0.001    -0.000     0.000     0.000     0.016    -0.004    -0.007     0.000     3.402    -0.589     2.490    34.263
G-C     -0.000     0.000     0.000     0.011    -0.017    -0.003    -0.005     0.004     3.401     0.952     2.566    34.272
G-C      0.000    -0.000    -0.001     0.006     0.013     0.010    -0.002     0.006     3.401     2.352     1.720    34.270
A-T      0.000    -0.000     0.001    -0.006    -0.004     0.008     0.002     0.006     3.401     3.067     0.126    34.276
G-C     -0.000    -0.001    -0.000    -0.022     0.004    -0.012     0.005     0.004     3.401     2.798    -1.658    34.269
T-A     -0.000     0.000     0.000    -0.014    -0.003     0.011     0.007     0.001     3.400     1.479    -3.073    34.273
A-T     -0.000     0.000    -0.000    -0.005     0.007    -0.005     0.005    -0.003     3.399    -0.487    -3.541    34.270
G-C     -0.000     0.000    -0.000    -0.004    -0.001     0.003     0.003    -0.006     3.399    -2.478    -2.812    34.273
G-C      0.000     0.000    -0.001     0.005     0.005     0.004    -0.001    -0.006     3.398    -3.769    -1.032    34.272
T-A      0.000     0.000    -0.001     0.017     0.010     0.014    -0.004    -0.004     3.398    -3.864     1.281    34.276
A-T     -0.000    -0.000     0.001    -0.005     0.005    -0.000    -0.006    -0.002     3.399    -2.620     3.309    34.271
T-A     -0.000    -0.000    -0.001    -0.012     0.016    -0.001    -0.006     0.002     3.397    -0.358     4.364    34.273
C-G      0.000     0.000    -0.002     0.022     0.014    -0.004    -0.003     0.006     3.396     2.173     3.960    34.276
T-A      0.001     0.000     0.000    -0.009     0.025     0.012     0.001     0.006     3.398     4.094     2.182    34.271
C-G      0.000    -0.000    -0.001     0.008    -0.003     0.014     0.003     0.005     3.396     4.758    -0.457    34.269
G-C      0.000    -0.000    -0.001     0.024     0.000     0.010     0.005     0.003     3.395     3.799    -3.077    34.277
A-T     -0.001     0.000     0.000     0.005     0.001    -0.009     0.004    -0.002     3.396     1.498    -4.745    34.265
G-C      0.000     0.000    -0.001     0.000    -0.005    -0.008     0.002    -0.004     3.395    -1.386    -4.908    34.274
C-G     -0.001     0.001     0.001    -0.021     0.005    -0.009     0.000    -0.004     3.396    -3.926    -3.374    34.268
T-A      0.000     0.000    -0.001     0.007     0.007     0.006    -0.002    -0.003     3.394    -5.173    -0.660    34.276
C-G      0.000    -0.000     0.000     0.008    -0.016    -0.001    -0.003    -0.000     3.394    -4.745     2.334    34.278
G-C      0.001    -0.000     0.001    -0.016    -0.024    -0.005    -0.002     0.002     3.395    -2.685     4.597    34.281
G-C     -0.000    -0.000     0.002    -0.011    -0.016    -0.003    -0.000     0.002     3.394     0.281     5.328    34.262
G-C      0.001    -0.000    -0.000    -0.008    -0.015    -0.004     0.002     0.002     3.394     3.203     4.301    34.282
A-T      0.000    -0.000    -0.001     0.011    -0.006     0.002     0.003     0.000     3.394     5.023     1.827    34.261
T-A     -0.000     0.000     0.000    -0.002     0.005     0.000     0.003    -0.002     3.395     5.165    -1.226    34.271
C-G      0.001    -0.000     0.001     0.000     0.018     0.007     0.000    -0.004     3.394     3.605    -3.831    34.279
C-G     -0.000     0.000     0.001     0.005    -0.031     0.003    -0.003    -0.003     3.395     0.876    -5.159    34.268
G-C      0.000     0.000    -0.001     0.002     0.006     0.005    -0.004    -0.001     3.395    -2.067    -4.716    34.277
C-G      0.000     0.000     0.000     0.006    -0.025     0.010    -0.003     0.002     3.395    -4.254    -2.752    34.270
T-A      0.001    -0.000     0.000     0.008    -0.014     0.004    -0.002     0.004     3.395    -4.967     0.058    34.275
T-A      0.001    -0.000    -0.001     0.008     0.004    -0.007     0.000     0.005     3.396    -4.019     2.730    34.277
T-A      0.001     0.000    -0.001     0.005    -0.003     0.003     0.004     0.004     3.397    -1.814     4.373    34.271
A-T     -0.001     0.000    -0.000    -0.004     0.006     0.004     0.005     0.001     3.397     0.875     4.547    34.266
A-T      0.000    -0.000    -0.000     0.015    -0.009     0.000     0.005    -0.002     3.396     3.134     3.197    34.277
C-G      0.000    -0.000     0.001     0.007    -0.013    -0.001     0.003    -0.005     3.398     4.226     0.903    34.274
A-T     -0.000    -0.000    -0.000     0.006    -0.013    -0.004    -0.000    -0.006     3.398     3.911    -1.517    34.270
C-G     -0.001     0.000     0.000    -0.004    -0.013    -0.007    -0.004    -0.005     3.399     2.317    -3.296    34.267
T-A      0.000    -0.000    -0.000     0.016     0.002     0.003    -0.006    -0.002     3.398     0.122    -3.859    34.274
T-A      0.000    -0.000    -0.001    -0.027    -0.010     0.001    -0.006     0.002     3.400    -1.942    -3.146    34.276
T-A     -0.000    -0.000    -0.001    -0.001    -0.003    -0.003    -0.004     0.006     3.399    -3.219    -1.478    34.272
A-T     -0.000     0.000     0.000    -0.003     0.012    -0.001    -0.001     0.006     3.400    -3.346     0.511    34.271
T-A      0.000     0.001     0.000    -0.008    -0.014     0.005     0.003     0.006     3.401    -2.373     2.144    34.275
G-C     -0.000    -0.000     0.000    -0.006    -0.002     0.011     0.006     0.003     3.400    -0.742     2.939    34.270
C-G      0.001    -0.001     0.001     0.019    -0.012    -0.008     0.006    -0.001     3.400     0.942     2.709    34.276
T-A      0.000    -0.000     0.000     0.009    -0.004     0.008     0.005    -0.004     3.402     2.150     1.634    34.272
T-A     -0.000    -0.000    -0.001    -0.003    -0.001    -0.004     0.001    -0.006     3.401     2.525     0.164    34.271
C-G      0.000     0.000     0.000    -0.022    -0.014    -0.001    -0.002    -0.006     3.402     2.042    -1.185    34.273
C-G      0.000    -0.000     0.001     0.008     0.012    -0.003    -0.005    -0.004     3.401     0.974    -1.962    34.271
G-C      0.000    -0.001    -0.001    -0.013     0.005    -0.004    -0.007    -0.001     3.402    -0.246    -2.011    34.268
G-C     -0.000    -0.000     0.001    -0.002    -0.006     0.004    -0.005     0.003     3.402    -1.238    -1.427    34.275
C-G      0.000     0.000    -0.002     0.014     0.015     0.014    -0.003     0.005     3.402    -1.633    -0.444    34.280
T-A     -0.000     0.000     0.002    -0.017    -0.025    -0.000     0.001     0.006     3.404    -1.495     0.471    34.266
C-G      0.000    -0.000    -0.001    -0.000     0.017     0.004     0.004     0.004     3.402    -0.834     1.100    34.272
G-C      0.001    -0.000    -0.001     0.006     0.020    -0.012     0.005     0.001     3.403    -0.079     1.245    34.275
T-A     -0.000    -0.000     0.000     0.013    -0.015     0.006     0.005    -0.002     3.403     0.543     0.948    34.270
A-T     -0.002     0.000     0.000     0.018     0.035     0.011     0.003    -0.004     3.403     0.839     0.389    34.261
T-A      0.000     0.000    -0.000    -0.012    -0.019    -0.007    -0.001    -0.005     3.404     0.772    -0.135    34.287
A-T     -0.000    -0.000    -0.000     0.017     0.003    -0.002    -0.003    -0.005     3.402     0.440    -0.442    34.267
A-T      0.001    -0.000    -0.000     0.015    -0.024    -0.009    -0.005    -0.002     3.403     0.069    -0.499    34.274
T-A     -0.001    -0.000     0.000    -0.008     0.010     0.011    -0.004     0.001     3.404    -0.181    -0.298    34.269
G-C      0.001    -0.000     0.001     0.004    -0.006    -0.006    -0.004     0.003     3.403    -0.206    -0.033    34.281
T-A      0.000     0.000    -0.000    -0.004    -0.001    -0.000    -0.001     0.005     3.404    -0.039     0.121    34.273
G-C      0.000    -0.000    -0.001     0.000    -0.011    -0.001     0.001     0.005     3.403     0.163     0.069    34.267
T-A      0.000     0.000    -0.000    -0.003    -0.018    -0.004     0.004     0.003     3.403     0.257    -0.153    34.271
C-G      0.000    -0.000     0.001     0.013     0.008     0.002     0.005    -0.000     3.403     0.127    -0.417    34.273
G-C     -0.001     0.000    -0.000    -0.000     0.017    -0.002     0.004    -0.003     3.404    -0.184    -0.564    34.269
A-T     -0.001     0.000    -0.001    -0.017     0.004     0.012     0.002    -0.004     3.404    -0.597    -0.419    34.276
C-G      0.000     0.000     0.001    -0.021    -0.002    -0.001    -0.001    -0.005     3.403    -0.897    -0.016    34.272
C-G      0.000    -0.000     0.000    -0.009     0.012     0.008    -0.004    -0.004     3.403    -0.850     0.594    34.275
A-T      0.000    -0.000     0.000    -0.006     0.008     0.008    -0.005    -0.001     3.402    -0.431     1.098    34.268
A-T     -0.001    -0.000    -0.000     0.011     0.009     0.004    -0.004     0.003     3.403     0.304     1.309    34.271
A-T      0.000    -0.000     0.000    -0.010    -0.010     0.007    -0.002     0.005     3.403     1.091     1.058    34.279
T-A     -0.001     0.000    -0.001    -0.003    -0.004    -0.001     0.000     0.006     3.402     1.639     0.273    34.261
G-C      0.000     0.000    -0.000     0.015    -0.003    -0.003    -0.529    -0.913     3.456    -1.688   -11.710    37.487
T-A      0.000    -0.000     0.001    -0.001    -0.011    -0.007    -0.904    -1.565     3.208    -2.312    -8.237    32.150
G-C      0.000    -0.000     0.001     0.019    -0.018    -0.008    -0.378    -0.597     3.225    -2.128    -0.593    39.452
A-T     -0.001    -0.000    -0.000     0.011     0.015    -0.002     0.134    -1.018     3.050     2.620    -6.081    32.094
G-C      0.001     0.000    -0.000    -0.019     0.002    -0.011     0.929    -0.527     2.879    -1.170    -8.559    33.488
C-G     -0.000     0.000     0.001    -0.002    -0.001     0.009    -0.676    -0.123     3.126    12.511    -5.635    33.199
G-C     -0.000     0.000    -0.001    -0.012     0.024     0.012     0.048     1.552     5.410     0.170    60.136    13.234
C-G     -0.000     0.000     0.000     0.000     0.010     0.004     0.716    -0.086     3.088   -11.705    -4.918    33.295
T-A      0.001    -0.000     0.000    -0.004    -0.012    -0.004    -0.960    -0.483     2.895     0.903    -7.595    33.598
C-G     -0.001    -0.000    -0.001     0.000    -0.002    -0.010    -0.120    -0.983     3.104    -2.850    -6.367    31.798
A-T     -0.000    -0.000     0.001     0.007    -0.016     0.002     0.323    -0.594     3.182     1.621    -0.348    39.444
C-G     -0.001     0.001     0.000     0.018     0.004    -0.005     0.929    -1.594     3.280     2.065    -8.652    31.932
A-T      0.000    -0.000     0.000     0.004     0.013     0.003     0.270    -1.096     3.269    -0.647    -9.998    39.989
