147 # base pairs
  0 # ***local base-pair & step parameters***
#          Shear      Stretch    Stagger    Buckle     Prop-Tw    Opening    Shift      Slide      Rise       Tilt       Roll       Twist
T-A        0.00000    0.00000    0.00000    0.00000    0.00000    0.00000    0.00000    0.00000    0.00000    0.00000    0.00000    0.00000
G-C        0.00000    0.00000    0.00000    0.00000    0.00000    0.00000    -0.52900   -0.91400   3.45700    -1.68900   -11.71200  37.48600
T-A        0.00000    0.00000    0.00000    0.00000    0.00000    0.00000    -0.90500   -1.56600   3.20600    -2.28600   -8.20700   32.14700
G-C        0.00000    0.00000    0.00000    0.00000    0.00000    0.00000    -0.37800   -0.59600   3.22500    -2.16700   -0.60300   39.43900
A-T        0.00000    0.00000    0.00000    0.00000    0.00000    0.00000    0.13400    -1.01800   3.05000    2.61000    -6.09300   32.09300
G-C        0.00000    0.00000    0.00000    0.00000    0.00000    0.00000    0.92900    -0.52800   2.87800    -1.17000   -8.57000   33.49400
C-G        0.00000    0.00000    0.00000    0.00000    0.00000    0.00000    -0.67600   -0.12200   3.12700    12.55900   -5.64700   33.21100
G-C        0.00000    0.00000    0.00000    0.00000    0.00000    0.00000    0.04900    1.55300    5.41000    0.14200    60.15100   13.21000
C-G        0.00000    0.00000    0.00000    0.00000    0.00000    0.00000    0.71500    -0.08700   3.08800    -11.72400  -4.90600   33.28700
T-A        0.00000    0.00000    0.00000    0.00000    0.00000    0.00000    -0.96000   -0.48500   2.89400    0.89600    -7.58500   33.58500
C-G        0.00000    0.00000    0.00000    0.00000    0.00000    0.00000    -0.12000   -0.98300   3.10600    -2.86200   -6.42300   31.82500
A-T        0.00000    0.00000    0.00000    0.00000    0.00000    0.00000    0.32200    -0.59300   3.18200    1.65600    -0.34900   39.43600
C-G        0.00000    0.00000    0.00000    0.00000    0.00000    0.00000    0.92900    -1.59300   3.28000    2.06100    -8.65300   31.94300
A-T        0.00000    0.00000    0.00000    0.00000    0.00000    0.00000    0.27000    -1.09600   3.26800    -0.64500   -9.98900   39.97000
A-T        0.00000    0.00000    0.00000    0.00000    0.00000    0.00000    0.02865    -0.04625   3.24991    -0.05188   2.47853    36.46856
T-A        0.00000    0.00000    0.00000    0.00000    0.00000    0.00000    0.01952    -0.74673   3.30579    0.24560    -1.85523   33.55685
T-A        0.00000    0.00000    0.00000    0.00000    0.00000    0.00000    0.00242    -0.39055   3.26206    0.59509    -2.14253   36.61047
T-A        0.00000    0.00000    0.00000    0.00000    0.00000    0.00000    0.00470    -0.26131   3.26805    0.38287    -0.95005   35.92328
A-T        0.00000    0.00000    0.00000    0.00000    0.00000    0.00000    0.02975    0.30737    3.46997    0.52955    -3.56184   43.33776
T-A        0.00000    0.00000    0.00000    0.00000    0.00000    0.00000    -0.08066   -0.67908   3.27984    -0.36079   -2.90969   32.96662
T-A        0.00000    0.00000    0.00000    0.00000    0.00000    0.00000    -0.01056   -0.24649   3.24945    0.58441    -2.30413   37.23492
C-G        0.00000    0.00000    0.00000    0.00000    0.00000    0.00000    -0.05894   0.03198    3.30502    -0.16542   1.44144    37.18158
G-C        0.00000    0.00000    0.00000    0.00000    0.00000    0.00000    -0.18936   0.60914    3.35043    -2.11337   9.07945    34.10915
C-G        0.00000    0.00000    0.00000    0.00000    0.00000    0.00000    -0.14784   -0.42282   3.25529    -1.35487   3.31025    31.86120
A-T        0.00000    0.00000    0.00000    0.00000    0.00000    0.00000    -0.08471   0.48870    3.30826    -0.84425   5.02416    36.22708
A-T        0.00000    0.00000    0.00000    0.00000    0.00000    0.00000    0.08335    -0.14577   3.27964    0.49755    1.33312    35.60510
A-T        0.00000    0.00000    0.00000    0.00000    0.00000    0.00000    -0.03814   -0.35733   3.24618    0.03368    -0.53366   35.94393
G-C        0.00000    0.00000    0.00000    0.00000    0.00000    0.00000    0.00718    -0.49722   3.36229    0.57513    3.21574    33.11675
G-C        0.00000    0.00000    0.00000    0.00000    0.00000    0.00000    0.02941    -0.35059   3.44651    0.19174    3.34587    36.16578
C-G        0.00000    0.00000    0.00000    0.00000    0.00000    0.00000    0.00979    -0.37010   3.27715    0.28739    2.46351    34.77580
C-G        0.00000    0.00000    0.00000    0.00000    0.00000    0.00000    -0.27418   -0.23290   3.36416    -0.46008   3.38372    34.63190
G-C        0.00000    0.00000    0.00000    0.00000    0.00000    0.00000    -0.07626   0.37982    3.10500    -0.45978   5.51812    32.26792
G-C        0.00000    0.00000    0.00000    0.00000    0.00000    0.00000    0.18549    -0.20259   3.35065    -0.16876   3.86079    34.69048
C-G        0.00000    0.00000    0.00000    0.00000    0.00000    0.00000    -0.03701   -0.35947   3.27069    -0.40364   2.89534    34.65874
C-G        0.00000    0.00000    0.00000    0.00000    0.00000    0.00000    0.27020    -0.33031   3.39059    0.27680    3.84163    34.79371
C-G        0.00000    0.00000    0.00000    0.00000    0.00000    0.00000    0.09700    -0.24460   3.37773    1.63773    3.60812    35.18624
G-C        0.00000    0.00000    0.00000    0.00000    0.00000    0.00000    -0.20114   0.91241    3.31824    -1.08806   3.84097    35.05943
A-T        0.00000    0.00000    0.00000    0.00000    0.00000    0.00000    -0.07783   -0.06317   3.18754    -0.65907   0.04081    36.64439
C-G        0.00000    0.00000    0.00000    0.00000    0.00000    0.00000    0.10457    -0.50840   3.18039    0.19230    2.59649    32.08926
A-T        0.00000    0.00000    0.00000    0.00000    0.00000    0.00000    0.03264    -0.05959   3.38328    -0.54275   4.17886    36.76831
C-G        0.00000    0.00000    0.00000    0.00000    0.00000    0.00000    0.16191    -0.50642   3.27499    0.11036    2.68006    31.94935
G-C        0.00000    0.00000    0.00000    0.00000    0.00000    0.00000    0.00058    0.51672    3.30913    0.57218    4.12239    37.11556
A-T        0.00000    0.00000    0.00000    0.00000    0.00000    0.00000    -0.07247   -0.05076   3.18717    -0.51670   -0.05672   36.73771
C-G        0.00000    0.00000    0.00000    0.00000    0.00000    0.00000    -0.10227   -0.62841   3.24823    0.55520    2.75240    32.89925
T-A        0.00000    0.00000    0.00000    0.00000    0.00000    0.00000    0.03685    -0.68211   3.55043    -0.08453   2.22696    35.83205
T-A        0.00000    0.00000    0.00000    0.00000    0.00000    0.00000    -0.02146   -0.25953   3.21603    -0.78482   -0.90192   33.27667
A-T        0.00000    0.00000    0.00000    0.00000    0.00000    0.00000    0.05039    0.35481    3.37854    -0.02022   -0.30844   40.85105
C-G        0.00000    0.00000    0.00000    0.00000    0.00000    0.00000    -0.00939   -0.69358   3.27713    -0.01413   1.28238    32.87894
T-A        0.00000    0.00000    0.00000    0.00000    0.00000    0.00000    -0.00436   -0.42690   3.36851    -0.26009   4.67561    33.21491
G-C        0.00000    0.00000    0.00000    0.00000    0.00000    0.00000    0.03041    -0.00975   3.39193    -1.23727   7.54021    35.28673
T-A        0.00000    0.00000    0.00000    0.00000    0.00000    0.00000    -0.02212   -0.54448   3.17025    -0.13459   3.14903    31.10610
A-T        0.00000    0.00000    0.00000    0.00000    0.00000    0.00000    0.04860    0.13221    3.35621    0.55784    6.08955    36.91941
G-C        0.00000    0.00000    0.00000    0.00000    0.00000    0.00000    -0.24492   -0.17444   3.24221    0.41122    5.95369    31.81623
G-C        0.00000    0.00000    0.00000    0.00000    0.00000    0.00000    0.06715    -0.70866   3.52911    1.15020    4.94563    35.07610
T-A        0.00000    0.00000    0.00000    0.00000    0.00000    0.00000    0.14354    -0.49226   3.25163    1.09027    0.21618    32.18987
A-T        0.00000    0.00000    0.00000    0.00000    0.00000    0.00000    0.04262    -0.34724   3.38307    0.86282    1.08601    37.74843
T-A        0.00000    0.00000    0.00000    0.00000    0.00000    0.00000    -0.03469   -0.74056   3.22559    -0.09803   -2.18511   32.53065
C-G        0.00000    0.00000    0.00000    0.00000    0.00000    0.00000    0.08921    -0.29384   3.38044    -1.01869   -0.60246   39.54301
T-A        0.00000    0.00000    0.00000    0.00000    0.00000    0.00000    0.10205    -0.33595   3.35804    -0.87267   2.96539    33.21988
C-G        0.00000    0.00000    0.00000    0.00000    0.00000    0.00000    -0.13736   -0.07209   3.39916    -1.49657   1.95292    36.86471
G-C        0.00000    0.00000    0.00000    0.00000    0.00000    0.00000    -0.10787   0.49523    3.32700    -2.08677   12.40278   31.78022
A-T        0.00000    0.00000    0.00000    0.00000    0.00000    0.00000    -0.17548   0.12572    3.29541    -2.37058   4.19774    35.57808
G-C        0.00000    0.00000    0.00000    0.00000    0.00000    0.00000    0.05998    -0.26418   3.32158    0.56361    5.22797    32.22708
C-G        0.00000    0.00000    0.00000    0.00000    0.00000    0.00000    0.08965    -0.50189   3.38199    1.34444    2.73876    35.88383
T-A        0.00000    0.00000    0.00000    0.00000    0.00000    0.00000    0.03786    -0.10656   3.30135    2.76149    1.67588    33.53107
C-G        0.00000    0.00000    0.00000    0.00000    0.00000    0.00000    0.30664    0.37818    3.25467    3.78183    0.34658    38.12465
G-C        0.00000    0.00000    0.00000    0.00000    0.00000    0.00000    0.22455    1.26339    3.39524    1.74218    0.72692    37.13367
G-C        0.00000    0.00000    0.00000    0.00000    0.00000    0.00000    -0.16715   -0.22396   3.40527    -3.10847   1.40505    35.98420
G-C        0.00000    0.00000    0.00000    0.00000    0.00000    0.00000    -0.21588   -0.22402   3.34133    -1.71358   5.03509    33.92873
A-T        0.00000    0.00000    0.00000    0.00000    0.00000    0.00000    -0.12649   -0.28224   3.34689    -1.70013   1.30597    37.40592
T-A        0.00000    0.00000    0.00000    0.00000    0.00000    0.00000    -0.03914   -0.63612   3.23043    -0.75582   2.54905    31.66587
C-G        0.00000    0.00000    0.00000    0.00000    0.00000    0.00000    0.00852    -0.22683   3.29822    -0.24928   3.95959    36.20684
C-G        0.00000    0.00000    0.00000    0.00000    0.00000    0.00000    -0.28646   -0.12998   3.26448    -1.13624   8.76700    31.99648
G-C        0.00000    0.00000    0.00000    0.00000    0.00000    0.00000    0.06867    0.41288    3.33952    2.00600    9.29019    34.16327
C-G        0.00000    0.00000    0.00000    0.00000    0.00000    0.00000    0.30087    -0.51702   3.43394    2.72256    1.16376    35.75542
T-A        0.00000    0.00000    0.00000    0.00000    0.00000    0.00000    0.56743    -0.42487   3.47952    5.51719    -0.23727   36.17762
T-A        0.00000    0.00000    0.00000    0.00000    0.00000    0.00000    0.06195    -0.31925   3.27558    1.79276    -5.56694   37.87363
T-A        0.00000    0.00000    0.00000    0.00000    0.00000    0.00000    -0.03536   -0.40628   3.29773    -0.26069   -6.21507   37.21560
A-T        0.00000    0.00000    0.00000    0.00000    0.00000    0.00000    -0.16267   0.98393    3.26363    -1.64207   -8.22238   40.61042
A-T        0.00000    0.00000    0.00000    0.00000    0.00000    0.00000    -0.03302   -0.18644   3.22230    -2.43784   -1.38163   36.50862
C-G        0.00000    0.00000    0.00000    0.00000    0.00000    0.00000    -0.09152   -0.60072   3.33556    -1.93884   1.25238    33.97831
A-T        0.00000    0.00000    0.00000    0.00000    0.00000    0.00000    -0.05608   -0.01294   3.38433    -1.30055   6.94162    36.45603
C-G        0.00000    0.00000    0.00000    0.00000    0.00000    0.00000    0.22111    -0.59592   3.27145    0.79006    3.39538    32.57865
T-A        0.00000    0.00000    0.00000    0.00000    0.00000    0.00000    -0.01422   -0.55554   3.52519    1.00072    6.27055    37.11641
T-A        0.00000    0.00000    0.00000    0.00000    0.00000    0.00000    0.08277    -0.28982   3.26559    2.06776    -1.57171   37.18536
T-A        0.00000    0.00000    0.00000    0.00000    0.00000    0.00000    0.03912    -0.30218   3.27765    0.91507    -2.99138   36.60513
A-T        0.00000    0.00000    0.00000    0.00000    0.00000    0.00000    0.05978    0.42140    3.53081    0.83089    -8.56804   47.27554
T-A        0.00000    0.00000    0.00000    0.00000    0.00000    0.00000    -0.01949   -0.72697   3.21955    -0.46353   -0.55910   29.84558
G-C        0.00000    0.00000    0.00000    0.00000    0.00000    0.00000    -0.01925   -0.22144   3.30300    -0.32100   5.05802    38.00663
C-G        0.00000    0.00000    0.00000    0.00000    0.00000    0.00000    0.12684    -0.41135   3.24670    -3.13024   2.26469    33.86460
T-A        0.00000    0.00000    0.00000    0.00000    0.00000    0.00000    -0.23261   -0.42248   3.42146    -1.78925   3.71229    35.30779
T-A        0.00000    0.00000    0.00000    0.00000    0.00000    0.00000    -0.05527   -0.19106   3.18691    -0.24424   5.37950    33.73531
C-G        0.00000    0.00000    0.00000    0.00000    0.00000    0.00000    0.04635    -0.21006   3.28810    -0.12295   6.57333    35.17247
C-G        0.00000    0.00000    0.00000    0.00000    0.00000    0.00000    -0.04188   -0.18553   3.28354    0.20130    7.69803    32.32805
G-C        0.00000    0.00000    0.00000    0.00000    0.00000    0.00000    0.34108    0.30905    3.10663    3.29654    7.34397    31.97097
G-C        0.00000    0.00000    0.00000    0.00000    0.00000    0.00000    0.48384    -0.23851   3.36524    3.20719    3.25611    34.28971
C-G        0.00000    0.00000    0.00000    0.00000    0.00000    0.00000    0.24744    -0.57010   3.32095    1.39420    1.50439    35.04489
T-A        0.00000    0.00000    0.00000    0.00000    0.00000    0.00000    -0.00479   -0.06088   3.32345    1.28920    -0.97771   34.33205
C-G        0.00000    0.00000    0.00000    0.00000    0.00000    0.00000    0.07079    0.05298    3.30179    -1.10526   -0.30815   35.83681
A-T        0.00000    0.00000    0.00000    0.00000    0.00000    0.00000    -0.51302   0.66446    3.34635    -3.51049   4.67385    37.31385
T-A        0.00000    0.00000    0.00000    0.00000    0.00000    0.00000    -0.03572   -0.49018   3.24065    -0.74710   2.49963    31.34301
G-C        0.00000    0.00000    0.00000    0.00000    0.00000    0.00000    -0.06951   -0.06713   3.51208    -2.06595   6.59475    37.59935
T-A        0.00000    0.00000    0.00000    0.00000    0.00000    0.00000    0.03954    -0.64069   3.29916    0.00563    1.65935    32.90379
T-A        0.00000    0.00000    0.00000    0.00000    0.00000    0.00000    0.03863    -0.20389   3.16771    0.32769    3.26046    34.32946
A-T        0.00000    0.00000    0.00000    0.00000    0.00000    0.00000    0.09577    0.22110    3.39830    1.11592    2.17833    39.31435
T-A        0.00000    0.00000    0.00000    0.00000    0.00000    0.00000    0.02183    -0.71793   3.20902    1.11525    -0.66461   31.58544
A-T        0.00000    0.00000    0.00000    0.00000    0.00000    0.00000    -0.00080   0.29978    3.46520    1.40856    -3.85673   43.08262
A-T        0.00000    0.00000    0.00000    0.00000    0.00000    0.00000    -0.00061   -0.21292   3.23457    -0.19599   -2.99474   36.97711
C-G        0.00000    0.00000    0.00000    0.00000    0.00000    0.00000    -0.09960   -0.66841   3.39576    -0.69394   -1.90395   34.89496
G-C        0.00000    0.00000    0.00000    0.00000    0.00000    0.00000    0.02374    0.27142    3.27151    -1.59902   3.06549    37.48067
G-C        0.00000    0.00000    0.00000    0.00000    0.00000    0.00000    -0.05634   -0.16098   3.29628    -0.71229   5.60118    32.78475
A-T        0.00000    0.00000    0.00000    0.00000    0.00000    0.00000    -0.07393   -0.25169   3.33330    -0.77423   1.88919    37.15811
T-A        0.00000    0.00000    0.00000    0.00000    0.00000    0.00000    0.01303    -0.62904   3.23522    -0.12822   2.16619    31.78776
C-G        0.00000    0.00000    0.00000    0.00000    0.00000    0.00000    0.21465    -0.00381   3.31177    1.37860    3.19625    37.28221
G-C        0.00000    0.00000    0.00000    0.00000    0.00000    0.00000    0.09188    0.50597    3.30468    1.39013    4.89224    36.61791
T-A        0.00000    0.00000    0.00000    0.00000    0.00000    0.00000    0.26928    -0.74830   3.27594    0.25024    2.42296    33.25658
A-T        0.00000    0.00000    0.00000    0.00000    0.00000    0.00000    0.00982    -0.43724   3.38566    0.91177    2.53923    36.98878
T-A        0.00000    0.00000    0.00000    0.00000    0.00000    0.00000    -0.02318   -0.71247   3.21333    0.16727    -1.42437   31.45849
A-T        0.00000    0.00000    0.00000    0.00000    0.00000    0.00000    -0.06902   0.35676    3.44855    0.02302    -2.74903   42.34535
A-T        0.00000    0.00000    0.00000    0.00000    0.00000    0.00000    -0.05997   -0.32783   3.23828    -0.48513   0.40780    35.49103
T-A        0.00000    0.00000    0.00000    0.00000    0.00000    0.00000    -0.00040   -0.64055   3.27562    -0.20741   -0.22343   32.19422
G-C        0.00000    0.00000    0.00000    0.00000    0.00000    0.00000    -0.04394   -0.08368   3.47083    -1.00646   4.75670    37.84665
T-A        0.00000    0.00000    0.00000    0.00000    0.00000    0.00000    0.06440    -0.48964   3.25108    -0.18150   1.10223    31.44029
G-C        0.00000    0.00000    0.00000    0.00000    0.00000    0.00000    -0.00104   -0.03522   3.37682    0.70950    4.46497    36.65789
T-A        0.00000    0.00000    0.00000    0.00000    0.00000    0.00000    -0.07553   -0.50125   3.17995    0.01849    2.63109    32.09232
C-G        0.00000    0.00000    0.00000    0.00000    0.00000    0.00000    0.10995    -0.06243   3.18323    0.93769    -0.05568   36.62686
G-C        0.00000    0.00000    0.00000    0.00000    0.00000    0.00000    -0.00479   0.55121    3.30590    0.06857    7.62681    33.40034
A-T        0.00000    0.00000    0.00000    0.00000    0.00000    0.00000    -0.11016   -0.06114   3.18357    -0.89031   -0.06976   36.64528
C-G        0.00000    0.00000    0.00000    0.00000    0.00000    0.00000    -0.16428   -0.79552   3.21105    -0.14724   2.46203    32.65845
C-G        0.00000    0.00000    0.00000    0.00000    0.00000    0.00000    0.08831    -0.45162   3.38267    0.53610    6.23362    32.77338
A-T        0.00000    0.00000    0.00000    0.00000    0.00000    0.00000    -0.04919   0.83706    3.32273    -0.34868   4.35868    37.09017
A-T        0.00000    0.00000    0.00000    0.00000    0.00000    0.00000    0.08461    -0.14401   3.28193    0.56946    0.34217    35.92997
A-T        0.00000    0.00000    0.00000    0.00000    0.00000    0.00000    0.01252    -0.37777   3.26344    0.22166    -2.67662   36.72108
T-A        0.00000    0.00000    0.00000    0.00000    0.00000    0.00000    0.04280    -0.67405   3.27923    0.37907    -0.70847   32.25506
G-C        0.00000    0.00000    0.00000    0.00000    0.00000    0.00000    -0.52900   -0.91300   3.45600    -1.68800   -11.71000  37.48700
T-A        0.00000    0.00000    0.00000    0.00000    0.00000    0.00000    -0.90400   -1.56500   3.20800    -2.31200   -8.23700   32.15000
G-C        0.00000    0.00000    0.00000    0.00000    0.00000    0.00000    -0.37800   -0.59700   3.22500    -2.12800   -0.59300   39.45200
A-T        0.00000    0.00000    0.00000    0.00000    0.00000    0.00000    0.13400    -1.01800   3.05000    2.62000    -6.08100   32.09400
G-C        0.00000    0.00000    0.00000    0.00000    0.00000    0.00000    0.92900    -0.52700   2.87900    -1.17000   -8.55900   33.48800
C-G        0.00000    0.00000    0.00000    0.00000    0.00000    0.00000    -0.67600   -0.12300   3.12600    12.51100   -5.63500   33.19900
G-C        0.00000    0.00000    0.00000    0.00000    0.00000    0.00000    0.04800    1.55200    5.41000    0.17000    60.13600   13.23400
C-G        0.00000    0.00000    0.00000    0.00000    0.00000    0.00000    0.71600    -0.08600   3.08800    -11.70500  -4.91800   33.29500
T-A        0.00000    0.00000    0.00000    0.00000    0.00000    0.00000    -0.96000   -0.48300   2.89500    0.90300    -7.59500   33.59800
C-G        0.00000    0.00000    0.00000    0.00000    0.00000    0.00000    -0.12000   -0.98300   3.10400    -2.85000   -6.36700   31.79800
A-T        0.00000    0.00000    0.00000    0.00000    0.00000    0.00000    0.32300    -0.59400   3.18200    1.62100    -0.34800   39.44400
C-G        0.00000    0.00000    0.00000    0.00000    0.00000    0.00000    0.92900    -1.59400   3.28000    2.06500    -8.65200   31.93200
A-T        0.00000    0.00000    0.00000    0.00000    0.00000    0.00000    0.27000    -1.09600   3.26900    -0.64700   -9.99800   39.98900
