147 # base pairs
  0 # ***local base-pair & step parameters***
#          Shear      Stretch    Stagger    Buckle     Prop-Tw    Opening    Shift      Slide      Rise       Tilt       Roll       Twist
T-A        0.00000    0.00000    0.00000    0.00000    0.00000    0.00000    0.00000    0.00000    0.00000    0.00000    0.00000    0.00000
G-C        0.00000    0.00000    0.00000    0.00000    0.00000    0.00000    -0.52900   -0.91400   3.45700    -1.68900   -11.71200  37.48600
T-A        0.00000    0.00000    0.00000    0.00000    0.00000    0.00000    -0.90500   -1.56600   3.20600    -2.28600   -8.20700   32.14700
G-C        0.00000    0.00000    0.00000    0.00000    0.00000    0.00000    -0.37800   -0.59600   3.22500    -2.16700   -0.60300   39.43900
A-T        0.00000    0.00000    0.00000    0.00000    0.00000    0.00000    0.13400    -1.01800   3.05000    2.61000    -6.09300   32.09300
G-C        0.00000    0.00000    0.00000    0.00000    0.00000    0.00000    0.92900    -0.52800   2.87800    -1.17000   -8.57000   33.49400
C-G        0.00000    0.00000    0.00000    0.00000    0.00000    0.00000    -0.67600   -0.12200   3.12700    12.55900   -5.64700   33.21100
G-C        0.00000    0.00000    0.00000    0.00000    0.00000    0.00000    0.04900    1.55300    5.41000    0.14200    60.15100   13.21000
C-G        0.00000    0.00000    0.00000    0.00000    0.00000    0.00000    0.71500    -0.08700   3.08800    -11.72400  -4.90600   33.28700
T-A        0.00000    0.00000    0.00000    0.00000    0.00000    0.00000    -0.96000   -0.48500   2.89400    0.89600    -7.58500   33.58500
C-G        0.00000    0.00000    0.00000    0.00000    0.00000    0.00000    -0.12000   -0.98300   3.10600    -2.86200   -6.42300   31.82500
A-T        0.00000    0.00000    0.00000    0.00000    0.00000    0.00000    0.32200    -0.59300   3.18200    1.65600    -0.34900   39.43600
C-G        0.00000    0.00000    0.00000    0.00000    0.00000    0.00000    0.92900    -1.59300   3.28000    2.06100    -8.65300   31.94300
A-T        0.00000    0.00000    0.00000    0.00000    0.00000    0.00000    0.27000    -1.09600   3.26800    -0.64500   -9.98900   39.97000
A-T        0.00000    0.00000    0.00000    0.00000    0.00000    0.00000    0.05181    -0.05756   3.25168    0.59363    2.87524    36.11066
T-A        0.00000    0.00000    0.00000    0.00000    0.00000    0.00000    0.02570    -0.75311   3.30544    0.51882    -1.92861   33.31465
T-A        0.00000    0.00000    0.00000    0.00000    0.00000    0.00000    0.00078    -0.40399   3.25703    0.85049    -2.52538   36.42954
T-A        0.00000    0.00000    0.00000    0.00000    0.00000    0.00000    -0.00811   -0.30630   3.26557    0.42026    -2.02876   35.75232
A-T        0.00000    0.00000    0.00000    0.00000    0.00000    0.00000    0.01379    0.31656    3.46118    0.11982    -3.98340   42.71433
T-A        0.00000    0.00000    0.00000    0.00000    0.00000    0.00000    -0.08715   -0.67928   3.27775    -0.65527   -2.98297   32.59311
T-A        0.00000    0.00000    0.00000    0.00000    0.00000    0.00000    -0.03432   -0.26323   3.25035    -0.01656   -1.62838   36.36663
C-G        0.00000    0.00000    0.00000    0.00000    0.00000    0.00000    -0.07488   0.02127    3.29825    -0.42079   2.01081    36.53290
G-C        0.00000    0.00000    0.00000    0.00000    0.00000    0.00000    -0.17952   0.59827    3.35929    -2.01839   9.78919    33.89352
C-G        0.00000    0.00000    0.00000    0.00000    0.00000    0.00000    -0.13518   -0.42181   3.24875    -1.22283   3.45182    31.67645
A-T        0.00000    0.00000    0.00000    0.00000    0.00000    0.00000    -0.02076   0.41458    3.30622    -0.26659   5.74242    35.30853
A-T        0.00000    0.00000    0.00000    0.00000    0.00000    0.00000    0.10212    -0.16693   3.27766    0.78333    1.28559    35.21575
A-T        0.00000    0.00000    0.00000    0.00000    0.00000    0.00000    -0.03590   -0.37510   3.24170    0.24002    -0.87422   35.67733
G-C        0.00000    0.00000    0.00000    0.00000    0.00000    0.00000    0.00653    -0.49449   3.35779    0.63967    2.79739    32.88500
G-C        0.00000    0.00000    0.00000    0.00000    0.00000    0.00000    0.00499    -0.33429   3.43862    0.00454    2.88346    35.87860
C-G        0.00000    0.00000    0.00000    0.00000    0.00000    0.00000    -0.04374   -0.36850   3.27041    -0.17309   2.28182    34.40998
C-G        0.00000    0.00000    0.00000    0.00000    0.00000    0.00000    -0.33212   -0.24896   3.35789    -1.11689   3.41749    34.16595
G-C        0.00000    0.00000    0.00000    0.00000    0.00000    0.00000    -0.11233   0.35101    3.09161    -0.93174   5.90013    31.63065
G-C        0.00000    0.00000    0.00000    0.00000    0.00000    0.00000    0.18169    -0.22790   3.33962    -0.27112   4.35747    34.20688
C-G        0.00000    0.00000    0.00000    0.00000    0.00000    0.00000    -0.02664   -0.39378   3.26044    -0.32592   3.33599    34.04887
C-G        0.00000    0.00000    0.00000    0.00000    0.00000    0.00000    0.27145    -0.37014   3.38531    0.54156    4.47310    34.10582
C-G        0.00000    0.00000    0.00000    0.00000    0.00000    0.00000    0.12492    -0.23665   3.35992    2.11092    3.75149    34.48661
G-C        0.00000    0.00000    0.00000    0.00000    0.00000    0.00000    -0.16091   0.86077    3.30014    -0.54445   3.94652    34.39894
A-T        0.00000    0.00000    0.00000    0.00000    0.00000    0.00000    -0.06553   -0.06597   3.18294    -0.54307   -0.08028   36.37439
C-G        0.00000    0.00000    0.00000    0.00000    0.00000    0.00000    0.10648    -0.52142   3.18377    0.18845    2.28622    31.76660
A-T        0.00000    0.00000    0.00000    0.00000    0.00000    0.00000    0.01784    -0.07674   3.36643    -0.73146   3.91587    36.23325
C-G        0.00000    0.00000    0.00000    0.00000    0.00000    0.00000    0.16054    -0.51211   3.27052    -0.09775   2.52639    31.45348
G-C        0.00000    0.00000    0.00000    0.00000    0.00000    0.00000    -0.03057   0.50998    3.30070    -0.09495   4.24750    36.37691
A-T        0.00000    0.00000    0.00000    0.00000    0.00000    0.00000    -0.09999   -0.05309   3.17428    -0.85583   0.13424    36.26214
C-G        0.00000    0.00000    0.00000    0.00000    0.00000    0.00000    -0.11765   -0.65134   3.23610    0.47641    3.18545    32.37810
T-A        0.00000    0.00000    0.00000    0.00000    0.00000    0.00000    0.05582    -0.68379   3.54340    -0.07881   2.74066    35.20801
T-A        0.00000    0.00000    0.00000    0.00000    0.00000    0.00000    -0.03717   -0.28420   3.21262    -0.34391   -0.18922   32.06221
A-T        0.00000    0.00000    0.00000    0.00000    0.00000    0.00000    0.05831    0.21751    3.35734    0.19930    1.35322    38.81246
C-G        0.00000    0.00000    0.00000    0.00000    0.00000    0.00000    0.02325    -0.69533   3.27708    0.27036    1.18400    32.51388
T-A        0.00000    0.00000    0.00000    0.00000    0.00000    0.00000    -0.01480   -0.45667   3.35640    0.14947    4.56339    32.63684
G-C        0.00000    0.00000    0.00000    0.00000    0.00000    0.00000    0.03928    -0.01230   3.37933    -1.28538   6.87618    34.93228
T-A        0.00000    0.00000    0.00000    0.00000    0.00000    0.00000    -0.02258   -0.55328   3.16637    -0.28038   2.89209    30.60708
A-T        0.00000    0.00000    0.00000    0.00000    0.00000    0.00000    0.03614    0.04072    3.33721    0.09060    6.21801    35.89892
G-C        0.00000    0.00000    0.00000    0.00000    0.00000    0.00000    -0.27517   -0.21044   3.23163    -0.11628   6.02534    30.93538
G-C        0.00000    0.00000    0.00000    0.00000    0.00000    0.00000    0.02926    -0.75236   3.52638    0.76996    5.22659    34.02769
T-A        0.00000    0.00000    0.00000    0.00000    0.00000    0.00000    0.13714    -0.49069   3.23792    0.96327    0.82009    31.58142
A-T        0.00000    0.00000    0.00000    0.00000    0.00000    0.00000    0.05058    -0.42655   3.38089    1.06154    2.43871    36.51977
T-A        0.00000    0.00000    0.00000    0.00000    0.00000    0.00000    -0.03640   -0.73914   3.22186    0.10374    -1.56635   31.69711
C-G        0.00000    0.00000    0.00000    0.00000    0.00000    0.00000    0.09539    -0.30695   3.37810    -0.74516   -0.42936   38.89478
T-A        0.00000    0.00000    0.00000    0.00000    0.00000    0.00000    0.10453    -0.34634   3.34732    -0.64577   2.83514    32.66179
C-G        0.00000    0.00000    0.00000    0.00000    0.00000    0.00000    -0.09255   -0.06645   3.38084    -1.25239   1.72830    36.36243
G-C        0.00000    0.00000    0.00000    0.00000    0.00000    0.00000    -0.10704   0.46493    3.30022    -2.25095   11.17257   31.07006
A-T        0.00000    0.00000    0.00000    0.00000    0.00000    0.00000    -0.23050   0.12881    3.27284    -2.85598   4.16868    34.95053
G-C        0.00000    0.00000    0.00000    0.00000    0.00000    0.00000    0.05019    -0.29524   3.31010    0.11773    5.11516    31.61532
C-G        0.00000    0.00000    0.00000    0.00000    0.00000    0.00000    0.05611    -0.52124   3.36553    0.93551    3.17137    35.26673
T-A        0.00000    0.00000    0.00000    0.00000    0.00000    0.00000    -0.01023   -0.17714   3.29330    2.28817    2.64269    32.57951
C-G        0.00000    0.00000    0.00000    0.00000    0.00000    0.00000    0.33252    0.35915    3.23346    4.13496    1.46276    36.82000
G-C        0.00000    0.00000    0.00000    0.00000    0.00000    0.00000    0.27210    1.16310    3.36812    2.23840    1.58105    36.08497
G-C        0.00000    0.00000    0.00000    0.00000    0.00000    0.00000    -0.08718   -0.25554   3.39276    -2.07782   1.56069    35.03675
G-C        0.00000    0.00000    0.00000    0.00000    0.00000    0.00000    -0.14477   -0.24200   3.33876    -1.08052   4.86624    33.53994
A-T        0.00000    0.00000    0.00000    0.00000    0.00000    0.00000    -0.11562   -0.29418   3.34538    -1.40681   0.59302    37.19925
T-A        0.00000    0.00000    0.00000    0.00000    0.00000    0.00000    -0.03751   -0.63756   3.23518    -0.81736   2.03598    31.41961
C-G        0.00000    0.00000    0.00000    0.00000    0.00000    0.00000    -0.00464   -0.23727   3.29359    -0.70748   3.41411    35.92097
C-G        0.00000    0.00000    0.00000    0.00000    0.00000    0.00000    -0.42335   -0.13787   3.25453    -2.11187   9.12104    31.35001
G-C        0.00000    0.00000    0.00000    0.00000    0.00000    0.00000    0.03587    0.40090    3.32785    1.35183    10.33833   32.89696
C-G        0.00000    0.00000    0.00000    0.00000    0.00000    0.00000    0.24550    -0.53036   3.42374    2.35888    1.59773    35.26671
T-A        0.00000    0.00000    0.00000    0.00000    0.00000    0.00000    0.56253    -0.43502   3.46515    5.50363    0.48159    35.42539
T-A        0.00000    0.00000    0.00000    0.00000    0.00000    0.00000    0.06853    -0.33209   3.26575    1.95144    -4.78683   37.18158
T-A        0.00000    0.00000    0.00000    0.00000    0.00000    0.00000    -0.01409   -0.41598   3.28306    0.07270    -5.95160   36.49259
A-T        0.00000    0.00000    0.00000    0.00000    0.00000    0.00000    -0.10106   0.96567    3.23065    -1.20053   -9.88589   39.57594
A-T        0.00000    0.00000    0.00000    0.00000    0.00000    0.00000    -0.02682   -0.19628   3.22097    -2.64784   -2.11599   35.75166
C-G        0.00000    0.00000    0.00000    0.00000    0.00000    0.00000    -0.08314   -0.62182   3.32212    -2.13937   1.20176    33.14739
A-T        0.00000    0.00000    0.00000    0.00000    0.00000    0.00000    -0.12911   -0.07861   3.34888    -1.98410   7.08876    35.09905
C-G        0.00000    0.00000    0.00000    0.00000    0.00000    0.00000    0.16311    -0.61208   3.25626    0.19208    3.67951    31.51842
T-A        0.00000    0.00000    0.00000    0.00000    0.00000    0.00000    -0.13561   -0.71869   3.29807    1.97824    8.07452    32.20685
C-G        0.00000    0.00000    0.00000    0.00000    0.00000    0.00000    0.57683    0.03632    3.23727    4.53653    6.19629    35.39902
A-T        0.00000    0.00000    0.00000    0.00000    0.00000    0.00000    -0.18260   -0.37147   3.38926    5.63570    7.51979    32.38376
T-A        0.00000    0.00000    0.00000    0.00000    0.00000    0.00000    0.04156    -0.51438   3.25083    0.89366    0.69914    31.55916
G-C        0.00000    0.00000    0.00000    0.00000    0.00000    0.00000    -0.05904   -0.16057   3.37097    0.29156    -1.21723   39.60630
T-A        0.00000    0.00000    0.00000    0.00000    0.00000    0.00000    -0.07362   -0.57681   3.38536    -0.98035   -3.27017   35.53241
T-A        0.00000    0.00000    0.00000    0.00000    0.00000    0.00000    -0.09110   -0.21576   3.23452    -1.28107   -3.02766   37.44577
A-T        0.00000    0.00000    0.00000    0.00000    0.00000    0.00000    -0.06562   0.38826    3.42193    -2.61818   -1.25107   41.37281
T-A        0.00000    0.00000    0.00000    0.00000    0.00000    0.00000    -0.02131   -0.71267   3.19023    -1.37334   0.85892    31.59007
A-T        0.00000    0.00000    0.00000    0.00000    0.00000    0.00000    -0.04530   0.27299    3.34100    -0.58957   6.12512    36.69962
A-T        0.00000    0.00000    0.00000    0.00000    0.00000    0.00000    0.04590    -0.20638   3.15118    0.90729    4.84294    34.04077
C-G        0.00000    0.00000    0.00000    0.00000    0.00000    0.00000    0.12771    -0.71282   3.31442    1.08195    2.41481    33.96507
G-C        0.00000    0.00000    0.00000    0.00000    0.00000    0.00000    0.30158    0.34402    3.27234    4.55920    4.65434    36.63235
G-C        0.00000    0.00000    0.00000    0.00000    0.00000    0.00000    0.36982    -0.11537   3.29278    2.98833    5.72844    33.26509
A-T        0.00000    0.00000    0.00000    0.00000    0.00000    0.00000    -0.05077   -0.31652   3.39011    0.87027    -2.34094   39.24774
T-A        0.00000    0.00000    0.00000    0.00000    0.00000    0.00000    -0.03556   -0.79555   3.31234    -0.28976   -3.24591   32.54361
T-A        0.00000    0.00000    0.00000    0.00000    0.00000    0.00000    -0.01503   -0.38083   3.25769    -0.67194   -3.90842   37.27663
T-A        0.00000    0.00000    0.00000    0.00000    0.00000    0.00000    -0.06984   -0.24240   3.28583    -0.94896   -1.50926   36.65651
A-T        0.00000    0.00000    0.00000    0.00000    0.00000    0.00000    -0.02530   0.44703    3.42102    -1.59284   -0.01820   41.74084
T-A        0.00000    0.00000    0.00000    0.00000    0.00000    0.00000    0.03398    -0.70103   3.13978    -0.56986   3.50438    29.46788
G-C        0.00000    0.00000    0.00000    0.00000    0.00000    0.00000    0.00531    -0.23960   3.32960    0.21989    6.43160    37.62155
C-G        0.00000    0.00000    0.00000    0.00000    0.00000    0.00000    0.23669    -0.42823   3.27823    -0.02819   3.15439    34.28671
T-A        0.00000    0.00000    0.00000    0.00000    0.00000    0.00000    0.36333    -0.42986   3.47945    3.69352    1.68688    36.31182
T-A        0.00000    0.00000    0.00000    0.00000    0.00000    0.00000    0.05898    -0.25179   3.21597    1.46650    1.62033    35.63675
C-G        0.00000    0.00000    0.00000    0.00000    0.00000    0.00000    0.09168    -0.21505   3.39930    0.60841    -0.80515   39.10543
C-G        0.00000    0.00000    0.00000    0.00000    0.00000    0.00000    -0.07594   -0.13990   3.31088    -0.57353   4.57778    33.83940
G-C        0.00000    0.00000    0.00000    0.00000    0.00000    0.00000    -0.17517   0.40647    3.11690    -1.31336   4.58137    33.28044
G-C        0.00000    0.00000    0.00000    0.00000    0.00000    0.00000    0.05122    -0.17716   3.35878    -1.49391   3.68616    35.51800
C-G        0.00000    0.00000    0.00000    0.00000    0.00000    0.00000    0.02489    -0.55037   3.30239    -1.08572   2.76496    35.11368
T-A        0.00000    0.00000    0.00000    0.00000    0.00000    0.00000    -0.03672   -0.17111   3.33266    -0.07169   3.93326    33.44957
C-G        0.00000    0.00000    0.00000    0.00000    0.00000    0.00000    0.12685    0.18761    3.31979    1.94119    2.79989    37.29829
G-C        0.00000    0.00000    0.00000    0.00000    0.00000    0.00000    0.07362    0.53334    3.31920    0.96981    5.06698    37.61504
T-A        0.00000    0.00000    0.00000    0.00000    0.00000    0.00000    0.29445    -0.81344   3.29583    0.03212    2.56900    34.09393
A-T        0.00000    0.00000    0.00000    0.00000    0.00000    0.00000    0.02632    -0.38320   3.39492    0.93714    2.47972    37.99369
T-A        0.00000    0.00000    0.00000    0.00000    0.00000    0.00000    -0.00767   -0.71020   3.23093    0.28742    -1.39453   32.22925
A-T        0.00000    0.00000    0.00000    0.00000    0.00000    0.00000    -0.05959   0.37344    3.48759    0.08166    -4.42059   44.77106
A-T        0.00000    0.00000    0.00000    0.00000    0.00000    0.00000    -0.07915   -0.32338   3.24543    -0.41941   -0.11796   36.18896
T-A        0.00000    0.00000    0.00000    0.00000    0.00000    0.00000    -0.00570   -0.63756   3.28274    -0.22676   -0.54114   32.80567
G-C        0.00000    0.00000    0.00000    0.00000    0.00000    0.00000    -0.07334   -0.02124   3.48128    -1.11536   4.20420    39.14023
T-A        0.00000    0.00000    0.00000    0.00000    0.00000    0.00000    0.02706    -0.48573   3.26825    -0.42463   0.91032    32.41954
G-C        0.00000    0.00000    0.00000    0.00000    0.00000    0.00000    -0.02572   0.02018    3.39912    0.68994    4.14724    37.84276
T-A        0.00000    0.00000    0.00000    0.00000    0.00000    0.00000    -0.06393   -0.48453   3.18163    0.02007    2.65373    32.69070
C-G        0.00000    0.00000    0.00000    0.00000    0.00000    0.00000    0.11870    -0.05619   3.19312    0.95366    -0.11544   37.15048
G-C        0.00000    0.00000    0.00000    0.00000    0.00000    0.00000    0.01850    0.61439    3.32828    0.30405    6.86846    35.01196
A-T        0.00000    0.00000    0.00000    0.00000    0.00000    0.00000    -0.09282   -0.05896   3.19796    -0.71335   -0.23733   37.23763
C-G        0.00000    0.00000    0.00000    0.00000    0.00000    0.00000    -0.16627   -0.79743   3.21733    -0.20933   2.29405    33.17752
C-G        0.00000    0.00000    0.00000    0.00000    0.00000    0.00000    0.05639    -0.41208   3.39049    0.39438    5.89728    33.63852
A-T        0.00000    0.00000    0.00000    0.00000    0.00000    0.00000    -0.10818   0.92365    3.33456    -0.50358   3.47012    38.56462
A-T        0.00000    0.00000    0.00000    0.00000    0.00000    0.00000    0.06731    -0.11614   3.28444    0.48934    0.48307    36.58331
A-T        0.00000    0.00000    0.00000    0.00000    0.00000    0.00000    0.00975    -0.36437   3.26603    0.33067    -2.49602   37.00559
T-A        0.00000    0.00000    0.00000    0.00000    0.00000    0.00000    0.04464    -0.65195   3.28233    0.56384    -0.60724   32.78306
G-C        0.00000    0.00000    0.00000    0.00000    0.00000    0.00000    -0.52900   -0.91300   3.45600    -1.68800   -11.71000  37.48700
T-A        0.00000    0.00000    0.00000    0.00000    0.00000    0.00000    -0.90400   -1.56500   3.20800    -2.31200   -8.23700   32.15000
G-C        0.00000    0.00000    0.00000    0.00000    0.00000    0.00000    -0.37800   -0.59700   3.22500    -2.12800   -0.59300   39.45200
A-T        0.00000    0.00000    0.00000    0.00000    0.00000    0.00000    0.13400    -1.01800   3.05000    2.62000    -6.08100   32.09400
G-C        0.00000    0.00000    0.00000    0.00000    0.00000    0.00000    0.92900    -0.52700   2.87900    -1.17000   -8.55900   33.48800
C-G        0.00000    0.00000    0.00000    0.00000    0.00000    0.00000    -0.67600   -0.12300   3.12600    12.51100   -5.63500   33.19900
G-C        0.00000    0.00000    0.00000    0.00000    0.00000    0.00000    0.04800    1.55200    5.41000    0.17000    60.13600   13.23400
C-G        0.00000    0.00000    0.00000    0.00000    0.00000    0.00000    0.71600    -0.08600   3.08800    -11.70500  -4.91800   33.29500
T-A        0.00000    0.00000    0.00000    0.00000    0.00000    0.00000    -0.96000   -0.48300   2.89500    0.90300    -7.59500   33.59800
C-G        0.00000    0.00000    0.00000    0.00000    0.00000    0.00000    -0.12000   -0.98300   3.10400    -2.85000   -6.36700   31.79800
A-T        0.00000    0.00000    0.00000    0.00000    0.00000    0.00000    0.32300    -0.59400   3.18200    1.62100    -0.34800   39.44400
C-G        0.00000    0.00000    0.00000    0.00000    0.00000    0.00000    0.92900    -1.59400   3.28000    2.06500    -8.65200   31.93200
A-T        0.00000    0.00000    0.00000    0.00000    0.00000    0.00000    0.27000    -1.09600   3.26900    -0.64700   -9.99800   39.98900
