147 # base pairs
  0 # ***local base-pair & step parameters***
#          Shear      Stretch    Stagger    Buckle     Prop-Tw    Opening    Shift      Slide      Rise       Tilt       Roll       Twist
T-A        0.00000    0.00000    0.00000    0.00000    0.00000    0.00000    0.00000    0.00000    0.00000    0.00000    0.00000    0.00000
G-C        0.00000    0.00000    0.00000    0.00000    0.00000    0.00000    -0.52900   -0.91400   3.45700    -1.68900   -11.71200  37.48600
T-A        0.00000    0.00000    0.00000    0.00000    0.00000    0.00000    -0.90500   -1.56600   3.20600    -2.28600   -8.20700   32.14700
G-C        0.00000    0.00000    0.00000    0.00000    0.00000    0.00000    -0.37800   -0.59600   3.22500    -2.16700   -0.60300   39.43900
A-T        0.00000    0.00000    0.00000    0.00000    0.00000    0.00000    0.13400    -1.01800   3.05000    2.61000    -6.09300   32.09300
G-C        0.00000    0.00000    0.00000    0.00000    0.00000    0.00000    0.92900    -0.52800   2.87800    -1.17000   -8.57000   33.49400
C-G        0.00000    0.00000    0.00000    0.00000    0.00000    0.00000    -0.67600   -0.12200   3.12700    12.55900   -5.64700   33.21100
G-C        0.00000    0.00000    0.00000    0.00000    0.00000    0.00000    0.04900    1.55300    5.41000    0.14200    60.15100   13.21000
C-G        0.00000    0.00000    0.00000    0.00000    0.00000    0.00000    0.71500    -0.08700   3.08800    -11.72400  -4.90600   33.28700
T-A        0.00000    0.00000    0.00000    0.00000    0.00000    0.00000    -0.96000   -0.48500   2.89400    0.89600    -7.58500   33.58500
C-G        0.00000    0.00000    0.00000    0.00000    0.00000    0.00000    -0.12000   -0.98300   3.10600    -2.86200   -6.42300   31.82500
A-T        0.00000    0.00000    0.00000    0.00000    0.00000    0.00000    0.32200    -0.59300   3.18200    1.65600    -0.34900   39.43600
C-G        0.00000    0.00000    0.00000    0.00000    0.00000    0.00000    0.92900    -1.59300   3.28000    2.06100    -8.65300   31.94300
A-T        0.00000    0.00000    0.00000    0.00000    0.00000    0.00000    0.27000    -1.09600   3.26800    -0.64500   -9.98900   39.97000
A-T        0.00000    0.00000    0.00000    0.00000    0.00000    0.00000    0.10101    -0.20024   3.25614    1.58608    -0.90745   36.75304
T-A        0.00000    0.00000    0.00000    0.00000    0.00000    0.00000    -0.00061   -0.75780   3.33594    0.18168    -3.74821   33.41014
T-A        0.00000    0.00000    0.00000    0.00000    0.00000    0.00000    -0.01472   -0.40680   3.25178    -0.39931   -4.30694   36.76794
T-A        0.00000    0.00000    0.00000    0.00000    0.00000    0.00000    -0.09026   -0.30908   3.27119    -0.98957   -2.35341   35.78808
A-T        0.00000    0.00000    0.00000    0.00000    0.00000    0.00000    -0.05630   0.34594    3.37407    -2.34864   1.46405    38.30571
T-A        0.00000    0.00000    0.00000    0.00000    0.00000    0.00000    -0.04004   -0.68907   3.22703    -1.22309   0.85437    31.67429
T-A        0.00000    0.00000    0.00000    0.00000    0.00000    0.00000    -0.04517   -0.24720   3.25204    -0.14702   2.57077    34.43261
C-G        0.00000    0.00000    0.00000    0.00000    0.00000    0.00000    0.08258    0.00332    3.28047    0.66621    3.60592    35.96170
G-C        0.00000    0.00000    0.00000    0.00000    0.00000    0.00000    0.44865    0.55055    3.37219    3.55417    10.32127   33.87750
C-G        0.00000    0.00000    0.00000    0.00000    0.00000    0.00000    0.00628    -0.41460   3.26002    0.13631    3.00289    32.06141
A-T        0.00000    0.00000    0.00000    0.00000    0.00000    0.00000    0.14577    0.63647    3.34226    1.44117    1.06124    38.06026
A-T        0.00000    0.00000    0.00000    0.00000    0.00000    0.00000    0.11720    -0.24103   3.29362    0.48693    -2.59674   36.61204
A-T        0.00000    0.00000    0.00000    0.00000    0.00000    0.00000    -0.06320   -0.33389   3.26567    -1.32208   -3.98543   37.16276
G-C        0.00000    0.00000    0.00000    0.00000    0.00000    0.00000    -0.01762   -0.43780   3.36853    -0.80572   1.81126    34.01264
G-C        0.00000    0.00000    0.00000    0.00000    0.00000    0.00000    -0.14993   -0.27004   3.44893    -2.40123   3.90867    36.13746
C-G        0.00000    0.00000    0.00000    0.00000    0.00000    0.00000    -0.17331   -0.40373   3.26338    -1.42414   3.92424    34.30806
C-G        0.00000    0.00000    0.00000    0.00000    0.00000    0.00000    -0.21380   -0.18918   3.31757    -0.58461   5.84548    33.98465
G-C        0.00000    0.00000    0.00000    0.00000    0.00000    0.00000    0.12777    0.32505    3.11482    0.95193    8.17192    31.60143
G-C        0.00000    0.00000    0.00000    0.00000    0.00000    0.00000    0.37707    -0.22360   3.33900    1.97413    4.88964    33.90895
C-G        0.00000    0.00000    0.00000    0.00000    0.00000    0.00000    0.24309    -0.39285   3.27461    1.87592    2.91178    34.63256
C-G        0.00000    0.00000    0.00000    0.00000    0.00000    0.00000    0.37833    -0.28756   3.40988    2.50468    1.81728    35.45304
C-G        0.00000    0.00000    0.00000    0.00000    0.00000    0.00000    0.11076    -0.26104   3.40735    2.20511    2.14099    35.82071
G-C        0.00000    0.00000    0.00000    0.00000    0.00000    0.00000    -0.25197   1.13106    3.36970    -1.85547   1.99124    36.44116
A-T        0.00000    0.00000    0.00000    0.00000    0.00000    0.00000    -0.17606   -0.05284   3.17531    -1.69840   -0.38376   36.68838
C-G        0.00000    0.00000    0.00000    0.00000    0.00000    0.00000    0.06514    -0.48588   3.18136    -0.69506   2.62935    32.17136
A-T        0.00000    0.00000    0.00000    0.00000    0.00000    0.00000    -0.03302   -0.01478   3.37460    -1.31401   5.02278    36.57028
C-G        0.00000    0.00000    0.00000    0.00000    0.00000    0.00000    0.17177    -0.49962   3.24751    -0.20757   4.00363    31.78220
G-C        0.00000    0.00000    0.00000    0.00000    0.00000    0.00000    0.06464    0.52650    3.32524    1.27039    5.66031    36.84766
A-T        0.00000    0.00000    0.00000    0.00000    0.00000    0.00000    0.00300    -0.05775   3.19824    0.23628    0.21525    36.80661
C-G        0.00000    0.00000    0.00000    0.00000    0.00000    0.00000    -0.07469   -0.63688   3.25436    0.97941    2.71745    32.90518
T-A        0.00000    0.00000    0.00000    0.00000    0.00000    0.00000    0.04474    -0.71981   3.56328    0.54416    1.23498    35.81767
T-A        0.00000    0.00000    0.00000    0.00000    0.00000    0.00000    -0.06018   -0.32946   3.23208    -0.80075   -2.27113   33.43690
A-T        0.00000    0.00000    0.00000    0.00000    0.00000    0.00000    -0.02374   0.47406    3.39476    -0.27399   -2.53756   42.51931
C-G        0.00000    0.00000    0.00000    0.00000    0.00000    0.00000    -0.09826   -0.68809   3.27668    -0.50758   1.08392    32.98711
T-A        0.00000    0.00000    0.00000    0.00000    0.00000    0.00000    -0.01168   -0.39608   3.37311    -0.75927   4.73537    33.46456
G-C        0.00000    0.00000    0.00000    0.00000    0.00000    0.00000    0.02619    0.04232    3.39529    -1.35573   8.11633    35.24970
T-A        0.00000    0.00000    0.00000    0.00000    0.00000    0.00000    -0.00064   -0.53196   3.16787    -0.02450   3.49166    31.03494
A-T        0.00000    0.00000    0.00000    0.00000    0.00000    0.00000    0.11459    0.14450    3.36008    0.99888    6.29374    37.00128
G-C        0.00000    0.00000    0.00000    0.00000    0.00000    0.00000    -0.14507   -0.20087   3.24532    0.89603    5.50686    31.93319
G-C        0.00000    0.00000    0.00000    0.00000    0.00000    0.00000    0.09262    -0.75071   3.54191    1.29094    4.39515    35.12984
T-A        0.00000    0.00000    0.00000    0.00000    0.00000    0.00000    0.14513    -0.50515   3.26398    0.94050    -0.27089   32.34659
A-T        0.00000    0.00000    0.00000    0.00000    0.00000    0.00000    0.00528    -0.35780   3.38617    0.35864    0.79710    37.90421
T-A        0.00000    0.00000    0.00000    0.00000    0.00000    0.00000    -0.05287   -0.73968   3.22311    -0.34749   -1.95003   32.51275
C-G        0.00000    0.00000    0.00000    0.00000    0.00000    0.00000    0.07246    -0.28953   3.39105    -1.02556   0.10486    39.61389
T-A        0.00000    0.00000    0.00000    0.00000    0.00000    0.00000    0.06997    -0.30343   3.34530    -0.70324   3.73992    33.11859
C-G        0.00000    0.00000    0.00000    0.00000    0.00000    0.00000    -0.05890   0.03917    3.36452    -0.13087   2.70289    36.67644
G-C        0.00000    0.00000    0.00000    0.00000    0.00000    0.00000    -0.03442   0.57196    3.33743    -0.36443   12.38371   32.22214
A-T        0.00000    0.00000    0.00000    0.00000    0.00000    0.00000    -0.01942   0.09723    3.34048    -0.62265   3.10478    36.43777
G-C        0.00000    0.00000    0.00000    0.00000    0.00000    0.00000    0.09106    -0.21628   3.32966    0.87661    3.69422    32.72492
C-G        0.00000    0.00000    0.00000    0.00000    0.00000    0.00000    0.09932    -0.46281   3.41372    1.25737    1.60973    36.57137
T-A        0.00000    0.00000    0.00000    0.00000    0.00000    0.00000    0.07142    -0.08754   3.31791    1.98810    0.36792    33.83010
C-G        0.00000    0.00000    0.00000    0.00000    0.00000    0.00000    0.11363    0.19589    3.33077    1.16553    -0.40958   38.57768
G-C        0.00000    0.00000    0.00000    0.00000    0.00000    0.00000    0.10199    1.12410    3.36328    0.03407    1.55894    36.43151
G-C        0.00000    0.00000    0.00000    0.00000    0.00000    0.00000    -0.25650   -0.19257   3.38622    -4.16443   2.64829    35.83896
G-C        0.00000    0.00000    0.00000    0.00000    0.00000    0.00000    -0.23024   -0.24660   3.34802    -1.58304   6.26132    33.61775
A-T        0.00000    0.00000    0.00000    0.00000    0.00000    0.00000    -0.10206   -0.24956   3.32731    -1.03675   2.66625    36.92043
T-A        0.00000    0.00000    0.00000    0.00000    0.00000    0.00000    -0.01740   -0.63275   3.22961    -0.09323   2.74820    31.70265
C-G        0.00000    0.00000    0.00000    0.00000    0.00000    0.00000    0.06851    -0.23579   3.32014    0.83231    3.09593    36.76034
C-G        0.00000    0.00000    0.00000    0.00000    0.00000    0.00000    0.06408    -0.16664   3.29387    0.94855    6.32725    32.70220
G-C        0.00000    0.00000    0.00000    0.00000    0.00000    0.00000    0.09300    0.44800    3.32190    1.92857    5.77206    35.89930
C-G        0.00000    0.00000    0.00000    0.00000    0.00000    0.00000    0.21180    -0.49419   3.44636    1.52129    0.30911    36.11135
T-A        0.00000    0.00000    0.00000    0.00000    0.00000    0.00000    0.31407    -0.42110   3.46942    3.03239    -0.25726   36.36982
T-A        0.00000    0.00000    0.00000    0.00000    0.00000    0.00000    0.04165    -0.34436   3.26578    0.31537    -4.22526   37.33325
T-A        0.00000    0.00000    0.00000    0.00000    0.00000    0.00000    -0.06603   -0.29678   3.28834    -0.94791   -2.45604   36.62509
A-T        0.00000    0.00000    0.00000    0.00000    0.00000    0.00000    -0.19051   0.53496    3.35298    -1.75686   2.49691    38.69245
A-T        0.00000    0.00000    0.00000    0.00000    0.00000    0.00000    -0.04236   -0.19628   3.17949    -1.03313   2.68937    34.90191
C-G        0.00000    0.00000    0.00000    0.00000    0.00000    0.00000    -0.06421   -0.63278   3.30752    -0.62609   2.00707    33.19946
A-T        0.00000    0.00000    0.00000    0.00000    0.00000    0.00000    0.08412    -0.00131   3.40768    0.75318    6.91767    36.47064
C-G        0.00000    0.00000    0.00000    0.00000    0.00000    0.00000    0.24657    -0.60282   3.30332    1.84034    2.36076    33.13994
T-A        0.00000    0.00000    0.00000    0.00000    0.00000    0.00000    0.02650    -0.65420   3.56181    1.93486    2.26913    36.88415
T-A        0.00000    0.00000    0.00000    0.00000    0.00000    0.00000    0.07529    -0.29464   3.27932    2.12366    -4.64444   38.02385
T-A        0.00000    0.00000    0.00000    0.00000    0.00000    0.00000    0.00419    -0.38654   3.30086    0.19814    -5.93037   37.39380
A-T        0.00000    0.00000    0.00000    0.00000    0.00000    0.00000    0.00136    0.41866    3.53646    -1.22215   -8.74060   47.52860
T-A        0.00000    0.00000    0.00000    0.00000    0.00000    0.00000    0.05716    -0.71896   3.19571    -1.75021   0.80163    29.88909
G-C        0.00000    0.00000    0.00000    0.00000    0.00000    0.00000    -0.02558   -0.23012   3.32193    -0.50553   5.93347    37.84793
C-G        0.00000    0.00000    0.00000    0.00000    0.00000    0.00000    0.17329    -0.45533   3.20873    -2.85461   4.46286    33.25331
T-A        0.00000    0.00000    0.00000    0.00000    0.00000    0.00000    -0.14810   -0.29627   3.32561    -0.41888   6.77281    32.48447
C-G        0.00000    0.00000    0.00000    0.00000    0.00000    0.00000    0.46240    0.08798    3.22874    2.76706    7.65251    36.08709
A-T        0.00000    0.00000    0.00000    0.00000    0.00000    0.00000    -0.20273   -0.26048   3.39805    4.65803    8.98796    33.00395
T-A        0.00000    0.00000    0.00000    0.00000    0.00000    0.00000    0.06015    -0.49235   3.24437    1.06238    2.60118    31.53362
G-C        0.00000    0.00000    0.00000    0.00000    0.00000    0.00000    0.03000    -0.07584   3.39134    2.12970    1.35939    39.88172
T-A        0.00000    0.00000    0.00000    0.00000    0.00000    0.00000    -0.00153   -0.55208   3.40806    0.41735    -3.13258   36.22912
T-A        0.00000    0.00000    0.00000    0.00000    0.00000    0.00000    -0.06426   -0.21085   3.26993    0.18065    -5.68401   38.88162
A-T        0.00000    0.00000    0.00000    0.00000    0.00000    0.00000    -0.05454   0.44361    3.51436    -2.11793   -7.20390   46.58621
T-A        0.00000    0.00000    0.00000    0.00000    0.00000    0.00000    -0.04260   -0.70393   3.22454    -1.71154   -0.64383   32.40104
A-T        0.00000    0.00000    0.00000    0.00000    0.00000    0.00000    -0.10613   0.36502    3.40919    -1.73462   2.21766    40.85019
A-T        0.00000    0.00000    0.00000    0.00000    0.00000    0.00000    0.01076    -0.18735   3.16755    -0.14054   4.10576    34.98275
C-G        0.00000    0.00000    0.00000    0.00000    0.00000    0.00000    0.06183    -0.65456   3.29914    0.38641    3.19499    34.38157
G-C        0.00000    0.00000    0.00000    0.00000    0.00000    0.00000    0.27925    0.38868    3.27518    3.73760    6.81142    35.89666
G-C        0.00000    0.00000    0.00000    0.00000    0.00000    0.00000    0.55096    -0.04964   3.28315    3.96675    7.20191    33.61051
A-T        0.00000    0.00000    0.00000    0.00000    0.00000    0.00000    -0.00391   -0.30388   3.39115    1.45269    -1.67704   39.51007
T-A        0.00000    0.00000    0.00000    0.00000    0.00000    0.00000    0.01298    -0.80085   3.32147    0.28555    -3.48778   32.96706
T-A        0.00000    0.00000    0.00000    0.00000    0.00000    0.00000    0.03679    -0.22902   3.24497    1.19175    -4.70104   39.39777
C-G        0.00000    0.00000    0.00000    0.00000    0.00000    0.00000    -0.04429   -0.23057   3.42492    -1.36660   -1.61214   40.29135
C-G        0.00000    0.00000    0.00000    0.00000    0.00000    0.00000    -0.48820   -0.04103   3.28773    -3.57000   6.54577    33.78749
G-C        0.00000    0.00000    0.00000    0.00000    0.00000    0.00000    -0.31339   0.39754    3.14348    -3.08333   7.24085    33.02967
G-C        0.00000    0.00000    0.00000    0.00000    0.00000    0.00000    0.01336    -0.14266   3.32255    -1.68586   6.22132    35.05342
C-G        0.00000    0.00000    0.00000    0.00000    0.00000    0.00000    0.20383    -0.57498   3.29236    0.05423    3.90446    35.16465
T-A        0.00000    0.00000    0.00000    0.00000    0.00000    0.00000    -0.00397   -0.18990   3.32534    1.76207    5.08427    33.61968
C-G        0.00000    0.00000    0.00000    0.00000    0.00000    0.00000    0.36848    0.34765    3.25050    5.19419    2.95871    37.59274
G-C        0.00000    0.00000    0.00000    0.00000    0.00000    0.00000    0.16054    0.52517    3.30037    3.37823    2.81692    38.33144
T-A        0.00000    0.00000    0.00000    0.00000    0.00000    0.00000    0.26433    -0.76972   3.33922    0.37864    0.94141    34.68264
A-T        0.00000    0.00000    0.00000    0.00000    0.00000    0.00000    -0.04301   -0.22650   3.38730    0.14858    -1.37520   39.83340
T-A        0.00000    0.00000    0.00000    0.00000    0.00000    0.00000    -0.03415   -0.69634   3.24763    -0.65818   -2.33727   32.64539
A-T        0.00000    0.00000    0.00000    0.00000    0.00000    0.00000    -0.10447   0.48117    3.50086    -1.40134   -4.84622   46.06640
A-T        0.00000    0.00000    0.00000    0.00000    0.00000    0.00000    -0.10505   -0.26985   3.25238    -1.25153   2.14207    36.30649
T-A        0.00000    0.00000    0.00000    0.00000    0.00000    0.00000    0.00916    -0.57490   3.27454    -0.35829   0.86591    32.81054
G-C        0.00000    0.00000    0.00000    0.00000    0.00000    0.00000    -0.01605   0.01461    3.51632    -0.33116   6.87034    39.07912
T-A        0.00000    0.00000    0.00000    0.00000    0.00000    0.00000    0.15286    -0.50253   3.25474    0.63001    1.56707    32.60326
G-C        0.00000    0.00000    0.00000    0.00000    0.00000    0.00000    0.02863    0.00425    3.40788    1.83004    3.81749    38.55071
T-A        0.00000    0.00000    0.00000    0.00000    0.00000    0.00000    -0.07009   -0.49370   3.19708    0.66141    2.04543    33.14257
C-G        0.00000    0.00000    0.00000    0.00000    0.00000    0.00000    0.12286    -0.05381   3.20142    1.19588    -0.70630   37.62213
G-C        0.00000    0.00000    0.00000    0.00000    0.00000    0.00000    -0.02028   0.73406    3.32655    0.11069    3.33186    37.05731
A-T        0.00000    0.00000    0.00000    0.00000    0.00000    0.00000    -0.13095   -0.04888   3.20097    -1.12615   -0.71227   37.64651
C-G        0.00000    0.00000    0.00000    0.00000    0.00000    0.00000    -0.14675   -0.76788   3.22702    -0.82055   1.95992    33.56026
C-G        0.00000    0.00000    0.00000    0.00000    0.00000    0.00000    0.02528    -0.37578   3.39091    -0.30713   5.86338    34.09680
A-T        0.00000    0.00000    0.00000    0.00000    0.00000    0.00000    -0.07671   0.91973    3.34789    -1.06438   4.48494    38.45651
A-T        0.00000    0.00000    0.00000    0.00000    0.00000    0.00000    0.06741    -0.09103   3.28459    0.40250    1.34854    36.69426
A-T        0.00000    0.00000    0.00000    0.00000    0.00000    0.00000    0.01420    -0.35966   3.27206    0.43948    -1.95817   37.07207
T-A        0.00000    0.00000    0.00000    0.00000    0.00000    0.00000    0.04716    -0.64222   3.28247    0.85504    -0.16907   32.92972
G-C        0.00000    0.00000    0.00000    0.00000    0.00000    0.00000    -0.26900   -1.09600   3.26900    0.63600    -9.99000   39.98700
T-A        0.00000    0.00000    0.00000    0.00000    0.00000    0.00000    -0.92900   -1.59300   3.28000    -2.05000   -8.65500   31.94100
G-C        0.00000    0.00000    0.00000    0.00000    0.00000    0.00000    -0.32200   -0.59400   3.18200    -1.64600   -0.33600   39.43500
A-T        0.00000    0.00000    0.00000    0.00000    0.00000    0.00000    0.11900    -0.98200   3.10500    2.86100    -6.38100   31.81100
G-C        0.00000    0.00000    0.00000    0.00000    0.00000    0.00000    0.96000    -0.48300   2.89600    -0.90300   -7.59200   33.58400
C-G        0.00000    0.00000    0.00000    0.00000    0.00000    0.00000    -0.71600   -0.08600   3.08800    11.71100   -4.91100   33.31200
G-C        0.00000    0.00000    0.00000    0.00000    0.00000    0.00000    -0.04900   1.55300    5.41000    -0.16700   60.14300   13.21900
C-G        0.00000    0.00000    0.00000    0.00000    0.00000    0.00000    0.67600    -0.12300   3.12600    -12.51500  -5.65100   33.20700
T-A        0.00000    0.00000    0.00000    0.00000    0.00000    0.00000    -0.92900   -0.52700   2.87900    1.17300    -8.55000   33.48600
C-G        0.00000    0.00000    0.00000    0.00000    0.00000    0.00000    -0.13400   -1.01800   3.05000    -2.62400   -6.07100   32.10600
A-T        0.00000    0.00000    0.00000    0.00000    0.00000    0.00000    0.37700    -0.59600   3.22600    2.13800    -0.62100   39.43900
C-G        0.00000    0.00000    0.00000    0.00000    0.00000    0.00000    0.90500    -1.56500   3.20700    2.31400    -8.20500   32.14800
A-T        0.00000    0.00000    0.00000    0.00000    0.00000    0.00000    0.52900    -0.91300   3.45600    1.68400    -11.70900  37.49000
