147 # base pairs
  0 # ***local base-pair & step parameters***
#          Shear      Stretch    Stagger    Buckle     Prop-Tw    Opening    Shift      Slide      Rise       Tilt       Roll       Twist
T-A        0.00000    0.00000    0.00000    0.00000    0.00000    0.00000    0.00000    0.00000    0.00000    0.00000    0.00000    0.00000
G-C        0.00000    0.00000    0.00000    0.00000    0.00000    0.00000    -0.52900   -0.91400   3.45700    -1.68900   -11.71200  37.48600
T-A        0.00000    0.00000    0.00000    0.00000    0.00000    0.00000    -0.90500   -1.56600   3.20600    -2.28600   -8.20700   32.14700
G-C        0.00000    0.00000    0.00000    0.00000    0.00000    0.00000    -0.37800   -0.59600   3.22500    -2.16700   -0.60300   39.43900
A-T        0.00000    0.00000    0.00000    0.00000    0.00000    0.00000    0.13400    -1.01800   3.05000    2.61000    -6.09300   32.09300
G-C        0.00000    0.00000    0.00000    0.00000    0.00000    0.00000    0.92900    -0.52800   2.87800    -1.17000   -8.57000   33.49400
C-G        0.00000    0.00000    0.00000    0.00000    0.00000    0.00000    -0.67600   -0.12200   3.12700    12.55900   -5.64700   33.21100
G-C        0.00000    0.00000    0.00000    0.00000    0.00000    0.00000    0.04900    1.55300    5.41000    0.14200    60.15100   13.21000
C-G        0.00000    0.00000    0.00000    0.00000    0.00000    0.00000    0.71500    -0.08700   3.08800    -11.72400  -4.90600   33.28700
T-A        0.00000    0.00000    0.00000    0.00000    0.00000    0.00000    -0.96000   -0.48500   2.89400    0.89600    -7.58500   33.58500
C-G        0.00000    0.00000    0.00000    0.00000    0.00000    0.00000    -0.12000   -0.98300   3.10600    -2.86200   -6.42300   31.82500
A-T        0.00000    0.00000    0.00000    0.00000    0.00000    0.00000    0.32200    -0.59300   3.18200    1.65600    -0.34900   39.43600
C-G        0.00000    0.00000    0.00000    0.00000    0.00000    0.00000    0.92900    -1.59300   3.28000    2.06100    -8.65300   31.94300
A-T        0.00000    0.00000    0.00000    0.00000    0.00000    0.00000    0.27000    -1.09600   3.26800    -0.64500   -9.98900   39.97000
A-T        0.00000    0.00000    0.00000    0.00000    0.00000    0.00000    0.04744    -0.31421   3.25556    0.84233    -3.12715   36.54618
T-A        0.00000    0.00000    0.00000    0.00000    0.00000    0.00000    -0.01196   -0.70640   3.25867    0.06685    -2.31923   31.81324
T-A        0.00000    0.00000    0.00000    0.00000    0.00000    0.00000    -0.06197   -0.30715   3.25619    -0.65601   -3.28444   36.61698
T-A        0.00000    0.00000    0.00000    0.00000    0.00000    0.00000    -0.07691   -0.26916   3.24884    -1.23041   -1.60204   36.22166
A-T        0.00000    0.00000    0.00000    0.00000    0.00000    0.00000    -0.11044   0.30082    3.35873    -1.75011   2.66053    38.61648
T-A        0.00000    0.00000    0.00000    0.00000    0.00000    0.00000    -0.01150   -0.66056   3.20985    -0.54679   1.52898    30.73595
T-A        0.00000    0.00000    0.00000    0.00000    0.00000    0.00000    -0.00673   -0.19343   3.22887    -0.16608   2.60741    34.97995
C-G        0.00000    0.00000    0.00000    0.00000    0.00000    0.00000    0.11022    -0.08050   3.27459    1.03152    3.53628    36.43127
G-C        0.00000    0.00000    0.00000    0.00000    0.00000    0.00000    0.23676    0.34378    3.36680    2.82305    7.05689    34.93235
C-G        0.00000    0.00000    0.00000    0.00000    0.00000    0.00000    0.15101    -0.44216   3.32056    1.59755    2.02645    34.33905
A-T        0.00000    0.00000    0.00000    0.00000    0.00000    0.00000    0.01516    0.26934    3.33807    0.89929    3.15200    37.05759
A-T        0.00000    0.00000    0.00000    0.00000    0.00000    0.00000    0.00862    -0.30020   3.25832    -0.08811   -3.06713   36.85460
A-T        0.00000    0.00000    0.00000    0.00000    0.00000    0.00000    -0.01766   -0.28445   3.25576    -0.66232   -2.51293   36.72819
G-C        0.00000    0.00000    0.00000    0.00000    0.00000    0.00000    -0.09827   -0.31048   3.32667    -1.78364   2.84133    33.61259
G-C        0.00000    0.00000    0.00000    0.00000    0.00000    0.00000    -0.19553   -0.25961   3.37100    -1.83938   5.08970    34.22724
C-G        0.00000    0.00000    0.00000    0.00000    0.00000    0.00000    -0.07670   -0.45992   3.29141    -0.84377   3.52019    33.81711
C-G        0.00000    0.00000    0.00000    0.00000    0.00000    0.00000    0.00794    -0.28818   3.36256    0.03730    6.34604    33.72595
G-C        0.00000    0.00000    0.00000    0.00000    0.00000    0.00000    0.12038    0.35310    3.37205    1.35068    7.93193    34.78939
G-C        0.00000    0.00000    0.00000    0.00000    0.00000    0.00000    0.17513    -0.31558   3.37592    1.54076    5.28726    34.08108
C-G        0.00000    0.00000    0.00000    0.00000    0.00000    0.00000    0.12869    -0.44063   3.32115    1.28672    2.11973    34.42282
C-G        0.00000    0.00000    0.00000    0.00000    0.00000    0.00000    0.12921    -0.28995   3.39177    1.14833    3.36673    34.81528
C-G        0.00000    0.00000    0.00000    0.00000    0.00000    0.00000    0.01978    -0.29802   3.39495    0.14730    3.08533    34.89942
G-C        0.00000    0.00000    0.00000    0.00000    0.00000    0.00000    -0.11871   0.41583    3.36906    -1.37300   4.31843    36.13503
A-T        0.00000    0.00000    0.00000    0.00000    0.00000    0.00000    -0.13199   -0.09644   3.30010    -1.24388   1.26348    37.48157
C-G        0.00000    0.00000    0.00000    0.00000    0.00000    0.00000    -0.07625   -0.63020   3.26076    -0.61552   2.04452    32.72247
A-T        0.00000    0.00000    0.00000    0.00000    0.00000    0.00000    -0.11547   0.22504    3.35715    -0.69438   6.83013    35.85125
C-G        0.00000    0.00000    0.00000    0.00000    0.00000    0.00000    -0.01701   -0.62752   3.24593    0.30152    2.81117    32.44106
G-C        0.00000    0.00000    0.00000    0.00000    0.00000    0.00000    0.12174    0.37389    3.37341    1.46121    7.53069    35.02841
A-T        0.00000    0.00000    0.00000    0.00000    0.00000    0.00000    0.09725    -0.08663   3.30322    1.22020    1.91489    37.42479
C-G        0.00000    0.00000    0.00000    0.00000    0.00000    0.00000    0.05627    -0.64827   3.28995    1.02803    0.91648    33.04521
T-A        0.00000    0.00000    0.00000    0.00000    0.00000    0.00000    0.07198    -0.32550   3.33786    1.00768    1.90195    33.89796
T-A        0.00000    0.00000    0.00000    0.00000    0.00000    0.00000    -0.01787   -0.29159   3.25771    -0.05636   -2.70533   36.83944
A-T        0.00000    0.00000    0.00000    0.00000    0.00000    0.00000    -0.05828   0.53544    3.38471    -0.88023   -2.67208   41.95535
C-G        0.00000    0.00000    0.00000    0.00000    0.00000    0.00000    -0.07551   -0.64135   3.27845    -0.73749   1.31257    33.02939
T-A        0.00000    0.00000    0.00000    0.00000    0.00000    0.00000    -0.03679   -0.31293   3.32298    -0.79829   4.10634    33.34612
G-C        0.00000    0.00000    0.00000    0.00000    0.00000    0.00000    -0.00692   0.19567    3.36127    -0.69405   7.09480    35.68494
T-A        0.00000    0.00000    0.00000    0.00000    0.00000    0.00000    0.01639    -0.62600   3.24315    -0.06950   2.95187    32.45191
A-T        0.00000    0.00000    0.00000    0.00000    0.00000    0.00000    0.05782    0.25838    3.36342    0.96976    3.99778    38.41489
G-C        0.00000    0.00000    0.00000    0.00000    0.00000    0.00000    0.03362    -0.29915   3.32583    1.10341    3.54255    33.50815
G-C        0.00000    0.00000    0.00000    0.00000    0.00000    0.00000    0.17272    -0.28510   3.38687    1.59235    3.75386    34.75007
T-A        0.00000    0.00000    0.00000    0.00000    0.00000    0.00000    0.05229    -0.64402   3.30539    0.32181    0.05792    33.45655
A-T        0.00000    0.00000    0.00000    0.00000    0.00000    0.00000    0.00376    0.68040    3.39171    -0.23810   -5.03209   43.41748
T-A        0.00000    0.00000    0.00000    0.00000    0.00000    0.00000    -0.01419   -0.69470   3.25143    -0.53412   -1.35565   31.95057
C-G        0.00000    0.00000    0.00000    0.00000    0.00000    0.00000    -0.11478   -0.10725   3.31407    -1.52521   1.24263    37.83642
T-A        0.00000    0.00000    0.00000    0.00000    0.00000    0.00000    -0.04725   -0.31564   3.32446    -1.06591   4.24929    33.42706
C-G        0.00000    0.00000    0.00000    0.00000    0.00000    0.00000    -0.07010   -0.07320   3.28974    -0.77427   3.45720    37.00595
G-C        0.00000    0.00000    0.00000    0.00000    0.00000    0.00000    0.01353    0.34458    3.38076    0.38624    8.75104    34.81947
A-T        0.00000    0.00000    0.00000    0.00000    0.00000    0.00000    0.08332    -0.06439   3.29294    1.17463    3.12639    37.17884
G-C        0.00000    0.00000    0.00000    0.00000    0.00000    0.00000    0.03912    -0.29101   3.32746    1.42293    3.61187    33.66462
C-G        0.00000    0.00000    0.00000    0.00000    0.00000    0.00000    0.16861    -0.41485   3.33247    1.70873    1.53847    34.84921
T-A        0.00000    0.00000    0.00000    0.00000    0.00000    0.00000    0.09331    -0.31081   3.34578    1.28286    1.18487    34.41894
C-G        0.00000    0.00000    0.00000    0.00000    0.00000    0.00000    0.02208    -0.11709   3.32859    -0.18920   -0.90890   38.59246
G-C        0.00000    0.00000    0.00000    0.00000    0.00000    0.00000    -0.17803   0.42986    3.37133    -2.40311   3.50170    36.63196
G-C        0.00000    0.00000    0.00000    0.00000    0.00000    0.00000    -0.27764   -0.28438   3.38556    -2.74087   4.13181    34.70781
G-C        0.00000    0.00000    0.00000    0.00000    0.00000    0.00000    -0.26819   -0.29555   3.37156    -2.58759   5.74321    34.08640
A-T        0.00000    0.00000    0.00000    0.00000    0.00000    0.00000    -0.11392   -0.07336   3.27218    -1.10397   4.15218    36.44884
T-A        0.00000    0.00000    0.00000    0.00000    0.00000    0.00000    -0.01166   -0.65276   3.20024    0.12113    2.41173    30.63406
C-G        0.00000    0.00000    0.00000    0.00000    0.00000    0.00000    0.12083    -0.05804   3.27287    1.48695    3.88053    36.57086
C-G        0.00000    0.00000    0.00000    0.00000    0.00000    0.00000    0.29829    -0.23357   3.36782    3.03859    5.14191    34.39144
G-C        0.00000    0.00000    0.00000    0.00000    0.00000    0.00000    0.31495    0.46482    3.36675    3.89761    4.24853    36.35731
C-G        0.00000    0.00000    0.00000    0.00000    0.00000    0.00000    0.14068    -0.38844   3.35392    1.35995    0.31369    35.30736
T-A        0.00000    0.00000    0.00000    0.00000    0.00000    0.00000    0.06136    -0.31800   3.35562    0.19767    0.08499    34.72071
T-A        0.00000    0.00000    0.00000    0.00000    0.00000    0.00000    -0.04904   -0.30168   3.26396    -0.98151   -3.85630   37.52587
T-A        0.00000    0.00000    0.00000    0.00000    0.00000    0.00000    -0.07691   -0.26103   3.25444    -1.61526   -1.68695   36.99025
T-A        0.00000    0.00000    0.00000    0.00000    0.00000    0.00000    -0.08044   -0.21030   3.24265    -1.62662   0.87729    36.31183
C-G        0.00000    0.00000    0.00000    0.00000    0.00000    0.00000    -0.11840   -0.06343   3.29103    -1.33243   4.11315    37.21142
A-T        0.00000    0.00000    0.00000    0.00000    0.00000    0.00000    -0.07596   0.16549    3.37948    0.10912    8.92719    35.61787
T-A        0.00000    0.00000    0.00000    0.00000    0.00000    0.00000    0.01365    -0.64958   3.20853    0.72497    2.00388    31.20463
G-C        0.00000    0.00000    0.00000    0.00000    0.00000    0.00000    0.23017    0.32499    3.35821    2.74727    5.96954    37.20257
T-A        0.00000    0.00000    0.00000    0.00000    0.00000    0.00000    0.11665    -0.62266   3.29421    1.62991    0.60196    33.84753
T-A        0.00000    0.00000    0.00000    0.00000    0.00000    0.00000    0.03687    -0.28976   3.26679    1.26398    -4.30410   37.94781
A-T        0.00000    0.00000    0.00000    0.00000    0.00000    0.00000    0.02113    1.04019    3.40932    0.09595    -10.42689  47.10896
T-A        0.00000    0.00000    0.00000    0.00000    0.00000    0.00000    -0.02055   -0.70195   3.27008    -0.75201   -2.79042   32.69460
A-T        0.00000    0.00000    0.00000    0.00000    0.00000    0.00000    -0.15135   0.68869    3.39733    -2.44082   -3.77825   43.76110
A-T        0.00000    0.00000    0.00000    0.00000    0.00000    0.00000    -0.05733   -0.19740   3.24471    -1.60716   0.61527    36.70486
C-G        0.00000    0.00000    0.00000    0.00000    0.00000    0.00000    -0.10178   -0.62135   3.23737    -0.83518   3.58238    33.13787
G-C        0.00000    0.00000    0.00000    0.00000    0.00000    0.00000    -0.01291   0.32500    3.40186    -0.11285   10.02628   35.20042
G-C        0.00000    0.00000    0.00000    0.00000    0.00000    0.00000    0.18417    -0.27788   3.36923    1.65096    7.16853    34.53060
A-T        0.00000    0.00000    0.00000    0.00000    0.00000    0.00000    0.19207    -0.06346   3.31265    2.35361    2.63585    38.16996
A-T        0.00000    0.00000    0.00000    0.00000    0.00000    0.00000    0.08661    -0.24051   3.25686    1.75240    -1.77495   37.47643
A-T        0.00000    0.00000    0.00000    0.00000    0.00000    0.00000    0.06470    -0.29101   3.26758    1.13222    -4.23843   38.06172
C-G        0.00000    0.00000    0.00000    0.00000    0.00000    0.00000    0.00733    -0.65320   3.34486    0.34654    -1.53230   34.43421
A-T        0.00000    0.00000    0.00000    0.00000    0.00000    0.00000    -0.15100   0.45869    3.32863    -1.81769   0.70856    39.22725
C-G        0.00000    0.00000    0.00000    0.00000    0.00000    0.00000    -0.11337   -0.62944   3.30059    -1.66540   0.26167    33.87735
T-A        0.00000    0.00000    0.00000    0.00000    0.00000    0.00000    -0.07255   -0.28919   3.33282    -2.35954   3.85900    34.03713
T-A        0.00000    0.00000    0.00000    0.00000    0.00000    0.00000    -0.05987   -0.16460   3.23278    -1.39488   2.72691    35.82464
T-A        0.00000    0.00000    0.00000    0.00000    0.00000    0.00000    -0.01498   -0.14544   3.22740    -0.36348   3.82461    35.48542
A-T        0.00000    0.00000    0.00000    0.00000    0.00000    0.00000    0.08772    0.06441    3.36471    1.24227    7.98384    37.16255
T-A        0.00000    0.00000    0.00000    0.00000    0.00000    0.00000    0.04212    -0.66300   3.22150    1.12723    1.05138    31.54148
G-C        0.00000    0.00000    0.00000    0.00000    0.00000    0.00000    0.24512    0.34213    3.34992    2.96697    4.02749    37.99423
C-G        0.00000    0.00000    0.00000    0.00000    0.00000    0.00000    0.16130    -0.40114   3.36150    1.82020    0.48621    35.68277
T-A        0.00000    0.00000    0.00000    0.00000    0.00000    0.00000    0.04073    -0.31304   3.36449    0.76565    -0.01342   35.36983
T-A        0.00000    0.00000    0.00000    0.00000    0.00000    0.00000    -0.05424   -0.28977   3.26985    -0.63747   -4.49522   38.24825
C-G        0.00000    0.00000    0.00000    0.00000    0.00000    0.00000    -0.16455   -0.08519   3.33629    -2.08391   -0.10503   39.07375
C-G        0.00000    0.00000    0.00000    0.00000    0.00000    0.00000    -0.29117   -0.26283   3.38512    -2.82917   4.85104    35.18359
G-C        0.00000    0.00000    0.00000    0.00000    0.00000    0.00000    -0.23099   0.37671    3.39371    -3.02338   8.29452    35.63993
G-C        0.00000    0.00000    0.00000    0.00000    0.00000    0.00000    -0.04234   -0.26224   3.36445    -0.76975   7.22916    34.32989
C-G        0.00000    0.00000    0.00000    0.00000    0.00000    0.00000    0.08849    -0.48757   3.29030    0.77993    4.42475    34.17137
T-A        0.00000    0.00000    0.00000    0.00000    0.00000    0.00000    0.09682    -0.30048   3.32136    2.25336    5.08255    33.81794
C-G        0.00000    0.00000    0.00000    0.00000    0.00000    0.00000    0.19976    -0.08526   3.30455    2.17389    1.53319    38.04157
G-C        0.00000    0.00000    0.00000    0.00000    0.00000    0.00000    0.23218    0.44066    3.38660    3.03838    3.57950    37.21595
T-A        0.00000    0.00000    0.00000    0.00000    0.00000    0.00000    0.01106    -0.65024   3.33041    0.32845    -0.71621   34.33044
A-T        0.00000    0.00000    0.00000    0.00000    0.00000    0.00000    -0.06073   0.93814    3.41116    -0.54724   -7.84646   46.21794
T-A        0.00000    0.00000    0.00000    0.00000    0.00000    0.00000    -0.03552   -0.68339   3.25828    -0.68521   -1.66926   32.58111
A-T        0.00000    0.00000    0.00000    0.00000    0.00000    0.00000    -0.10674   0.68078    3.39769    -1.61873   -1.77848   43.25764
A-T        0.00000    0.00000    0.00000    0.00000    0.00000    0.00000    -0.01414   -0.17992   3.24770    -0.76366   0.60061    36.94731
T-A        0.00000    0.00000    0.00000    0.00000    0.00000    0.00000    0.00735    -0.65449   3.22397    -0.17691   1.11537    31.83336
G-C        0.00000    0.00000    0.00000    0.00000    0.00000    0.00000    0.11588    0.27641    3.37716    0.65689    6.59304    37.26143
T-A        0.00000    0.00000    0.00000    0.00000    0.00000    0.00000    0.09077    -0.63704   3.27538    0.56647    2.09132    33.77535
G-C        0.00000    0.00000    0.00000    0.00000    0.00000    0.00000    0.15049    0.31706    3.36725    1.51316    4.51259    38.18192
T-A        0.00000    0.00000    0.00000    0.00000    0.00000    0.00000    0.04619    -0.64868   3.30966    0.47972    0.55907    34.27646
C-G        0.00000    0.00000    0.00000    0.00000    0.00000    0.00000    0.02906    -0.09062   3.33528    0.27526    -0.11963   39.18009
G-C        0.00000    0.00000    0.00000    0.00000    0.00000    0.00000    -0.08097   0.47215    3.39954    -0.75879   3.68060    37.63443
A-T        0.00000    0.00000    0.00000    0.00000    0.00000    0.00000    -0.10336   -0.06708   3.32468    -0.90851   0.55805    38.90395
C-G        0.00000    0.00000    0.00000    0.00000    0.00000    0.00000    -0.06952   -0.62402   3.28861    -0.51005   1.37337    34.01911
C-G        0.00000    0.00000    0.00000    0.00000    0.00000    0.00000    -0.07196   -0.22687   3.38751    -0.71609   5.04215    35.47193
A-T        0.00000    0.00000    0.00000    0.00000    0.00000    0.00000    -0.04862   0.32965    3.37164    -0.37326   5.86342    37.60180
A-T        0.00000    0.00000    0.00000    0.00000    0.00000    0.00000    0.03616    -0.18992   3.24940    0.30708    0.46611    36.99465
A-T        0.00000    0.00000    0.00000    0.00000    0.00000    0.00000    0.04780    -0.20998   3.25285    0.61559    -0.25466   37.16862
T-A        0.00000    0.00000    0.00000    0.00000    0.00000    0.00000    0.02168    -0.68027   3.24735    0.45299    -0.62516   32.32040
G-C        0.00000    0.00000    0.00000    0.00000    0.00000    0.00000    -0.26900   -1.09600   3.26900    0.63600    -9.99000   39.98700
T-A        0.00000    0.00000    0.00000    0.00000    0.00000    0.00000    -0.92900   -1.59300   3.28000    -2.05000   -8.65500   31.94100
G-C        0.00000    0.00000    0.00000    0.00000    0.00000    0.00000    -0.32200   -0.59400   3.18200    -1.64600   -0.33600   39.43500
A-T        0.00000    0.00000    0.00000    0.00000    0.00000    0.00000    0.11900    -0.98200   3.10500    2.86100    -6.38100   31.81100
G-C        0.00000    0.00000    0.00000    0.00000    0.00000    0.00000    0.96000    -0.48300   2.89600    -0.90300   -7.59200   33.58400
C-G        0.00000    0.00000    0.00000    0.00000    0.00000    0.00000    -0.71600   -0.08600   3.08800    11.71100   -4.91100   33.31200
G-C        0.00000    0.00000    0.00000    0.00000    0.00000    0.00000    -0.04900   1.55300    5.41000    -0.16700   60.14300   13.21900
C-G        0.00000    0.00000    0.00000    0.00000    0.00000    0.00000    0.67600    -0.12300   3.12600    -12.51500  -5.65100   33.20700
T-A        0.00000    0.00000    0.00000    0.00000    0.00000    0.00000    -0.92900   -0.52700   2.87900    1.17300    -8.55000   33.48600
C-G        0.00000    0.00000    0.00000    0.00000    0.00000    0.00000    -0.13400   -1.01800   3.05000    -2.62400   -6.07100   32.10600
A-T        0.00000    0.00000    0.00000    0.00000    0.00000    0.00000    0.37700    -0.59600   3.22600    2.13800    -0.62100   39.43900
C-G        0.00000    0.00000    0.00000    0.00000    0.00000    0.00000    0.90500    -1.56500   3.20700    2.31400    -8.20500   32.14800
A-T        0.00000    0.00000    0.00000    0.00000    0.00000    0.00000    0.52900    -0.91300   3.45600    1.68400    -11.70900  37.49000
