147 # base pairs
  0 # ***local base-pair & step parameters***
#          Shear      Stretch    Stagger    Buckle     Prop-Tw    Opening    Shift      Slide      Rise       Tilt       Roll       Twist
T-A        0.00000    0.00000    0.00000    0.00000    0.00000    0.00000    0.00000    0.00000    0.00000    0.00000    0.00000    0.00000
G-C        0.00000    0.00000    0.00000    0.00000    0.00000    0.00000    -0.52900   -0.91400   3.45700    -1.68900   -11.71200  37.48600
T-A        0.00000    0.00000    0.00000    0.00000    0.00000    0.00000    -0.90500   -1.56600   3.20600    -2.28600   -8.20700   32.14700
G-C        0.00000    0.00000    0.00000    0.00000    0.00000    0.00000    -0.37800   -0.59600   3.22500    -2.16700   -0.60300   39.43900
A-T        0.00000    0.00000    0.00000    0.00000    0.00000    0.00000    0.13400    -1.01800   3.05000    2.61000    -6.09300   32.09300
G-C        0.00000    0.00000    0.00000    0.00000    0.00000    0.00000    0.92900    -0.52800   2.87800    -1.17000   -8.57000   33.49400
C-G        0.00000    0.00000    0.00000    0.00000    0.00000    0.00000    -0.67600   -0.12200   3.12700    12.55900   -5.64700   33.21100
G-C        0.00000    0.00000    0.00000    0.00000    0.00000    0.00000    0.04900    1.55300    5.41000    0.14200    60.15100   13.21000
C-G        0.00000    0.00000    0.00000    0.00000    0.00000    0.00000    0.71500    -0.08700   3.08800    -11.72400  -4.90600   33.28700
T-A        0.00000    0.00000    0.00000    0.00000    0.00000    0.00000    -0.96000   -0.48500   2.89400    0.89600    -7.58500   33.58500
C-G        0.00000    0.00000    0.00000    0.00000    0.00000    0.00000    -0.12000   -0.98300   3.10600    -2.86200   -6.42300   31.82500
A-T        0.00000    0.00000    0.00000    0.00000    0.00000    0.00000    0.32200    -0.59300   3.18200    1.65600    -0.34900   39.43600
C-G        0.00000    0.00000    0.00000    0.00000    0.00000    0.00000    0.92900    -1.59300   3.28000    2.06100    -8.65300   31.94300
A-T        0.00000    0.00000    0.00000    0.00000    0.00000    0.00000    0.27000    -1.09600   3.26800    -0.64500   -9.98900   39.97000
A-T        0.00000    0.00000    0.00000    0.00000    0.00000    0.00000    0.07142    -0.19600   3.25337    1.07166    -0.96818   36.69946
T-A        0.00000    0.00000    0.00000    0.00000    0.00000    0.00000    -0.00660   -0.75724   3.33357    0.00370    -3.59709   33.40085
T-A        0.00000    0.00000    0.00000    0.00000    0.00000    0.00000    -0.01532   -0.40088   3.25567    -0.50555   -3.91829   36.74734
T-A        0.00000    0.00000    0.00000    0.00000    0.00000    0.00000    -0.08378   -0.27909   3.26686    -0.95274   -1.37331   35.59775
A-T        0.00000    0.00000    0.00000    0.00000    0.00000    0.00000    -0.04365   0.32767    3.36613    -1.99419   2.28860    37.79986
T-A        0.00000    0.00000    0.00000    0.00000    0.00000    0.00000    -0.03567   -0.69079   3.22742    -0.97104   0.86340    31.65982
T-A        0.00000    0.00000    0.00000    0.00000    0.00000    0.00000    -0.02958   -0.24556   3.25282    0.22068    2.12576    34.71340
C-G        0.00000    0.00000    0.00000    0.00000    0.00000    0.00000    0.08928    -0.00114   3.28237    0.80318    3.20815    36.12873
G-C        0.00000    0.00000    0.00000    0.00000    0.00000    0.00000    0.42937    0.55531    3.36169    3.34267    9.74591    33.91311
C-G        0.00000    0.00000    0.00000    0.00000    0.00000    0.00000    -0.00821   -0.41478   3.26138    -0.02282   2.93281    32.07662
A-T        0.00000    0.00000    0.00000    0.00000    0.00000    0.00000    0.08263    0.63946    3.33547    0.88166    0.94152    38.07577
A-T        0.00000    0.00000    0.00000    0.00000    0.00000    0.00000    0.09630    -0.23094   3.29252    0.26163    -2.30617   36.51492
A-T        0.00000    0.00000    0.00000    0.00000    0.00000    0.00000    -0.06501   -0.33156   3.26401    -1.36732   -3.46026   37.03394
G-C        0.00000    0.00000    0.00000    0.00000    0.00000    0.00000    -0.01804   -0.44573   3.36623    -0.71696   2.30129    33.84661
G-C        0.00000    0.00000    0.00000    0.00000    0.00000    0.00000    -0.11795   -0.29522   3.44967    -2.08460   4.34174    35.97909
C-G        0.00000    0.00000    0.00000    0.00000    0.00000    0.00000    -0.11337   -0.40932   3.26342    -0.92223   4.02234    34.29705
C-G        0.00000    0.00000    0.00000    0.00000    0.00000    0.00000    -0.17547   -0.19329   3.32104    -0.08804   5.71071    34.13099
G-C        0.00000    0.00000    0.00000    0.00000    0.00000    0.00000    0.15772    0.33358    3.11351    1.30336    7.70475    31.74943
G-C        0.00000    0.00000    0.00000    0.00000    0.00000    0.00000    0.38672    -0.22406   3.34660    2.03527    4.41252    34.06104
C-G        0.00000    0.00000    0.00000    0.00000    0.00000    0.00000    0.21373    -0.37569   3.27740    1.64122    2.56482    34.79006
C-G        0.00000    0.00000    0.00000    0.00000    0.00000    0.00000    0.35244    -0.28063   3.40916    2.03688    1.55713    35.60223
C-G        0.00000    0.00000    0.00000    0.00000    0.00000    0.00000    0.07187    -0.27740   3.41094    1.63413    2.18036    35.83617
G-C        0.00000    0.00000    0.00000    0.00000    0.00000    0.00000    -0.28678   1.11113    3.36680    -2.24886   2.30370    36.36045
A-T        0.00000    0.00000    0.00000    0.00000    0.00000    0.00000    -0.18397   -0.05199   3.17343    -1.77549   -0.17630   36.63459
C-G        0.00000    0.00000    0.00000    0.00000    0.00000    0.00000    0.07083    -0.47882   3.17514    -0.60613   2.97250    32.13735
A-T        0.00000    0.00000    0.00000    0.00000    0.00000    0.00000    -0.01647   -0.01821   3.37870    -0.98938   5.40409    36.45365
C-G        0.00000    0.00000    0.00000    0.00000    0.00000    0.00000    0.18118    -0.49907   3.24974    0.03072    3.98392    31.86139
G-C        0.00000    0.00000    0.00000    0.00000    0.00000    0.00000    0.08981    0.52169    3.32505    1.81012    5.37258    37.04545
A-T        0.00000    0.00000    0.00000    0.00000    0.00000    0.00000    0.01580    -0.05812   3.20228    0.37646    0.01824    36.94660
C-G        0.00000    0.00000    0.00000    0.00000    0.00000    0.00000    -0.05835   -0.63040   3.26114    0.93963    2.34012    33.03525
T-A        0.00000    0.00000    0.00000    0.00000    0.00000    0.00000    0.04106    -0.72835   3.56537    0.34641    0.84744    35.86943
T-A        0.00000    0.00000    0.00000    0.00000    0.00000    0.00000    -0.05759   -0.32694   3.23151    -1.10067   -2.48376   33.73488
A-T        0.00000    0.00000    0.00000    0.00000    0.00000    0.00000    -0.03544   0.46138    3.39416    -0.49784   -2.16514   42.35854
C-G        0.00000    0.00000    0.00000    0.00000    0.00000    0.00000    -0.11833   -0.68566   3.26760    -0.62159   1.45906    32.96017
T-A        0.00000    0.00000    0.00000    0.00000    0.00000    0.00000    -0.01443   -0.39138   3.37185    -0.70300   4.95988    33.46379
G-C        0.00000    0.00000    0.00000    0.00000    0.00000    0.00000    0.03487    0.03143    3.40287    -1.03008   8.64184    35.21704
T-A        0.00000    0.00000    0.00000    0.00000    0.00000    0.00000    0.00813    -0.52632   3.16809    0.18603    3.53591    31.17504
A-T        0.00000    0.00000    0.00000    0.00000    0.00000    0.00000    0.12115    0.21537    3.36265    1.40168    5.57665    37.60054
G-C        0.00000    0.00000    0.00000    0.00000    0.00000    0.00000    -0.11158   -0.20039   3.24872    1.16443    5.09414    32.17597
G-C        0.00000    0.00000    0.00000    0.00000    0.00000    0.00000    0.09863    -0.75132   3.54420    1.32775    3.98435    35.36726
T-A        0.00000    0.00000    0.00000    0.00000    0.00000    0.00000    0.13677    -0.50154   3.27035    0.79863    -0.62456   32.54728
A-T        0.00000    0.00000    0.00000    0.00000    0.00000    0.00000    -0.01210   -0.33358   3.38706    0.04624    0.40877    38.26378
T-A        0.00000    0.00000    0.00000    0.00000    0.00000    0.00000    -0.05090   -0.73551   3.22149    -0.50802   -1.91453   32.66241
C-G        0.00000    0.00000    0.00000    0.00000    0.00000    0.00000    0.07038    -0.28473   3.39496    -1.07959   0.36613    39.76135
T-A        0.00000    0.00000    0.00000    0.00000    0.00000    0.00000    0.07225    -0.29303   3.34277    -0.68172   4.05872    33.18385
C-G        0.00000    0.00000    0.00000    0.00000    0.00000    0.00000    -0.03461   0.05991    3.35724    0.27053    3.02861    36.66254
G-C        0.00000    0.00000    0.00000    0.00000    0.00000    0.00000    -0.01109   0.57980    3.34407    0.18546    12.70167   32.41502
A-T        0.00000    0.00000    0.00000    0.00000    0.00000    0.00000    0.03123    0.07380    3.35839    -0.02964   2.84389    36.75292
G-C        0.00000    0.00000    0.00000    0.00000    0.00000    0.00000    0.09231    -0.20163   3.33348    1.05311    3.34331    32.94742
C-G        0.00000    0.00000    0.00000    0.00000    0.00000    0.00000    0.10280    -0.45032   3.42358    1.29958    1.26622    36.84884
T-A        0.00000    0.00000    0.00000    0.00000    0.00000    0.00000    0.07558    -0.06920   3.32139    1.90172    -0.09647   34.08599
C-G        0.00000    0.00000    0.00000    0.00000    0.00000    0.00000    0.06367    0.17274    3.34890    0.56408    -0.77808   38.94538
G-C        0.00000    0.00000    0.00000    0.00000    0.00000    0.00000    0.06967    1.12489    3.36368    -0.36790   1.54200    36.54035
G-C        0.00000    0.00000    0.00000    0.00000    0.00000    0.00000    -0.28220   -0.17278   3.38344    -4.50680   2.86164    36.01795
G-C        0.00000    0.00000    0.00000    0.00000    0.00000    0.00000    -0.23238   -0.24607   3.34924    -1.60508   6.48784    33.68257
A-T        0.00000    0.00000    0.00000    0.00000    0.00000    0.00000    -0.09430   -0.24299   3.32523    -0.94661   2.95808    36.93134
T-A        0.00000    0.00000    0.00000    0.00000    0.00000    0.00000    -0.01014   -0.63187   3.22894    0.02747    2.82464    31.79031
C-G        0.00000    0.00000    0.00000    0.00000    0.00000    0.00000    0.08126    -0.23858   3.32592    1.05124    2.95541    36.96400
C-G        0.00000    0.00000    0.00000    0.00000    0.00000    0.00000    0.13227    -0.17472   3.30032    1.34762    5.89278    32.94489
G-C        0.00000    0.00000    0.00000    0.00000    0.00000    0.00000    0.09530    0.45212    3.32050    1.92127    5.09489    36.38155
C-G        0.00000    0.00000    0.00000    0.00000    0.00000    0.00000    0.18951    -0.49021   3.44907    1.28209    0.15932    36.23003
T-A        0.00000    0.00000    0.00000    0.00000    0.00000    0.00000    0.25685    -0.41858   3.46871    2.54678    -0.22280   36.50156
T-A        0.00000    0.00000    0.00000    0.00000    0.00000    0.00000    0.03665    -0.34350   3.26500    0.09430    -3.96261   37.32700
T-A        0.00000    0.00000    0.00000    0.00000    0.00000    0.00000    -0.07163   -0.27109   3.28720    -1.03731   -1.77596   36.60299
A-T        0.00000    0.00000    0.00000    0.00000    0.00000    0.00000    -0.18746   0.49865    3.36802    -1.69901   4.05756    38.61531
A-T        0.00000    0.00000    0.00000    0.00000    0.00000    0.00000    -0.03288   -0.19430   3.17504    -0.72947   3.17062    34.87724
C-G        0.00000    0.00000    0.00000    0.00000    0.00000    0.00000    -0.04877   -0.63195   3.30774    -0.34899   1.93057    33.29032
A-T        0.00000    0.00000    0.00000    0.00000    0.00000    0.00000    0.12301    0.00547    3.41401    1.05142    6.59607    36.76450
C-G        0.00000    0.00000    0.00000    0.00000    0.00000    0.00000    0.25655    -0.61055   3.31100    1.92447    2.05180    33.35772
T-A        0.00000    0.00000    0.00000    0.00000    0.00000    0.00000    0.02789    -0.67317   3.56769    1.90543    1.56163    36.93874
T-A        0.00000    0.00000    0.00000    0.00000    0.00000    0.00000    0.07031    -0.29759   3.28114    1.98485    -4.99502   38.15452
T-A        0.00000    0.00000    0.00000    0.00000    0.00000    0.00000    -0.01029   -0.38641   3.30405    0.00618    -5.97127   37.52712
A-T        0.00000    0.00000    0.00000    0.00000    0.00000    0.00000    -0.01675   0.42470    3.53262    -1.47374   -8.19673   47.42860
T-A        0.00000    0.00000    0.00000    0.00000    0.00000    0.00000    -0.04487   -0.71061   3.21213    -1.15410   -1.53401   33.38043
C-G        0.00000    0.00000    0.00000    0.00000    0.00000    0.00000    -0.24998   -0.10013   3.27282    -3.52876   2.56958    39.05732
A-T        0.00000    0.00000    0.00000    0.00000    0.00000    0.00000    -0.45494   0.43485    3.37715    -2.14333   7.81999    36.47523
T-A        0.00000    0.00000    0.00000    0.00000    0.00000    0.00000    -0.00862   -0.46802   3.23348    -0.04589   4.84395    31.35291
G-C        0.00000    0.00000    0.00000    0.00000    0.00000    0.00000    0.04258    0.02222    3.50542    1.24030    8.47972    38.49216
T-A        0.00000    0.00000    0.00000    0.00000    0.00000    0.00000    0.09371    -0.58418   3.35206    1.89672    0.78194    34.57752
T-A        0.00000    0.00000    0.00000    0.00000    0.00000    0.00000    0.03223    -0.18434   3.23412    2.35300    -2.04816   37.17927
A-T        0.00000    0.00000    0.00000    0.00000    0.00000    0.00000    0.09322    0.42898    3.53889    1.34871    -8.24430   47.79768
T-A        0.00000    0.00000    0.00000    0.00000    0.00000    0.00000    -0.00186   -0.69621   3.24850    0.04317    -3.33012   32.34701
A-T        0.00000    0.00000    0.00000    0.00000    0.00000    0.00000    -0.09409   0.44246    3.54053    -1.25079   -8.46035   47.93168
A-T        0.00000    0.00000    0.00000    0.00000    0.00000    0.00000    -0.03165   -0.18233   3.23640    -2.33675   -2.27110   37.26879
C-G        0.00000    0.00000    0.00000    0.00000    0.00000    0.00000    -0.15869   -0.60169   3.33428    -1.83032   1.08870    34.87303
G-C        0.00000    0.00000    0.00000    0.00000    0.00000    0.00000    0.03024    0.35765    3.26526    -2.36093   9.04122    34.48864
G-C        0.00000    0.00000    0.00000    0.00000    0.00000    0.00000    0.34548    -0.08046   3.27311    1.80140    8.76448    32.92830
A-T        0.00000    0.00000    0.00000    0.00000    0.00000    0.00000    -0.00025   -0.23316   3.32653    0.62850    2.98892    37.37050
T-A        0.00000    0.00000    0.00000    0.00000    0.00000    0.00000    0.05840    -0.64489   3.18463    0.77566    0.90293    30.27047
G-C        0.00000    0.00000    0.00000    0.00000    0.00000    0.00000    0.02280    -0.24346   3.31463    0.79670    5.67294    37.73215
C-G        0.00000    0.00000    0.00000    0.00000    0.00000    0.00000    0.13549    -0.36554   3.36770    1.03901    -0.09571   35.73743
T-A        0.00000    0.00000    0.00000    0.00000    0.00000    0.00000    0.26233    -0.41310   3.47971    2.87996    -0.31057   36.93784
T-A        0.00000    0.00000    0.00000    0.00000    0.00000    0.00000    0.00177    -0.24641   3.22628    -0.60191   -0.88745   36.08153
C-G        0.00000    0.00000    0.00000    0.00000    0.00000    0.00000    -0.06646   -0.23203   3.40382    -1.66386   -0.19758   39.51390
C-G        0.00000    0.00000    0.00000    0.00000    0.00000    0.00000    -0.51908   -0.04164   3.27974    -3.65549   7.31373    33.40934
G-C        0.00000    0.00000    0.00000    0.00000    0.00000    0.00000    -0.22431   0.38028    3.14282    -2.29950   7.97028    32.68274
G-C        0.00000    0.00000    0.00000    0.00000    0.00000    0.00000    0.10075    -0.15150   3.32036    -0.73262   6.31320    34.72152
C-G        0.00000    0.00000    0.00000    0.00000    0.00000    0.00000    0.26731    -0.57964   3.29502    0.64754    3.72004    35.07271
T-A        0.00000    0.00000    0.00000    0.00000    0.00000    0.00000    0.01356    -0.17052   3.32228    2.16710    4.14050    33.71451
C-G        0.00000    0.00000    0.00000    0.00000    0.00000    0.00000    0.34607    0.34315    3.25787    4.81321    2.13827    37.93728
G-C        0.00000    0.00000    0.00000    0.00000    0.00000    0.00000    0.11479    0.51190    3.29540    2.57099    2.05394    38.43706
T-A        0.00000    0.00000    0.00000    0.00000    0.00000    0.00000    0.24905    -0.77076   3.34383    -0.09784   0.87598    34.72311
A-T        0.00000    0.00000    0.00000    0.00000    0.00000    0.00000    -0.07066   -0.24180   3.39099    -0.44454   -0.69407   39.57090
T-A        0.00000    0.00000    0.00000    0.00000    0.00000    0.00000    -0.03478   -0.69861   3.23816    -0.87790   -1.75465   32.46726
A-T        0.00000    0.00000    0.00000    0.00000    0.00000    0.00000    -0.09483   0.45098    3.46981    -1.31297   -2.65869   44.25503
A-T        0.00000    0.00000    0.00000    0.00000    0.00000    0.00000    -0.09462   -0.25758   3.24936    -0.94411   3.08854    36.03455
T-A        0.00000    0.00000    0.00000    0.00000    0.00000    0.00000    0.01713    -0.57769   3.27186    -0.02556   1.04434    32.64399
G-C        0.00000    0.00000    0.00000    0.00000    0.00000    0.00000    0.00231    -0.00817   3.50148    0.20213    6.58286    38.92973
T-A        0.00000    0.00000    0.00000    0.00000    0.00000    0.00000    0.16102    -0.51391   3.25887    0.96342    1.12418    32.55254
G-C        0.00000    0.00000    0.00000    0.00000    0.00000    0.00000    0.01377    -0.00075   3.40371    1.89558    3.08773    38.68617
T-A        0.00000    0.00000    0.00000    0.00000    0.00000    0.00000    -0.08206   -0.50575   3.20194    0.46313    1.66650    33.10460
C-G        0.00000    0.00000    0.00000    0.00000    0.00000    0.00000    0.08609    -0.05542   3.20503    0.80512    -0.79173   37.61537
G-C        0.00000    0.00000    0.00000    0.00000    0.00000    0.00000    -0.05281   0.72604    3.32305    -0.75914   3.86226    36.60494
A-T        0.00000    0.00000    0.00000    0.00000    0.00000    0.00000    -0.15438   -0.04703   3.19277    -1.40267   -0.47733   37.40298
C-G        0.00000    0.00000    0.00000    0.00000    0.00000    0.00000    -0.13800   -0.76550   3.22134    -0.79829   2.23906    33.36939
C-G        0.00000    0.00000    0.00000    0.00000    0.00000    0.00000    0.05466    -0.40458   3.38796    -0.12867   6.32703    33.70959
A-T        0.00000    0.00000    0.00000    0.00000    0.00000    0.00000    -0.01075   0.85408    3.35074    -0.61991   5.37167    37.79501
A-T        0.00000    0.00000    0.00000    0.00000    0.00000    0.00000    0.08614    -0.10412   3.28412    0.61640    1.26552    36.56059
A-T        0.00000    0.00000    0.00000    0.00000    0.00000    0.00000    0.01437    -0.36406   3.27100    0.54035    -2.17664   37.05325
T-A        0.00000    0.00000    0.00000    0.00000    0.00000    0.00000    0.04484    -0.65976   3.28435    0.85111    -0.52077   32.87874
G-C        0.00000    0.00000    0.00000    0.00000    0.00000    0.00000    -0.26900   -1.09600   3.26900    0.63600    -9.99000   39.98700
T-A        0.00000    0.00000    0.00000    0.00000    0.00000    0.00000    -0.92900   -1.59300   3.28000    -2.05000   -8.65500   31.94100
G-C        0.00000    0.00000    0.00000    0.00000    0.00000    0.00000    -0.32200   -0.59400   3.18200    -1.64600   -0.33600   39.43500
A-T        0.00000    0.00000    0.00000    0.00000    0.00000    0.00000    0.11900    -0.98200   3.10500    2.86100    -6.38100   31.81100
G-C        0.00000    0.00000    0.00000    0.00000    0.00000    0.00000    0.96000    -0.48300   2.89600    -0.90300   -7.59200   33.58400
C-G        0.00000    0.00000    0.00000    0.00000    0.00000    0.00000    -0.71600   -0.08600   3.08800    11.71100   -4.91100   33.31200
G-C        0.00000    0.00000    0.00000    0.00000    0.00000    0.00000    -0.04900   1.55300    5.41000    -0.16700   60.14300   13.21900
C-G        0.00000    0.00000    0.00000    0.00000    0.00000    0.00000    0.67600    -0.12300   3.12600    -12.51500  -5.65100   33.20700
T-A        0.00000    0.00000    0.00000    0.00000    0.00000    0.00000    -0.92900   -0.52700   2.87900    1.17300    -8.55000   33.48600
C-G        0.00000    0.00000    0.00000    0.00000    0.00000    0.00000    -0.13400   -1.01800   3.05000    -2.62400   -6.07100   32.10600
A-T        0.00000    0.00000    0.00000    0.00000    0.00000    0.00000    0.37700    -0.59600   3.22600    2.13800    -0.62100   39.43900
C-G        0.00000    0.00000    0.00000    0.00000    0.00000    0.00000    0.90500    -1.56500   3.20700    2.31400    -8.20500   32.14800
A-T        0.00000    0.00000    0.00000    0.00000    0.00000    0.00000    0.52900    -0.91300   3.45600    1.68400    -11.70900  37.49000
