147 # base pairs
  0 # ***local base-pair & step parameters***
#          Shear      Stretch    Stagger    Buckle     Prop-Tw    Opening    Shift      Slide      Rise       Tilt       Roll       Twist
T-A        0.00000    0.00000    0.00000    0.00000    0.00000    0.00000    0.00000    0.00000    0.00000    0.00000    0.00000    0.00000
G-C        0.00000    0.00000    0.00000    0.00000    0.00000    0.00000    -0.52900   -0.91400   3.45700    -1.68900   -11.71200  37.48600
T-A        0.00000    0.00000    0.00000    0.00000    0.00000    0.00000    -0.90500   -1.56600   3.20600    -2.28600   -8.20700   32.14700
G-C        0.00000    0.00000    0.00000    0.00000    0.00000    0.00000    -0.37800   -0.59600   3.22500    -2.16700   -0.60300   39.43900
A-T        0.00000    0.00000    0.00000    0.00000    0.00000    0.00000    0.13400    -1.01800   3.05000    2.61000    -6.09300   32.09300
G-C        0.00000    0.00000    0.00000    0.00000    0.00000    0.00000    0.92900    -0.52800   2.87800    -1.17000   -8.57000   33.49400
C-G        0.00000    0.00000    0.00000    0.00000    0.00000    0.00000    -0.67600   -0.12200   3.12700    12.55900   -5.64700   33.21100
G-C        0.00000    0.00000    0.00000    0.00000    0.00000    0.00000    0.04900    1.55300    5.41000    0.14200    60.15100   13.21000
C-G        0.00000    0.00000    0.00000    0.00000    0.00000    0.00000    0.71500    -0.08700   3.08800    -11.72400  -4.90600   33.28700
T-A        0.00000    0.00000    0.00000    0.00000    0.00000    0.00000    -0.96000   -0.48500   2.89400    0.89600    -7.58500   33.58500
C-G        0.00000    0.00000    0.00000    0.00000    0.00000    0.00000    -0.12000   -0.98300   3.10600    -2.86200   -6.42300   31.82500
A-T        0.00000    0.00000    0.00000    0.00000    0.00000    0.00000    0.32200    -0.59300   3.18200    1.65600    -0.34900   39.43600
C-G        0.00000    0.00000    0.00000    0.00000    0.00000    0.00000    0.92900    -1.59300   3.28000    2.06100    -8.65300   31.94300
A-T        0.00000    0.00000    0.00000    0.00000    0.00000    0.00000    0.27000    -1.09600   3.26800    -0.64500   -9.98900   39.97000
A-T        0.00000    0.00000    0.00000    0.00000    0.00000    0.00000    -0.00010   -0.27356   3.26467    -0.41783   -3.17341   37.80708
T-A        0.00000    0.00000    0.00000    0.00000    0.00000    0.00000    -0.02720   -0.68612   3.25400    -0.55678   -1.25993   32.43037
T-A        0.00000    0.00000    0.00000    0.00000    0.00000    0.00000    -0.06130   -0.22129   3.25430    -0.94547   -0.82506   37.24718
T-A        0.00000    0.00000    0.00000    0.00000    0.00000    0.00000    -0.05006   -0.19022   3.24811    -0.73191   0.51078    36.90994
A-T        0.00000    0.00000    0.00000    0.00000    0.00000    0.00000    -0.02368   0.40822    3.38659    -0.18955   3.08579    40.59909
T-A        0.00000    0.00000    0.00000    0.00000    0.00000    0.00000    0.01081    -0.65659   3.22703    0.31956    0.82218    31.87774
T-A        0.00000    0.00000    0.00000    0.00000    0.00000    0.00000    0.02859    -0.19891   3.25057    0.84519    -0.12073   37.06821
C-G        0.00000    0.00000    0.00000    0.00000    0.00000    0.00000    0.14206    -0.07292   3.31877    1.37429    0.67689    38.65564
G-C        0.00000    0.00000    0.00000    0.00000    0.00000    0.00000    0.12869    0.47014    3.39288    1.42121    3.36375    37.54799
C-G        0.00000    0.00000    0.00000    0.00000    0.00000    0.00000    -0.00242   -0.40975   3.36348    -0.14443   0.73569    35.79988
A-T        0.00000    0.00000    0.00000    0.00000    0.00000    0.00000    -0.12484   0.36879    3.35292    -1.39622   2.78033    38.69691
A-T        0.00000    0.00000    0.00000    0.00000    0.00000    0.00000    -0.03492   -0.23249   3.25610    -1.04424   -1.20982   37.34900
A-T        0.00000    0.00000    0.00000    0.00000    0.00000    0.00000    -0.03370   -0.19706   3.24880    -0.80490   0.39550    36.94771
G-C        0.00000    0.00000    0.00000    0.00000    0.00000    0.00000    -0.05809   -0.27762   3.33203    -0.96828   4.88593    34.33783
G-C        0.00000    0.00000    0.00000    0.00000    0.00000    0.00000    0.02277    -0.23954   3.37900    0.26000    6.11414    35.08275
C-G        0.00000    0.00000    0.00000    0.00000    0.00000    0.00000    0.10008    -0.44830   3.31958    1.11860    3.13496    35.01688
C-G        0.00000    0.00000    0.00000    0.00000    0.00000    0.00000    0.22267    -0.20047   3.38968    2.13390    4.45513    35.73626
G-C        0.00000    0.00000    0.00000    0.00000    0.00000    0.00000    0.20274    0.47498    3.40065    2.35967    4.17694    37.54903
G-C        0.00000    0.00000    0.00000    0.00000    0.00000    0.00000    0.07772    -0.23871   3.41110    0.60558    2.59212    36.35352
C-G        0.00000    0.00000    0.00000    0.00000    0.00000    0.00000    -0.01805   -0.40837   3.36919    -0.33508   0.68965    36.05034
C-G        0.00000    0.00000    0.00000    0.00000    0.00000    0.00000    -0.13061   -0.26976   3.41038    -1.35779   3.10502    36.10875
C-G        0.00000    0.00000    0.00000    0.00000    0.00000    0.00000    -0.21718   -0.28508   3.40070    -2.02987   4.29188    35.64482
G-C        0.00000    0.00000    0.00000    0.00000    0.00000    0.00000    -0.23084   0.37700    3.40479    -2.73253   7.16234    36.36594
A-T        0.00000    0.00000    0.00000    0.00000    0.00000    0.00000    -0.07791   -0.04815   3.29616    -0.71858   3.49592    37.77553
C-G        0.00000    0.00000    0.00000    0.00000    0.00000    0.00000    -0.03479   -0.62589   3.24952    0.52194    3.27190    33.32989
A-T        0.00000    0.00000    0.00000    0.00000    0.00000    0.00000    0.05049    0.28830    3.37514    1.43561    6.62133    37.08998
C-G        0.00000    0.00000    0.00000    0.00000    0.00000    0.00000    0.05947    -0.63749   3.29011    1.58578    1.52105    33.92248
G-C        0.00000    0.00000    0.00000    0.00000    0.00000    0.00000    0.25280    0.48651    3.39694    3.02746    3.76610    37.63748
A-T        0.00000    0.00000    0.00000    0.00000    0.00000    0.00000    0.06260    -0.09223   3.34702    0.84752    -1.07637   39.64164
C-G        0.00000    0.00000    0.00000    0.00000    0.00000    0.00000    -0.00843   -0.65115   3.33787    -0.11995   -0.80579   34.73001
T-A        0.00000    0.00000    0.00000    0.00000    0.00000    0.00000    -0.01768   -0.30415   3.36737    -1.14696   1.24342    35.47241
T-A        0.00000    0.00000    0.00000    0.00000    0.00000    0.00000    -0.07113   -0.22540   3.25814    -1.37134   -1.28720   37.66904
A-T        0.00000    0.00000    0.00000    0.00000    0.00000    0.00000    -0.11740   0.42995    3.39595    -1.58420   2.23148    41.43807
C-G        0.00000    0.00000    0.00000    0.00000    0.00000    0.00000    -0.08312   -0.62479   3.25337    -0.27072   3.18637    33.64047
T-A        0.00000    0.00000    0.00000    0.00000    0.00000    0.00000    0.01708    -0.26626   3.32923    0.95493    5.54765    34.45644
G-C        0.00000    0.00000    0.00000    0.00000    0.00000    0.00000    0.16287    0.34251    3.37574    1.79509    6.39761    37.79626
T-A        0.00000    0.00000    0.00000    0.00000    0.00000    0.00000    0.11312    -0.62132   3.28756    1.26494    1.43199    34.24784
A-T        0.00000    0.00000    0.00000    0.00000    0.00000    0.00000    0.12780    0.88589    3.41395    1.80277    -5.83330   45.86177
T-A        0.00000    0.00000    0.00000    0.00000    0.00000    0.00000    0.02234    -0.69697   3.27402    0.43723    -2.80149   33.08832
C-G        0.00000    0.00000    0.00000    0.00000    0.00000    0.00000    -0.01263   -0.10559   3.34948    -0.48676   -1.75770   39.74696
A-T        0.00000    0.00000    0.00000    0.00000    0.00000    0.00000    -0.18072   0.43168    3.34535    -2.28294   1.84692    39.30489
T-A        0.00000    0.00000    0.00000    0.00000    0.00000    0.00000    -0.04363   -0.67588   3.24528    -1.16182   -0.57257   32.35823
G-C        0.00000    0.00000    0.00000    0.00000    0.00000    0.00000    -0.11582   0.24592    3.37663    -2.19552   6.62625    36.97915
T-A        0.00000    0.00000    0.00000    0.00000    0.00000    0.00000    -0.01216   -0.63039   3.24157    -0.98197   3.69128    33.17275
T-A        0.00000    0.00000    0.00000    0.00000    0.00000    0.00000    -0.00112   -0.13956   3.23318    0.15904    3.27060    36.07568
A-T        0.00000    0.00000    0.00000    0.00000    0.00000    0.00000    0.11187    0.29838    3.38087    1.78465    4.82660    39.62594
T-A        0.00000    0.00000    0.00000    0.00000    0.00000    0.00000    0.04380    -0.66830   3.23773    1.22053    -0.06532   32.15278
A-T        0.00000    0.00000    0.00000    0.00000    0.00000    0.00000    0.14364    0.83719    3.40456    2.22590    -5.96989   45.18761
A-T        0.00000    0.00000    0.00000    0.00000    0.00000    0.00000    0.04579    -0.30966   3.27168    0.57336    -5.20050   38.27863
C-G        0.00000    0.00000    0.00000    0.00000    0.00000    0.00000    -0.02629   -0.64844   3.34273    -0.34394   -1.54130   34.41198
G-C        0.00000    0.00000    0.00000    0.00000    0.00000    0.00000    -0.30234   0.49084    3.37332    -3.81161   2.46874    37.38143
G-C        0.00000    0.00000    0.00000    0.00000    0.00000    0.00000    -0.38858   -0.22467   3.38147    -3.85274   4.06558    35.13104
A-T        0.00000    0.00000    0.00000    0.00000    0.00000    0.00000    -0.21100   -0.05901   3.27790    -2.44597   3.46116    37.01989
G-C        0.00000    0.00000    0.00000    0.00000    0.00000    0.00000    -0.04589   -0.29208   3.29838    -1.65590   6.79505    32.91738
G-C        0.00000    0.00000    0.00000    0.00000    0.00000    0.00000    0.08964    -0.30887   3.35441    0.61256    8.15537    33.57770
T-A        0.00000    0.00000    0.00000    0.00000    0.00000    0.00000    0.11419    -0.62332   3.22614    1.17355    3.73351    32.53889
A-T        0.00000    0.00000    0.00000    0.00000    0.00000    0.00000    0.16811    0.31622    3.37369    2.68457    2.32181    39.73707
T-A        0.00000    0.00000    0.00000    0.00000    0.00000    0.00000    0.03811    -0.69190   3.25139    1.26657    -1.45607   32.06432
C-G        0.00000    0.00000    0.00000    0.00000    0.00000    0.00000    0.14138    -0.11841   3.32645    1.45288    -1.61625   38.70115
T-A        0.00000    0.00000    0.00000    0.00000    0.00000    0.00000    0.01852    -0.32103   3.35632    0.04202    -0.38378   34.78375
C-G        0.00000    0.00000    0.00000    0.00000    0.00000    0.00000    -0.13755   -0.11133   3.33364    -1.85921   -1.14030   38.73643
G-C        0.00000    0.00000    0.00000    0.00000    0.00000    0.00000    -0.37784   0.44008    3.36592    -4.77671   4.90364    36.08431
A-T        0.00000    0.00000    0.00000    0.00000    0.00000    0.00000    -0.21214   -0.06345   3.27622    -2.47214   3.11110    36.84253
G-C        0.00000    0.00000    0.00000    0.00000    0.00000    0.00000    -0.04585   -0.29777   3.29455    -1.84592   6.49545    32.63877
C-G        0.00000    0.00000    0.00000    0.00000    0.00000    0.00000    0.03367    -0.50302   3.26552    0.20183    5.09515    33.33135
T-A        0.00000    0.00000    0.00000    0.00000    0.00000    0.00000    0.08688    -0.31022   3.29870    2.07008    6.20380    32.68981
C-G        0.00000    0.00000    0.00000    0.00000    0.00000    0.00000    0.22392    -0.08805   3.28168    2.47117    2.67849    36.95078
G-C        0.00000    0.00000    0.00000    0.00000    0.00000    0.00000    0.32629    0.40262    3.36886    4.20192    4.59227    36.14633
G-C        0.00000    0.00000    0.00000    0.00000    0.00000    0.00000    0.13170    -0.29258   3.40230    1.60390    2.10614    35.38580
G-C        0.00000    0.00000    0.00000    0.00000    0.00000    0.00000    -0.07011   -0.25502   3.40411    -0.32390   1.49307    35.69173
A-T        0.00000    0.00000    0.00000    0.00000    0.00000    0.00000    -0.15843   -0.10172   3.32120    -1.48098   -0.88027   38.54007
T-A        0.00000    0.00000    0.00000    0.00000    0.00000    0.00000    -0.04166   -0.68025   3.24497    -1.05018   -0.93550   31.96193
C-G        0.00000    0.00000    0.00000    0.00000    0.00000    0.00000    -0.15988   -0.06805   3.30582    -2.04684   2.36556    37.71335
C-G        0.00000    0.00000    0.00000    0.00000    0.00000    0.00000    -0.14996   -0.28387   3.36543    -1.52458   6.71916    34.09728
G-C        0.00000    0.00000    0.00000    0.00000    0.00000    0.00000    0.00803    0.32507    3.38661    -0.12227   9.47529    34.75578
C-G        0.00000    0.00000    0.00000    0.00000    0.00000    0.00000    0.11950    -0.48265   3.29102    1.12011    4.10331    34.00305
T-A        0.00000    0.00000    0.00000    0.00000    0.00000    0.00000    0.10034    -0.31251   3.32127    2.28913    4.47361    33.60652
T-A        0.00000    0.00000    0.00000    0.00000    0.00000    0.00000    0.03933    -0.25656   3.25181    1.36352    -1.26654   36.70156
T-A        0.00000    0.00000    0.00000    0.00000    0.00000    0.00000    0.01417    -0.29231   3.26009    1.02745    -3.11656   37.16709
A-T        0.00000    0.00000    0.00000    0.00000    0.00000    0.00000    -0.01097   0.80021    3.39609    0.19290    -6.97668   44.56375
A-T        0.00000    0.00000    0.00000    0.00000    0.00000    0.00000    -0.02151   -0.29012   3.26162    -0.77289   -3.45927   37.26557
C-G        0.00000    0.00000    0.00000    0.00000    0.00000    0.00000    -0.08924   -0.62837   3.29140    -1.07024   0.62047    33.39848
A-T        0.00000    0.00000    0.00000    0.00000    0.00000    0.00000    -0.19172   0.31122    3.35019    -2.06811   5.42850    36.83638
C-G        0.00000    0.00000    0.00000    0.00000    0.00000    0.00000    -0.06062   -0.62018   3.24439    -0.70198   2.85358    32.61590
T-A        0.00000    0.00000    0.00000    0.00000    0.00000    0.00000    0.02713    -0.29420   3.30972    0.11821    5.59078    33.00671
T-A        0.00000    0.00000    0.00000    0.00000    0.00000    0.00000    0.01843    -0.19487   3.23454    0.43710    2.09982    35.49462
T-A        0.00000    0.00000    0.00000    0.00000    0.00000    0.00000    0.03627    -0.22493   3.24093    1.02166    0.73196    35.85497
A-T        0.00000    0.00000    0.00000    0.00000    0.00000    0.00000    0.10782    0.42330    3.37849    1.64665    -0.63465   40.79204
T-A        0.00000    0.00000    0.00000    0.00000    0.00000    0.00000    0.01445    -0.69804   3.25291    0.55503    -1.57691   31.87400
G-C        0.00000    0.00000    0.00000    0.00000    0.00000    0.00000    0.04203    0.32827    3.33193    0.28471    2.27857    37.60670
C-G        0.00000    0.00000    0.00000    0.00000    0.00000    0.00000    -0.10363   -0.41161   3.33859    -0.97316   1.01051    34.78359
T-A        0.00000    0.00000    0.00000    0.00000    0.00000    0.00000    -0.04007   -0.31324   3.33221    -1.23624   2.51779    33.62795
T-A        0.00000    0.00000    0.00000    0.00000    0.00000    0.00000    -0.06459   -0.22715   3.24235    -1.12473   0.26534    35.92183
C-G        0.00000    0.00000    0.00000    0.00000    0.00000    0.00000    -0.06713   -0.07026   3.28859    -0.92588   3.21556    36.91123
C-G        0.00000    0.00000    0.00000    0.00000    0.00000    0.00000    0.00590    -0.28925   3.36276    0.02946    6.53525    33.75183
G-C        0.00000    0.00000    0.00000    0.00000    0.00000    0.00000    0.13003    0.34721    3.37547    1.48607    8.15216    34.81171
G-C        0.00000    0.00000    0.00000    0.00000    0.00000    0.00000    0.19091    -0.31549   3.37689    1.71233    5.37108    34.14664
C-G        0.00000    0.00000    0.00000    0.00000    0.00000    0.00000    0.14095    -0.43972   3.32349    1.44510    2.08914    34.52001
T-A        0.00000    0.00000    0.00000    0.00000    0.00000    0.00000    0.07010    -0.32677   3.33911    1.32278    1.99619    34.00279
C-G        0.00000    0.00000    0.00000    0.00000    0.00000    0.00000    0.02902    -0.11568   3.32066    0.11166    -0.20717   38.18744
G-C        0.00000    0.00000    0.00000    0.00000    0.00000    0.00000    -0.12071   0.42984    3.37045    -1.40937   3.94242    36.35663
T-A        0.00000    0.00000    0.00000    0.00000    0.00000    0.00000    -0.05835   -0.64912   3.28938    -1.15520   1.00913    33.07982
A-T        0.00000    0.00000    0.00000    0.00000    0.00000    0.00000    -0.09280   0.34050    3.37129    -1.26493   2.00816    39.53222
T-A        0.00000    0.00000    0.00000    0.00000    0.00000    0.00000    -0.01688   -0.66362   3.21871    -0.35571   1.09786    31.13123
A-T        0.00000    0.00000    0.00000    0.00000    0.00000    0.00000    0.00502    0.19306    3.36307    0.08050    5.13601    37.88383
A-T        0.00000    0.00000    0.00000    0.00000    0.00000    0.00000    0.04475    -0.20643   3.23925    0.69640    1.19343    35.78104
T-A        0.00000    0.00000    0.00000    0.00000    0.00000    0.00000    0.03050    -0.67468   3.23064    0.66362    0.16239    31.39676
G-C        0.00000    0.00000    0.00000    0.00000    0.00000    0.00000    0.16375    0.30405    3.34326    1.53040    4.02142    37.14764
T-A        0.00000    0.00000    0.00000    0.00000    0.00000    0.00000    0.04217    -0.64749   3.30376    0.31197    0.16382    33.38206
G-C        0.00000    0.00000    0.00000    0.00000    0.00000    0.00000    0.03504    0.31100    3.33883    -0.10178   2.75010    37.52988
T-A        0.00000    0.00000    0.00000    0.00000    0.00000    0.00000    -0.03958   -0.65620   3.30201    -0.94095   0.43071    33.27433
C-G        0.00000    0.00000    0.00000    0.00000    0.00000    0.00000    -0.11020   -0.10240   3.31127    -1.43104   1.34181    37.69506
G-C        0.00000    0.00000    0.00000    0.00000    0.00000    0.00000    -0.19588   0.35999    3.37591    -2.31520   7.21014    35.19030
A-T        0.00000    0.00000    0.00000    0.00000    0.00000    0.00000    -0.07420   -0.07112   3.28233    -0.66219   3.38700    36.78848
C-G        0.00000    0.00000    0.00000    0.00000    0.00000    0.00000    -0.02099   -0.62842   3.24062    0.43551    3.10888    32.39066
C-G        0.00000    0.00000    0.00000    0.00000    0.00000    0.00000    0.14733    -0.26378   3.36695    1.52000    5.87251    34.08405
A-T        0.00000    0.00000    0.00000    0.00000    0.00000    0.00000    0.07398    0.26066    3.35253    1.64351    5.39382    36.40197
A-T        0.00000    0.00000    0.00000    0.00000    0.00000    0.00000    0.06540    -0.26274   3.25381    0.95243    -1.82774   36.70658
A-T        0.00000    0.00000    0.00000    0.00000    0.00000    0.00000    0.04893    -0.29237   3.25935    0.43780    -3.09799   37.00006
T-A        0.00000    0.00000    0.00000    0.00000    0.00000    0.00000    0.00470    -0.70100   3.25870    -0.12835   -2.02526   32.04898
G-C        0.00000    0.00000    0.00000    0.00000    0.00000    0.00000    -0.26900   -1.09600   3.26900    0.63600    -9.99000   39.98700
T-A        0.00000    0.00000    0.00000    0.00000    0.00000    0.00000    -0.92900   -1.59300   3.28000    -2.05000   -8.65500   31.94100
G-C        0.00000    0.00000    0.00000    0.00000    0.00000    0.00000    -0.32200   -0.59400   3.18200    -1.64600   -0.33600   39.43500
A-T        0.00000    0.00000    0.00000    0.00000    0.00000    0.00000    0.11900    -0.98200   3.10500    2.86100    -6.38100   31.81100
G-C        0.00000    0.00000    0.00000    0.00000    0.00000    0.00000    0.96000    -0.48300   2.89600    -0.90300   -7.59200   33.58400
C-G        0.00000    0.00000    0.00000    0.00000    0.00000    0.00000    -0.71600   -0.08600   3.08800    11.71100   -4.91100   33.31200
G-C        0.00000    0.00000    0.00000    0.00000    0.00000    0.00000    -0.04900   1.55300    5.41000    -0.16700   60.14300   13.21900
C-G        0.00000    0.00000    0.00000    0.00000    0.00000    0.00000    0.67600    -0.12300   3.12600    -12.51500  -5.65100   33.20700
T-A        0.00000    0.00000    0.00000    0.00000    0.00000    0.00000    -0.92900   -0.52700   2.87900    1.17300    -8.55000   33.48600
C-G        0.00000    0.00000    0.00000    0.00000    0.00000    0.00000    -0.13400   -1.01800   3.05000    -2.62400   -6.07100   32.10600
A-T        0.00000    0.00000    0.00000    0.00000    0.00000    0.00000    0.37700    -0.59600   3.22600    2.13800    -0.62100   39.43900
C-G        0.00000    0.00000    0.00000    0.00000    0.00000    0.00000    0.90500    -1.56500   3.20700    2.31400    -8.20500   32.14800
A-T        0.00000    0.00000    0.00000    0.00000    0.00000    0.00000    0.52900    -0.91300   3.45600    1.68400    -11.70900  37.49000
