147 # base pairs
  0 # ***local base-pair & step parameters***
#          Shear      Stretch    Stagger    Buckle     Prop-Tw    Opening    Shift      Slide      Rise       Tilt       Roll       Twist
T-A        0.00000    0.00000    0.00000    0.00000    0.00000    0.00000    0.00000    0.00000    0.00000    0.00000    0.00000    0.00000
G-C        0.00000    0.00000    0.00000    0.00000    0.00000    0.00000    -0.52900   -0.91400   3.45700    -1.68900   -11.71200  37.48600
T-A        0.00000    0.00000    0.00000    0.00000    0.00000    0.00000    -0.90500   -1.56600   3.20600    -2.28600   -8.20700   32.14700
G-C        0.00000    0.00000    0.00000    0.00000    0.00000    0.00000    -0.37800   -0.59600   3.22500    -2.16700   -0.60300   39.43900
A-T        0.00000    0.00000    0.00000    0.00000    0.00000    0.00000    0.13400    -1.01800   3.05000    2.61000    -6.09300   32.09300
G-C        0.00000    0.00000    0.00000    0.00000    0.00000    0.00000    0.92900    -0.52800   2.87800    -1.17000   -8.57000   33.49400
C-G        0.00000    0.00000    0.00000    0.00000    0.00000    0.00000    -0.67600   -0.12200   3.12700    12.55900   -5.64700   33.21100
G-C        0.00000    0.00000    0.00000    0.00000    0.00000    0.00000    0.04900    1.55300    5.41000    0.14200    60.15100   13.21000
C-G        0.00000    0.00000    0.00000    0.00000    0.00000    0.00000    0.71500    -0.08700   3.08800    -11.72400  -4.90600   33.28700
T-A        0.00000    0.00000    0.00000    0.00000    0.00000    0.00000    -0.96000   -0.48500   2.89400    0.89600    -7.58500   33.58500
C-G        0.00000    0.00000    0.00000    0.00000    0.00000    0.00000    -0.12000   -0.98300   3.10600    -2.86200   -6.42300   31.82500
A-T        0.00000    0.00000    0.00000    0.00000    0.00000    0.00000    0.32200    -0.59300   3.18200    1.65600    -0.34900   39.43600
C-G        0.00000    0.00000    0.00000    0.00000    0.00000    0.00000    0.92900    -1.59300   3.28000    2.06100    -8.65300   31.94300
A-T        0.00000    0.00000    0.00000    0.00000    0.00000    0.00000    0.27000    -1.09600   3.26800    -0.64500   -9.98900   39.97000
A-T        0.00000    0.00000    0.00000    0.00000    0.00000    0.00000    0.01882    -0.30070   3.25916    0.06247    -3.18557   36.96614
T-A        0.00000    0.00000    0.00000    0.00000    0.00000    0.00000    -0.02161   -0.69648   3.25374    -0.34885   -1.66466   31.93571
T-A        0.00000    0.00000    0.00000    0.00000    0.00000    0.00000    -0.06395   -0.26409   3.25251    -0.90515   -1.68209   36.61748
T-A        0.00000    0.00000    0.00000    0.00000    0.00000    0.00000    -0.06263   -0.22935   3.24536    -1.00431   -0.10528   36.22190
A-T        0.00000    0.00000    0.00000    0.00000    0.00000    0.00000    -0.06090   0.26669    3.36623    -0.88696   3.93734    38.63943
T-A        0.00000    0.00000    0.00000    0.00000    0.00000    0.00000    0.00102    -0.65956   3.21526    -0.04497   1.34881    31.09396
T-A        0.00000    0.00000    0.00000    0.00000    0.00000    0.00000    0.01286    -0.20205   3.23804    0.45024    1.35589    35.76635
C-G        0.00000    0.00000    0.00000    0.00000    0.00000    0.00000    0.13655    -0.08139   3.29348    1.34406    2.09358    37.33124
G-C        0.00000    0.00000    0.00000    0.00000    0.00000    0.00000    0.19145    0.40824    3.37404    2.26372    5.06931    36.05980
C-G        0.00000    0.00000    0.00000    0.00000    0.00000    0.00000    0.07410    -0.42228   3.34037    0.73210    1.26607    34.93487
A-T        0.00000    0.00000    0.00000    0.00000    0.00000    0.00000    -0.05938   0.31735    3.34104    -0.31988   2.83310    37.69726
A-T        0.00000    0.00000    0.00000    0.00000    0.00000    0.00000    -0.01422   -0.27334   3.25635    -0.67102   -2.19147   36.91043
A-T        0.00000    0.00000    0.00000    0.00000    0.00000    0.00000    -0.02714   -0.24557   3.25074    -0.84614   -0.95371   36.60646
G-C        0.00000    0.00000    0.00000    0.00000    0.00000    0.00000    -0.07965   -0.30058   3.32461    -1.50714   4.05843    33.69025
G-C        0.00000    0.00000    0.00000    0.00000    0.00000    0.00000    -0.09023   -0.26446   3.37183    -0.83230   5.86116    34.35679
C-G        0.00000    0.00000    0.00000    0.00000    0.00000    0.00000    0.01267    -0.46076   3.29888    0.17372    3.53774    34.17176
C-G        0.00000    0.00000    0.00000    0.00000    0.00000    0.00000    0.12352    -0.25374   3.37285    1.21440    5.60093    34.47108
G-C        0.00000    0.00000    0.00000    0.00000    0.00000    0.00000    0.18157    0.40906    3.38197    2.15417    6.18773    35.92926
G-C        0.00000    0.00000    0.00000    0.00000    0.00000    0.00000    0.14621    -0.28078   3.39165    1.30510    3.89697    35.05705
C-G        0.00000    0.00000    0.00000    0.00000    0.00000    0.00000    0.06773    -0.41984   3.34458    0.60387    1.26768    35.14992
C-G        0.00000    0.00000    0.00000    0.00000    0.00000    0.00000    0.00832    -0.28071   3.40070    -0.07443   2.99999    35.37340
C-G        0.00000    0.00000    0.00000    0.00000    0.00000    0.00000    -0.10425   -0.29780   3.39768    -1.06425   3.49481    35.15442
G-C        0.00000    0.00000    0.00000    0.00000    0.00000    0.00000    -0.19714   0.39061    3.38230    -2.37488   5.65302    36.07737
A-T        0.00000    0.00000    0.00000    0.00000    0.00000    0.00000    -0.12318   -0.07798   3.29405    -1.19817   2.47557    37.39124
C-G        0.00000    0.00000    0.00000    0.00000    0.00000    0.00000    -0.06378   -0.62879   3.24884    -0.16753   2.85357    32.78685
A-T        0.00000    0.00000    0.00000    0.00000    0.00000    0.00000    -0.04456   0.22532    3.36628    0.32635    7.22042    36.03670
C-G        0.00000    0.00000    0.00000    0.00000    0.00000    0.00000    0.01868    -0.63165   3.25983    0.99997    2.45746    32.91850
G-C        0.00000    0.00000    0.00000    0.00000    0.00000    0.00000    0.21246    0.42246    3.38115    2.59989    6.00268    36.02180
A-T        0.00000    0.00000    0.00000    0.00000    0.00000    0.00000    0.10265    -0.09024   3.32302    1.30660    0.47805    38.36561
C-G        0.00000    0.00000    0.00000    0.00000    0.00000    0.00000    0.04034    -0.65005   3.31534    0.62953    -0.09701   33.76550
T-A        0.00000    0.00000    0.00000    0.00000    0.00000    0.00000    0.03946    -0.31929   3.35215    0.02839    1.22980    34.57087
T-A        0.00000    0.00000    0.00000    0.00000    0.00000    0.00000    -0.04482   -0.27380   3.25924    -0.76522   -2.45943   37.21793
A-T        0.00000    0.00000    0.00000    0.00000    0.00000    0.00000    -0.10122   0.47217    3.38880    -1.49387   -0.56025   41.60095
C-G        0.00000    0.00000    0.00000    0.00000    0.00000    0.00000    -0.09301   -0.63458   3.26305    -0.74281   2.29951    33.18622
T-A        0.00000    0.00000    0.00000    0.00000    0.00000    0.00000    -0.02613   -0.29499   3.32180    -0.20271   5.12875    33.63529
G-C        0.00000    0.00000    0.00000    0.00000    0.00000    0.00000    0.06443    0.23664    3.37004    0.37963    7.40981    36.27457
T-A        0.00000    0.00000    0.00000    0.00000    0.00000    0.00000    0.06382    -0.61983   3.25444    0.66573    2.60969    33.08559
A-T        0.00000    0.00000    0.00000    0.00000    0.00000    0.00000    0.10986    0.51792    3.38304    1.68429    0.15438    41.37946
G-C        0.00000    0.00000    0.00000    0.00000    0.00000    0.00000    0.04024    -0.29773   3.34707    1.24139    1.92182    34.50027
G-C        0.00000    0.00000    0.00000    0.00000    0.00000    0.00000    0.08839    -0.25839   3.40266    0.76575    2.30863    35.68288
T-A        0.00000    0.00000    0.00000    0.00000    0.00000    0.00000    0.00694    -0.65447   3.32577    -0.48468   -0.55091   34.03350
A-T        0.00000    0.00000    0.00000    0.00000    0.00000    0.00000    -0.07604   0.69741    3.40059    -1.38445   -4.63663   43.99032
T-A        0.00000    0.00000    0.00000    0.00000    0.00000    0.00000    -0.03303   -0.68029   3.24208    -0.87815   -0.39744   32.03493
C-G        0.00000    0.00000    0.00000    0.00000    0.00000    0.00000    -0.13219   -0.07616   3.30953    -1.57253   2.63212    37.92004
A-T        0.00000    0.00000    0.00000    0.00000    0.00000    0.00000    -0.13511   0.22122    3.37547    -0.85649   7.57701    36.43359
T-A        0.00000    0.00000    0.00000    0.00000    0.00000    0.00000    -0.00605   -0.65148   3.21282    0.19456    1.79313    31.35993
G-C        0.00000    0.00000    0.00000    0.00000    0.00000    0.00000    0.15151    0.29320    3.36775    1.62784    6.79343    36.90673
T-A        0.00000    0.00000    0.00000    0.00000    0.00000    0.00000    0.09999    -0.61936   3.27549    1.23445    1.64716    33.61694
T-A        0.00000    0.00000    0.00000    0.00000    0.00000    0.00000    0.04304    -0.24947   3.25930    1.32742    -2.41631   37.49936
A-T        0.00000    0.00000    0.00000    0.00000    0.00000    0.00000    0.08068    0.91904    3.40531    0.97099    -7.86429   45.83700
T-A        0.00000    0.00000    0.00000    0.00000    0.00000    0.00000    0.00358    -0.70267   3.27060    -0.18267   -2.79507   32.67333
A-T        0.00000    0.00000    0.00000    0.00000    0.00000    0.00000    -0.08943   0.79832    3.40358    -1.55296   -6.24148   44.95473
A-T        0.00000    0.00000    0.00000    0.00000    0.00000    0.00000    -0.04853   -0.23787   3.25410    -1.49230   -1.26717   37.18703
C-G        0.00000    0.00000    0.00000    0.00000    0.00000    0.00000    -0.11565   -0.62841   3.26063    -1.16320   2.46958    33.43443
G-C        0.00000    0.00000    0.00000    0.00000    0.00000    0.00000    -0.15260   0.34308    3.39913    -1.78277   8.99249    35.47420
G-C        0.00000    0.00000    0.00000    0.00000    0.00000    0.00000    0.02648    -0.26504   3.36698    0.20038    7.17220    34.44385
A-T        0.00000    0.00000    0.00000    0.00000    0.00000    0.00000    0.11741    -0.05087   3.29910    1.47758    3.54449    37.67359
T-A        0.00000    0.00000    0.00000    0.00000    0.00000    0.00000    0.03886    -0.66574   3.23162    1.08622    0.29712    31.87235
C-G        0.00000    0.00000    0.00000    0.00000    0.00000    0.00000    0.20656    -0.08096   3.31515    2.18581    0.21860    38.55400
T-A        0.00000    0.00000    0.00000    0.00000    0.00000    0.00000    0.09183    -0.30729   3.35775    1.64573    0.54322    35.15758
C-G        0.00000    0.00000    0.00000    0.00000    0.00000    0.00000    0.01214    -0.11170   3.34212    -0.20420   -1.72375   39.35785
G-C        0.00000    0.00000    0.00000    0.00000    0.00000    0.00000    -0.22807   0.47952    3.37904    -2.90723   2.53640    37.49454
A-T        0.00000    0.00000    0.00000    0.00000    0.00000    0.00000    -0.22158   -0.08366   3.30718    -2.41965   0.87612    38.20671
G-C        0.00000    0.00000    0.00000    0.00000    0.00000    0.00000    -0.10554   -0.29620   3.32026    -2.73213   4.71817    33.85656
C-G        0.00000    0.00000    0.00000    0.00000    0.00000    0.00000    -0.12325   -0.48532   3.28762    -1.30132   4.42908    34.09448
T-A        0.00000    0.00000    0.00000    0.00000    0.00000    0.00000    0.01382    -0.28456   3.30699    0.60142    6.53325    33.27387
C-G        0.00000    0.00000    0.00000    0.00000    0.00000    0.00000    0.13546    -0.05019   3.28011    1.54510    3.99503    37.10642
G-C        0.00000    0.00000    0.00000    0.00000    0.00000    0.00000    0.33749    0.38946    3.38736    4.23384    6.86163    35.99348
G-C        0.00000    0.00000    0.00000    0.00000    0.00000    0.00000    0.28505    -0.27963   3.39710    2.81354    3.49176    35.50666
G-C        0.00000    0.00000    0.00000    0.00000    0.00000    0.00000    0.14627    -0.25722   3.40937    1.52962    1.95459    36.12145
A-T        0.00000    0.00000    0.00000    0.00000    0.00000    0.00000    -0.03382   -0.10727   3.34383    -0.10007   -1.72195   39.51245
T-A        0.00000    0.00000    0.00000    0.00000    0.00000    0.00000    -0.02772   -0.69465   3.26772    -0.68230   -2.39821   32.83791
C-G        0.00000    0.00000    0.00000    0.00000    0.00000    0.00000    -0.17208   -0.08378   3.33407    -2.17486   0.40041    39.00105
C-G        0.00000    0.00000    0.00000    0.00000    0.00000    0.00000    -0.28164   -0.27178   3.38458    -2.66788   5.32159    35.14274
G-C        0.00000    0.00000    0.00000    0.00000    0.00000    0.00000    -0.19630   0.36212    3.39870    -2.49992   8.70292    35.63682
C-G        0.00000    0.00000    0.00000    0.00000    0.00000    0.00000    -0.00974   -0.48399   3.29109    -0.18098   4.48446    34.29875
T-A        0.00000    0.00000    0.00000    0.00000    0.00000    0.00000    0.06546    -0.28273   3.31753    1.58549    5.82272    33.80521
T-A        0.00000    0.00000    0.00000    0.00000    0.00000    0.00000    0.05035    -0.19584   3.24376    1.37167    0.83426    36.58298
T-A        0.00000    0.00000    0.00000    0.00000    0.00000    0.00000    0.05088    -0.24630   3.25504    1.61516    -1.64893   37.22307
A-T        0.00000    0.00000    0.00000    0.00000    0.00000    0.00000    0.08709    0.84603    3.40306    1.52614    -7.18274   45.31877
A-T        0.00000    0.00000    0.00000    0.00000    0.00000    0.00000    0.01245    -0.31255   3.26930    -0.04316   -4.93355   37.97182
C-G        0.00000    0.00000    0.00000    0.00000    0.00000    0.00000    -0.06866   -0.63980   3.32399    -0.80258   -0.80961   34.04248
A-T        0.00000    0.00000    0.00000    0.00000    0.00000    0.00000    -0.22702   0.39402    3.33860    -2.67612   3.18416    38.06404
C-G        0.00000    0.00000    0.00000    0.00000    0.00000    0.00000    -0.11012   -0.61809   3.26030    -1.51609   2.04748    33.09760
T-A        0.00000    0.00000    0.00000    0.00000    0.00000    0.00000    -0.02812   -0.28530   3.31351    -1.23417   5.54023    33.27046
T-A        0.00000    0.00000    0.00000    0.00000    0.00000    0.00000    -0.01066   -0.16192   3.22831    -0.33694   3.38747    35.33925
T-A        0.00000    0.00000    0.00000    0.00000    0.00000    0.00000    0.02818    -0.17653   3.23102    0.67371    2.80818    35.48367
A-T        0.00000    0.00000    0.00000    0.00000    0.00000    0.00000    0.13886    0.24524    3.37174    2.05543    3.49236    39.05275
T-A        0.00000    0.00000    0.00000    0.00000    0.00000    0.00000    0.03602    -0.68638   3.24317    1.08298    -0.74440   31.84748
G-C        0.00000    0.00000    0.00000    0.00000    0.00000    0.00000    0.14806    0.36549    3.33346    1.81158    2.07939    38.21158
C-G        0.00000    0.00000    0.00000    0.00000    0.00000    0.00000    -0.00178   -0.39282   3.35943    0.13040    0.15797    35.41586
T-A        0.00000    0.00000    0.00000    0.00000    0.00000    0.00000    -0.02196   -0.31328   3.35120    -0.83513   0.81917    34.57451
T-A        0.00000    0.00000    0.00000    0.00000    0.00000    0.00000    -0.07740   -0.25423   3.25494    -1.32846   -1.95400   37.03474
C-G        0.00000    0.00000    0.00000    0.00000    0.00000    0.00000    -0.15339   -0.07077   3.30827    -1.94606   2.12188    37.82255
C-G        0.00000    0.00000    0.00000    0.00000    0.00000    0.00000    -0.15641   -0.28046   3.36758    -1.54747   6.45657    34.21686
G-C        0.00000    0.00000    0.00000    0.00000    0.00000    0.00000    -0.01208   0.33675    3.38628    -0.33628   9.18625    34.89004
G-C        0.00000    0.00000    0.00000    0.00000    0.00000    0.00000    0.14597    -0.30350   3.36851    1.12654    6.73410    34.08469
C-G        0.00000    0.00000    0.00000    0.00000    0.00000    0.00000    0.16786    -0.46599   3.30764    1.69905    3.25770    34.36512
T-A        0.00000    0.00000    0.00000    0.00000    0.00000    0.00000    0.09732    -0.31828   3.33354    2.26566    3.12810    34.06716
C-G        0.00000    0.00000    0.00000    0.00000    0.00000    0.00000    0.12762    -0.10670   3.31883    1.31785    -0.03327   38.38355
G-C        0.00000    0.00000    0.00000    0.00000    0.00000    0.00000    0.02595    0.46206    3.37631    0.50114    2.80596    37.14202
T-A        0.00000    0.00000    0.00000    0.00000    0.00000    0.00000    -0.04633   -0.65038   3.31801    -0.72682   -0.21281   33.83536
A-T        0.00000    0.00000    0.00000    0.00000    0.00000    0.00000    -0.10526   0.66720    3.39210    -1.39644   -3.04817   43.08542
T-A        0.00000    0.00000    0.00000    0.00000    0.00000    0.00000    -0.02849   -0.66857   3.23480    -0.69605   0.02924    31.83057
A-T        0.00000    0.00000    0.00000    0.00000    0.00000    0.00000    -0.05050   0.36875    3.37798    -0.88539   3.10133    39.91300
A-T        0.00000    0.00000    0.00000    0.00000    0.00000    0.00000    0.02090    -0.18153   3.24037    0.06757    1.55630    36.20000
T-A        0.00000    0.00000    0.00000    0.00000    0.00000    0.00000    0.02492    -0.66278   3.22390    0.38580    0.92200    31.54702
G-C        0.00000    0.00000    0.00000    0.00000    0.00000    0.00000    0.16675    0.28377    3.36128    1.50307    5.38088    37.24505
T-A        0.00000    0.00000    0.00000    0.00000    0.00000    0.00000    0.07280    -0.64319   3.29354    0.68085    0.94325    33.68536
G-C        0.00000    0.00000    0.00000    0.00000    0.00000    0.00000    0.09662    0.33852    3.34998    0.91122    3.05799    38.17670
T-A        0.00000    0.00000    0.00000    0.00000    0.00000    0.00000    -0.00660   -0.65229   3.31431    -0.25254   0.10611    33.94823
C-G        0.00000    0.00000    0.00000    0.00000    0.00000    0.00000    -0.06002   -0.09476   3.32782    -0.79965   0.25665    38.64536
G-C        0.00000    0.00000    0.00000    0.00000    0.00000    0.00000    -0.17884   0.43093    3.38801    -2.07221   5.25749    36.55071
A-T        0.00000    0.00000    0.00000    0.00000    0.00000    0.00000    -0.10673   -0.06331   3.30190    -1.05300   2.09299    37.84761
C-G        0.00000    0.00000    0.00000    0.00000    0.00000    0.00000    -0.04601   -0.62408   3.25968    -0.15555   2.47963    33.17568
C-G        0.00000    0.00000    0.00000    0.00000    0.00000    0.00000    0.04002    -0.25056   3.37558    0.38027    5.80026    34.70262
A-T        0.00000    0.00000    0.00000    0.00000    0.00000    0.00000    0.02322    0.27150    3.36575    0.77937    6.03284    36.85553
A-T        0.00000    0.00000    0.00000    0.00000    0.00000    0.00000    0.05524    -0.22411   3.25084    0.78582    -0.46978   36.82210
A-T        0.00000    0.00000    0.00000    0.00000    0.00000    0.00000    0.05143    -0.25267   3.25647    0.69581    -1.70779   37.12630
T-A        0.00000    0.00000    0.00000    0.00000    0.00000    0.00000    0.01134    -0.69224   3.25524    0.25862    -1.49078   32.25338
G-C        0.00000    0.00000    0.00000    0.00000    0.00000    0.00000    -0.26900   -1.09600   3.26900    0.63600    -9.99000   39.98700
T-A        0.00000    0.00000    0.00000    0.00000    0.00000    0.00000    -0.92900   -1.59300   3.28000    -2.05000   -8.65500   31.94100
G-C        0.00000    0.00000    0.00000    0.00000    0.00000    0.00000    -0.32200   -0.59400   3.18200    -1.64600   -0.33600   39.43500
A-T        0.00000    0.00000    0.00000    0.00000    0.00000    0.00000    0.11900    -0.98200   3.10500    2.86100    -6.38100   31.81100
G-C        0.00000    0.00000    0.00000    0.00000    0.00000    0.00000    0.96000    -0.48300   2.89600    -0.90300   -7.59200   33.58400
C-G        0.00000    0.00000    0.00000    0.00000    0.00000    0.00000    -0.71600   -0.08600   3.08800    11.71100   -4.91100   33.31200
G-C        0.00000    0.00000    0.00000    0.00000    0.00000    0.00000    -0.04900   1.55300    5.41000    -0.16700   60.14300   13.21900
C-G        0.00000    0.00000    0.00000    0.00000    0.00000    0.00000    0.67600    -0.12300   3.12600    -12.51500  -5.65100   33.20700
T-A        0.00000    0.00000    0.00000    0.00000    0.00000    0.00000    -0.92900   -0.52700   2.87900    1.17300    -8.55000   33.48600
C-G        0.00000    0.00000    0.00000    0.00000    0.00000    0.00000    -0.13400   -1.01800   3.05000    -2.62400   -6.07100   32.10600
A-T        0.00000    0.00000    0.00000    0.00000    0.00000    0.00000    0.37700    -0.59600   3.22600    2.13800    -0.62100   39.43900
C-G        0.00000    0.00000    0.00000    0.00000    0.00000    0.00000    0.90500    -1.56500   3.20700    2.31400    -8.20500   32.14800
A-T        0.00000    0.00000    0.00000    0.00000    0.00000    0.00000    0.52900    -0.91300   3.45600    1.68400    -11.70900  37.49000
