147 # base pairs
  0 # ***local base-pair & step parameters***
#          Shear      Stretch    Stagger    Buckle     Prop-Tw    Opening    Shift      Slide      Rise       Tilt       Roll       Twist
T-A        0.00000    0.00000    0.00000    0.00000    0.00000    0.00000    0.00000    0.00000    0.00000    0.00000    0.00000    0.00000
G-C        0.00000    0.00000    0.00000    0.00000    0.00000    0.00000    -0.52900   -0.91400   3.45700    -1.68900   -11.71200  37.48600
T-A        0.00000    0.00000    0.00000    0.00000    0.00000    0.00000    -0.90500   -1.56600   3.20600    -2.28600   -8.20700   32.14700
G-C        0.00000    0.00000    0.00000    0.00000    0.00000    0.00000    -0.37800   -0.59600   3.22500    -2.16700   -0.60300   39.43900
A-T        0.00000    0.00000    0.00000    0.00000    0.00000    0.00000    0.13400    -1.01800   3.05000    2.61000    -6.09300   32.09300
G-C        0.00000    0.00000    0.00000    0.00000    0.00000    0.00000    0.92900    -0.52800   2.87800    -1.17000   -8.57000   33.49400
C-G        0.00000    0.00000    0.00000    0.00000    0.00000    0.00000    -0.67600   -0.12200   3.12700    12.55900   -5.64700   33.21100
G-C        0.00000    0.00000    0.00000    0.00000    0.00000    0.00000    0.04900    1.55300    5.41000    0.14200    60.15100   13.21000
C-G        0.00000    0.00000    0.00000    0.00000    0.00000    0.00000    0.71500    -0.08700   3.08800    -11.72400  -4.90600   33.28700
T-A        0.00000    0.00000    0.00000    0.00000    0.00000    0.00000    -0.96000   -0.48500   2.89400    0.89600    -7.58500   33.58500
C-G        0.00000    0.00000    0.00000    0.00000    0.00000    0.00000    -0.12000   -0.98300   3.10600    -2.86200   -6.42300   31.82500
A-T        0.00000    0.00000    0.00000    0.00000    0.00000    0.00000    0.32200    -0.59300   3.18200    1.65600    -0.34900   39.43600
C-G        0.00000    0.00000    0.00000    0.00000    0.00000    0.00000    0.92900    -1.59300   3.28000    2.06100    -8.65300   31.94300
A-T        0.00000    0.00000    0.00000    0.00000    0.00000    0.00000    0.27000    -1.09600   3.26800    -0.64500   -9.98900   39.97000
A-T        0.00000    0.00000    0.00000    0.00000    0.00000    0.00000    0.02596    -0.30090   3.25756    0.23425    -2.95991   36.79845
T-A        0.00000    0.00000    0.00000    0.00000    0.00000    0.00000    -0.01805   -0.69827   3.25354    -0.22932   -1.68944   31.86425
T-A        0.00000    0.00000    0.00000    0.00000    0.00000    0.00000    -0.06114   -0.27352   3.25303    -0.78175   -1.94147   36.57039
T-A        0.00000    0.00000    0.00000    0.00000    0.00000    0.00000    -0.06415   -0.23995   3.24634    -0.97630   -0.45638   36.20483
A-T        0.00000    0.00000    0.00000    0.00000    0.00000    0.00000    -0.07051   0.28324    3.36515    -1.00038   3.42746    38.72502
T-A        0.00000    0.00000    0.00000    0.00000    0.00000    0.00000    -0.00306   -0.66084   3.21553    -0.13981   1.27683    31.03756
T-A        0.00000    0.00000    0.00000    0.00000    0.00000    0.00000    0.00671    -0.20261   3.23690    0.30321    1.46763    35.62925
C-G        0.00000    0.00000    0.00000    0.00000    0.00000    0.00000    0.12544    -0.08073   3.29026    1.20827    2.32687    37.15395
G-C        0.00000    0.00000    0.00000    0.00000    0.00000    0.00000    0.19129    0.39744    3.37216    2.23868    5.47580    35.80491
C-G        0.00000    0.00000    0.00000    0.00000    0.00000    0.00000    0.08669    -0.42708   3.33516    0.84861    1.46448    34.77275
A-T        0.00000    0.00000    0.00000    0.00000    0.00000    0.00000    -0.04390   0.30066    3.34100    -0.09239   3.02423    37.47944
A-T        0.00000    0.00000    0.00000    0.00000    0.00000    0.00000    -0.00812   -0.27858   3.25616    -0.54232   -2.24939   36.82649
A-T        0.00000    0.00000    0.00000    0.00000    0.00000    0.00000    -0.02388   -0.25423   3.25132    -0.78010   -1.18100   36.56559
G-C        0.00000    0.00000    0.00000    0.00000    0.00000    0.00000    -0.08297   -0.30524   3.32472    -1.51097   3.84204    33.62158
G-C        0.00000    0.00000    0.00000    0.00000    0.00000    0.00000    -0.10925   -0.26753   3.37188    -0.98130   5.70554    34.29092
C-G        0.00000    0.00000    0.00000    0.00000    0.00000    0.00000    -0.00577   -0.46016   3.29738    -0.00375   3.51142    34.08286
C-G        0.00000    0.00000    0.00000    0.00000    0.00000    0.00000    0.09907    -0.25916   3.37061    0.99195    5.70731    34.30966
G-C        0.00000    0.00000    0.00000    0.00000    0.00000    0.00000    0.16811    0.40312    3.37903    1.99244    6.47026    35.69697
G-C        0.00000    0.00000    0.00000    0.00000    0.00000    0.00000    0.15107    -0.28421   3.38801    1.33982    4.13156    34.85260
C-G        0.00000    0.00000    0.00000    0.00000    0.00000    0.00000    0.08077    -0.42237   3.33973    0.72470    1.41017    34.98995
C-G        0.00000    0.00000    0.00000    0.00000    0.00000    0.00000    0.03377    -0.28314   3.39875    0.14023    3.05456    35.23448
C-G        0.00000    0.00000    0.00000    0.00000    0.00000    0.00000    -0.08005   -0.30155   3.39715    -0.86544   3.41822    35.06137
G-C        0.00000    0.00000    0.00000    0.00000    0.00000    0.00000    -0.18518   0.38919    3.37918    -2.24204   5.44046    36.02572
A-T        0.00000    0.00000    0.00000    0.00000    0.00000    0.00000    -0.12820   -0.08425   3.29420    -1.24163   2.29649    37.34185
C-G        0.00000    0.00000    0.00000    0.00000    0.00000    0.00000    -0.06969   -0.63017   3.24955    -0.26548   2.76017    32.71585
A-T        0.00000    0.00000    0.00000    0.00000    0.00000    0.00000    -0.06222   0.21644    3.36478    0.14408    7.26976    35.89495
C-G        0.00000    0.00000    0.00000    0.00000    0.00000    0.00000    0.00925    -0.63032   3.25539    0.89633    2.58559    32.77177
G-C        0.00000    0.00000    0.00000    0.00000    0.00000    0.00000    0.20212    0.41546    3.37851    2.49839    6.33840    35.77874
A-T        0.00000    0.00000    0.00000    0.00000    0.00000    0.00000    0.10808    -0.08826   3.31904    1.36830    0.72860    38.16763
C-G        0.00000    0.00000    0.00000    0.00000    0.00000    0.00000    0.04927    -0.64879   3.31148    0.74841    0.02218    33.61476
T-A        0.00000    0.00000    0.00000    0.00000    0.00000    0.00000    0.05123    -0.32046   3.34966    0.22377    1.22940    34.43431
T-A        0.00000    0.00000    0.00000    0.00000    0.00000    0.00000    -0.03886   -0.28165   3.25946    -0.66223   -2.65953   37.15514
A-T        0.00000    0.00000    0.00000    0.00000    0.00000    0.00000    -0.09650   0.47824    3.38787    -1.48251   -1.04625   41.64995
T-A        0.00000    0.00000    0.00000    0.00000    0.00000    0.00000    -0.03337   -0.67232   3.22903    -0.67455   0.51411    31.56676
C-G        0.00000    0.00000    0.00000    0.00000    0.00000    0.00000    -0.07234   -0.06920   3.29727    -0.79450   3.22956    37.40759
A-T        0.00000    0.00000    0.00000    0.00000    0.00000    0.00000    -0.06622   0.21996    3.37091    0.14653    7.45954    36.13231
T-A        0.00000    0.00000    0.00000    0.00000    0.00000    0.00000    0.00918    -0.65809   3.22008    0.53101    1.12541    31.41479
G-C        0.00000    0.00000    0.00000    0.00000    0.00000    0.00000    0.17692    0.33908    3.35491    1.93240    5.29142    37.28306
T-A        0.00000    0.00000    0.00000    0.00000    0.00000    0.00000    0.08964    -0.62671   3.29425    0.99556    0.67372    33.68954
T-A        0.00000    0.00000    0.00000    0.00000    0.00000    0.00000    0.02366    -0.27659   3.26298    0.76362    -3.32889   37.55218
A-T        0.00000    0.00000    0.00000    0.00000    0.00000    0.00000    0.01979    0.84305    3.40288    -0.07564   -7.14785   45.19249
T-A        0.00000    0.00000    0.00000    0.00000    0.00000    0.00000    -0.01157   -0.69683   3.26016    -0.57690   -1.92318   32.37648
A-T        0.00000    0.00000    0.00000    0.00000    0.00000    0.00000    -0.11116   0.55301    3.39369    -1.76191   -2.04928   42.54462
A-T        0.00000    0.00000    0.00000    0.00000    0.00000    0.00000    -0.04228   -0.21108   3.24564    -1.11567   0.47264    36.54667
C-G        0.00000    0.00000    0.00000    0.00000    0.00000    0.00000    -0.09168   -0.62930   3.24809    -0.47588   3.08788    33.10473
G-C        0.00000    0.00000    0.00000    0.00000    0.00000    0.00000    -0.00781   0.35068    3.39664    0.12639    8.92952    35.38222
G-C        0.00000    0.00000    0.00000    0.00000    0.00000    0.00000    0.13344    -0.26208   3.37231    1.34215    6.38009    34.62050
A-T        0.00000    0.00000    0.00000    0.00000    0.00000    0.00000    0.14756    -0.06038   3.31309    1.87033    2.14793    38.15603
C-G        0.00000    0.00000    0.00000    0.00000    0.00000    0.00000    0.07593    -0.64282   3.30313    1.59597    0.68722    33.83902
T-A        0.00000    0.00000    0.00000    0.00000    0.00000    0.00000    0.10129    -0.29941   3.35479    1.67225    1.04219    35.05943
G-C        0.00000    0.00000    0.00000    0.00000    0.00000    0.00000    0.06023    0.42321    3.33827    0.29143    1.13958    39.07732
T-A        0.00000    0.00000    0.00000    0.00000    0.00000    0.00000    -0.02999   -0.65981   3.32863    -1.09158   -0.46941   34.23492
A-T        0.00000    0.00000    0.00000    0.00000    0.00000    0.00000    -0.12266   0.62718    3.40049    -1.95428   -2.82269   43.42886
G-C        0.00000    0.00000    0.00000    0.00000    0.00000    0.00000    -0.10296   -0.29852   3.33278    -2.41682   4.20508    34.35104
G-C        0.00000    0.00000    0.00000    0.00000    0.00000    0.00000    -0.17820   -0.25416   3.37392    -1.71297   6.52113    34.76150
T-A        0.00000    0.00000    0.00000    0.00000    0.00000    0.00000    0.01575    -0.62515   3.23835    -0.26083   3.67150    33.04122
A-T        0.00000    0.00000    0.00000    0.00000    0.00000    0.00000    0.06346    0.25234    3.37555    1.19345    5.63721    38.95322
T-A        0.00000    0.00000    0.00000    0.00000    0.00000    0.00000    0.03440    -0.66099   3.22905    1.03486    0.53637    31.87339
C-G        0.00000    0.00000    0.00000    0.00000    0.00000    0.00000    0.21068    -0.07060   3.31378    2.25336    0.51122    38.56605
T-A        0.00000    0.00000    0.00000    0.00000    0.00000    0.00000    0.10476    -0.29968   3.35781    1.88712    0.71823    35.24617
C-G        0.00000    0.00000    0.00000    0.00000    0.00000    0.00000    0.04122    -0.10835   3.34337    0.08824    -1.79965   39.47769
G-C        0.00000    0.00000    0.00000    0.00000    0.00000    0.00000    -0.19244   0.48795    3.38183    -2.53357   2.12878    37.76020
A-T        0.00000    0.00000    0.00000    0.00000    0.00000    0.00000    -0.21796   -0.08867   3.31337    -2.38965   0.46577    38.47071
G-C        0.00000    0.00000    0.00000    0.00000    0.00000    0.00000    -0.11308   -0.29977   3.32569    -2.90362   4.38490    34.09383
C-G        0.00000    0.00000    0.00000    0.00000    0.00000    0.00000    -0.15514   -0.48492   3.29235    -1.60563   4.31567    34.24352
T-A        0.00000    0.00000    0.00000    0.00000    0.00000    0.00000    -0.00552   -0.28298   3.30885    0.29851    6.62786    33.38403
C-G        0.00000    0.00000    0.00000    0.00000    0.00000    0.00000    0.11273    -0.04321   3.27969    1.34360    4.30112    37.12861
G-C        0.00000    0.00000    0.00000    0.00000    0.00000    0.00000    0.33522    0.38738    3.39117    4.24646    7.38077    35.94928
G-C        0.00000    0.00000    0.00000    0.00000    0.00000    0.00000    0.31591    -0.27186   3.39499    3.09728    3.80714    35.53048
G-C        0.00000    0.00000    0.00000    0.00000    0.00000    0.00000    0.19715    -0.25130   3.40941    1.98440    2.04973    36.22039
A-T        0.00000    0.00000    0.00000    0.00000    0.00000    0.00000    -0.00088   -0.10603   3.34896    0.25221    -1.94736   39.74217
T-A        0.00000    0.00000    0.00000    0.00000    0.00000    0.00000    -0.02135   -0.69795   3.27335    -0.59042   -2.78823   33.04588
C-G        0.00000    0.00000    0.00000    0.00000    0.00000    0.00000    -0.17206   -0.08872   3.34073    -2.21270   -0.12430   39.30259
C-G        0.00000    0.00000    0.00000    0.00000    0.00000    0.00000    -0.31389   -0.27308   3.38931    -2.99526   4.95795    35.36637
G-C        0.00000    0.00000    0.00000    0.00000    0.00000    0.00000    -0.25259   0.36425    3.40077    -3.18502   8.54304    35.79815
C-G        0.00000    0.00000    0.00000    0.00000    0.00000    0.00000    -0.04765   -0.48738   3.28982    -0.56476   4.63071    34.32002
T-A        0.00000    0.00000    0.00000    0.00000    0.00000    0.00000    0.05205    -0.27834   3.31523    1.36971    6.25685    33.77817
T-A        0.00000    0.00000    0.00000    0.00000    0.00000    0.00000    0.05065    -0.17952   3.24066    1.36409    1.51897    36.46645
T-A        0.00000    0.00000    0.00000    0.00000    0.00000    0.00000    0.05887    -0.23253   3.25274    1.78474    -1.12619   37.16096
A-T        0.00000    0.00000    0.00000    0.00000    0.00000    0.00000    0.11422    0.84973    3.40332    1.94397    -7.03628   45.35834
A-T        0.00000    0.00000    0.00000    0.00000    0.00000    0.00000    0.02392    -0.31855   3.27096    0.21026    -5.32188   38.11651
C-G        0.00000    0.00000    0.00000    0.00000    0.00000    0.00000    -0.05780   -0.64208   3.33302    -0.68386   -1.24758   34.17653
A-T        0.00000    0.00000    0.00000    0.00000    0.00000    0.00000    -0.23178   0.41990    3.33349    -2.81569   2.45474    38.38083
C-G        0.00000    0.00000    0.00000    0.00000    0.00000    0.00000    -0.12040   -0.61781   3.26553    -1.76303   1.75005    33.19893
T-A        0.00000    0.00000    0.00000    0.00000    0.00000    0.00000    -0.04274   -0.28517   3.31426    -1.68509   5.46858    33.29003
T-A        0.00000    0.00000    0.00000    0.00000    0.00000    0.00000    -0.02066   -0.15559   3.22618    -0.61786   3.75874    35.22859
T-A        0.00000    0.00000    0.00000    0.00000    0.00000    0.00000    0.02322    -0.16430   3.22737    0.50831    3.49911    35.27843
A-T        0.00000    0.00000    0.00000    0.00000    0.00000    0.00000    0.14173    0.15662    3.36766    2.09674    5.17125    38.17589
T-A        0.00000    0.00000    0.00000    0.00000    0.00000    0.00000    0.04067    -0.68194   3.23796    1.22430    -0.32721   31.75393
G-C        0.00000    0.00000    0.00000    0.00000    0.00000    0.00000    0.18238    0.36561    3.33492    2.31165    2.28101    38.24148
C-G        0.00000    0.00000    0.00000    0.00000    0.00000    0.00000    0.03866    -0.38907   3.36341    0.58989    -0.00489   35.53936
T-A        0.00000    0.00000    0.00000    0.00000    0.00000    0.00000    -0.01210   -0.31319   3.35597    -0.55057   0.31641    34.81831
T-A        0.00000    0.00000    0.00000    0.00000    0.00000    0.00000    -0.07822   -0.26538   3.25931    -1.29545   -2.77313   37.38031
C-G        0.00000    0.00000    0.00000    0.00000    0.00000    0.00000    -0.17353   -0.07222   3.31525    -2.19877   1.60711    38.12596
C-G        0.00000    0.00000    0.00000    0.00000    0.00000    0.00000    -0.20615   -0.27683   3.37005    -2.06287   6.24691    34.38009
G-C        0.00000    0.00000    0.00000    0.00000    0.00000    0.00000    -0.06851   0.33721    3.38840    -1.08108   9.32003    34.93231
G-C        0.00000    0.00000    0.00000    0.00000    0.00000    0.00000    0.11410    -0.30073   3.36600    0.75192    7.10897    34.03416
C-G        0.00000    0.00000    0.00000    0.00000    0.00000    0.00000    0.16270    -0.47638   3.30103    1.61850    3.68209    34.24856
T-A        0.00000    0.00000    0.00000    0.00000    0.00000    0.00000    0.10156    -0.31746   3.32993    2.44724    3.66190    33.96752
C-G        0.00000    0.00000    0.00000    0.00000    0.00000    0.00000    0.15594    -0.10389   3.31559    1.67698    0.26483    38.30408
G-C        0.00000    0.00000    0.00000    0.00000    0.00000    0.00000    0.08258    0.46235    3.37801    1.25133    2.74873    37.22855
T-A        0.00000    0.00000    0.00000    0.00000    0.00000    0.00000    -0.03822   -0.64995   3.32445    -0.47582   -0.50652   33.99688
A-T        0.00000    0.00000    0.00000    0.00000    0.00000    0.00000    -0.10103   0.76768    3.39777    -1.27726   -4.67690   44.12680
T-A        0.00000    0.00000    0.00000    0.00000    0.00000    0.00000    -0.03078   -0.67163   3.24119    -0.75055   -0.43031   32.04301
A-T        0.00000    0.00000    0.00000    0.00000    0.00000    0.00000    -0.06573   0.44839    3.38306    -1.16204   1.96213    40.74043
A-T        0.00000    0.00000    0.00000    0.00000    0.00000    0.00000    0.01300    -0.17886   3.24179    -0.17794   1.44090    36.35739
T-A        0.00000    0.00000    0.00000    0.00000    0.00000    0.00000    0.02234    -0.66037   3.22289    0.23695    1.07078    31.59203
G-C        0.00000    0.00000    0.00000    0.00000    0.00000    0.00000    0.15775    0.27003    3.36705    1.31693    5.83850    37.19010
T-A        0.00000    0.00000    0.00000    0.00000    0.00000    0.00000    0.07818    -0.64297   3.28824    0.69530    1.29184    33.70060
G-C        0.00000    0.00000    0.00000    0.00000    0.00000    0.00000    0.11223    0.33035    3.35511    1.14435    3.45256    38.18688
T-A        0.00000    0.00000    0.00000    0.00000    0.00000    0.00000    0.00468    -0.65097   3.31403    -0.01330   0.18850    34.05425
C-G        0.00000    0.00000    0.00000    0.00000    0.00000    0.00000    -0.03548   -0.09215   3.33064    -0.48002   0.07968    38.82630
G-C        0.00000    0.00000    0.00000    0.00000    0.00000    0.00000    -0.15229   0.45100    3.39111    -1.70785   4.70158    36.90305
A-T        0.00000    0.00000    0.00000    0.00000    0.00000    0.00000    -0.10608   -0.06243   3.30898    -1.03134   1.59575    38.17535
C-G        0.00000    0.00000    0.00000    0.00000    0.00000    0.00000    -0.04943   -0.62321   3.26874    -0.28299   2.12667    33.42764
C-G        0.00000    0.00000    0.00000    0.00000    0.00000    0.00000    0.00809    -0.24495   3.37952    0.01983    5.56724    34.92218
A-T        0.00000    0.00000    0.00000    0.00000    0.00000    0.00000    0.00159    0.28250    3.36804    0.39758    6.01330    37.04864
A-T        0.00000    0.00000    0.00000    0.00000    0.00000    0.00000    0.04885    -0.21499   3.25028    0.61736    -0.13511   36.83765
A-T        0.00000    0.00000    0.00000    0.00000    0.00000    0.00000    0.04862    -0.24011   3.25512    0.65937    -1.18120   37.09600
T-A        0.00000    0.00000    0.00000    0.00000    0.00000    0.00000    0.01235    -0.68856   3.25217    0.32126    -1.16066   32.24487
G-C        0.00000    0.00000    0.00000    0.00000    0.00000    0.00000    -0.26900   -1.09600   3.26900    0.63600    -9.99000   39.98700
T-A        0.00000    0.00000    0.00000    0.00000    0.00000    0.00000    -0.92900   -1.59300   3.28000    -2.05000   -8.65500   31.94100
G-C        0.00000    0.00000    0.00000    0.00000    0.00000    0.00000    -0.32200   -0.59400   3.18200    -1.64600   -0.33600   39.43500
A-T        0.00000    0.00000    0.00000    0.00000    0.00000    0.00000    0.11900    -0.98200   3.10500    2.86100    -6.38100   31.81100
G-C        0.00000    0.00000    0.00000    0.00000    0.00000    0.00000    0.96000    -0.48300   2.89600    -0.90300   -7.59200   33.58400
C-G        0.00000    0.00000    0.00000    0.00000    0.00000    0.00000    -0.71600   -0.08600   3.08800    11.71100   -4.91100   33.31200
G-C        0.00000    0.00000    0.00000    0.00000    0.00000    0.00000    -0.04900   1.55300    5.41000    -0.16700   60.14300   13.21900
C-G        0.00000    0.00000    0.00000    0.00000    0.00000    0.00000    0.67600    -0.12300   3.12600    -12.51500  -5.65100   33.20700
T-A        0.00000    0.00000    0.00000    0.00000    0.00000    0.00000    -0.92900   -0.52700   2.87900    1.17300    -8.55000   33.48600
C-G        0.00000    0.00000    0.00000    0.00000    0.00000    0.00000    -0.13400   -1.01800   3.05000    -2.62400   -6.07100   32.10600
A-T        0.00000    0.00000    0.00000    0.00000    0.00000    0.00000    0.37700    -0.59600   3.22600    2.13800    -0.62100   39.43900
C-G        0.00000    0.00000    0.00000    0.00000    0.00000    0.00000    0.90500    -1.56500   3.20700    2.31400    -8.20500   32.14800
A-T        0.00000    0.00000    0.00000    0.00000    0.00000    0.00000    0.52900    -0.91300   3.45600    1.68400    -11.70900  37.49000
