147 # base pairs
  0 # ***local base-pair & step parameters***
#          Shear      Stretch    Stagger    Buckle     Prop-Tw    Opening    Shift      Slide      Rise       Tilt       Roll       Twist
T-A        0.00000    0.00000    0.00000    0.00000    0.00000    0.00000    0.00000    0.00000    0.00000    0.00000    0.00000    0.00000
G-C        0.00000    0.00000    0.00000    0.00000    0.00000    0.00000    -0.52900   -0.91400   3.45700    -1.68900   -11.71200  37.48600
T-A        0.00000    0.00000    0.00000    0.00000    0.00000    0.00000    -0.90500   -1.56600   3.20600    -2.28600   -8.20700   32.14700
G-C        0.00000    0.00000    0.00000    0.00000    0.00000    0.00000    -0.37800   -0.59600   3.22500    -2.16700   -0.60300   39.43900
A-T        0.00000    0.00000    0.00000    0.00000    0.00000    0.00000    0.13400    -1.01800   3.05000    2.61000    -6.09300   32.09300
G-C        0.00000    0.00000    0.00000    0.00000    0.00000    0.00000    0.92900    -0.52800   2.87800    -1.17000   -8.57000   33.49400
C-G        0.00000    0.00000    0.00000    0.00000    0.00000    0.00000    -0.67600   -0.12200   3.12700    12.55900   -5.64700   33.21100
G-C        0.00000    0.00000    0.00000    0.00000    0.00000    0.00000    0.04900    1.55300    5.41000    0.14200    60.15100   13.21000
C-G        0.00000    0.00000    0.00000    0.00000    0.00000    0.00000    0.71500    -0.08700   3.08800    -11.72400  -4.90600   33.28700
T-A        0.00000    0.00000    0.00000    0.00000    0.00000    0.00000    -0.96000   -0.48500   2.89400    0.89600    -7.58500   33.58500
C-G        0.00000    0.00000    0.00000    0.00000    0.00000    0.00000    -0.12000   -0.98300   3.10600    -2.86200   -6.42300   31.82500
A-T        0.00000    0.00000    0.00000    0.00000    0.00000    0.00000    0.32200    -0.59300   3.18200    1.65600    -0.34900   39.43600
C-G        0.00000    0.00000    0.00000    0.00000    0.00000    0.00000    0.92900    -1.59300   3.28000    2.06100    -8.65300   31.94300
A-T        0.00000    0.00000    0.00000    0.00000    0.00000    0.00000    0.27000    -1.09600   3.26800    -0.64500   -9.98900   39.97000
A-T        0.00000    0.00000    0.00000    0.00000    0.00000    0.00000    0.12368    -0.19553   3.25845    1.96129    -0.65305   36.78400
T-A        0.00000    0.00000    0.00000    0.00000    0.00000    0.00000    0.00580    -0.75793   3.33649    0.34898    -3.77520   33.42777
T-A        0.00000    0.00000    0.00000    0.00000    0.00000    0.00000    -0.01340   -0.41134   3.24894    -0.24161   -4.53435   36.77678
T-A        0.00000    0.00000    0.00000    0.00000    0.00000    0.00000    -0.09113   -0.33377   3.27508    -0.94157   -3.16988   35.96935
A-T        0.00000    0.00000    0.00000    0.00000    0.00000    0.00000    -0.06327   0.36193    3.38709    -2.50208   0.42319    39.07024
T-A        0.00000    0.00000    0.00000    0.00000    0.00000    0.00000    -0.04619   -0.68669   3.22979    -1.39643   0.63946    31.77462
T-A        0.00000    0.00000    0.00000    0.00000    0.00000    0.00000    -0.05628   -0.24771   3.25125    -0.41590   2.68122    34.36761
C-G        0.00000    0.00000    0.00000    0.00000    0.00000    0.00000    0.06981    0.00936    3.28040    0.50948    3.82213    35.90372
G-C        0.00000    0.00000    0.00000    0.00000    0.00000    0.00000    0.43173    0.54990    3.38016    3.43516    10.74010   33.86622
C-G        0.00000    0.00000    0.00000    0.00000    0.00000    0.00000    0.01068    -0.41493   3.25883    0.19292    3.07658    32.04373
A-T        0.00000    0.00000    0.00000    0.00000    0.00000    0.00000    0.18791    0.62782    3.34673    1.79773    1.36198    37.97709
A-T        0.00000    0.00000    0.00000    0.00000    0.00000    0.00000    0.13371    -0.24431   3.29399    0.68092    -2.63876   36.65785
A-T        0.00000    0.00000    0.00000    0.00000    0.00000    0.00000    -0.06020   -0.33688   3.26629    -1.21227   -4.25595   37.21968
G-C        0.00000    0.00000    0.00000    0.00000    0.00000    0.00000    -0.01605   -0.43447   3.37048    -0.81096   1.46044    34.11845
G-C        0.00000    0.00000    0.00000    0.00000    0.00000    0.00000    -0.16898   -0.25261   3.44848    -2.54160   3.50327    36.28741
C-G        0.00000    0.00000    0.00000    0.00000    0.00000    0.00000    -0.21682   -0.39704   3.26425    -1.77336   3.76480    34.35165
C-G        0.00000    0.00000    0.00000    0.00000    0.00000    0.00000    -0.25007   -0.18709   3.31708    -1.00363   5.83603    33.90027
G-C        0.00000    0.00000    0.00000    0.00000    0.00000    0.00000    0.09110    0.32182    3.11597    0.58072    8.43749    31.52327
G-C        0.00000    0.00000    0.00000    0.00000    0.00000    0.00000    0.35904    -0.22057   3.33305    1.81672    5.24359    33.82897
C-G        0.00000    0.00000    0.00000    0.00000    0.00000    0.00000    0.25542    -0.40470   3.27216    1.97002    3.20088    34.51244
C-G        0.00000    0.00000    0.00000    0.00000    0.00000    0.00000    0.39684    -0.29407   3.40960    2.80133    2.12355    35.30948
C-G        0.00000    0.00000    0.00000    0.00000    0.00000    0.00000    0.14454    -0.24611   3.40311    2.66649    2.17130    35.79316
G-C        0.00000    0.00000    0.00000    0.00000    0.00000    0.00000    -0.21971   1.13874    3.37010    -1.48880   1.80395    36.45956
A-T        0.00000    0.00000    0.00000    0.00000    0.00000    0.00000    -0.16510   -0.05416   3.17759    -1.58915   -0.54264   36.73926
C-G        0.00000    0.00000    0.00000    0.00000    0.00000    0.00000    0.06149    -0.49290   3.18666    -0.73634   2.33819    32.20461
A-T        0.00000    0.00000    0.00000    0.00000    0.00000    0.00000    -0.04550   -0.01408   3.37169    -1.56367   4.67080    36.68756
C-G        0.00000    0.00000    0.00000    0.00000    0.00000    0.00000    0.16238    -0.50018   3.24654    -0.39898   3.98125    31.73231
G-C        0.00000    0.00000    0.00000    0.00000    0.00000    0.00000    0.04032    0.53073    3.32496    0.79519    5.85837    36.70401
A-T        0.00000    0.00000    0.00000    0.00000    0.00000    0.00000    -0.01019   -0.05690   3.19460    0.09929    0.37357    36.69565
C-G        0.00000    0.00000    0.00000    0.00000    0.00000    0.00000    -0.08965   -0.64103   3.24852    1.00571    3.03482    32.80887
T-A        0.00000    0.00000    0.00000    0.00000    0.00000    0.00000    0.04758    -0.71076   3.56113    0.70367    1.58275    35.79276
T-A        0.00000    0.00000    0.00000    0.00000    0.00000    0.00000    -0.06014   -0.32844   3.23214    -0.55119   -2.07709   33.21837
A-T        0.00000    0.00000    0.00000    0.00000    0.00000    0.00000    -0.00981   0.48928    3.39576    -0.07543   -2.89988   42.71528
C-G        0.00000    0.00000    0.00000    0.00000    0.00000    0.00000    -0.07792   -0.69050   3.28487    -0.40808   0.74961    33.02245
T-A        0.00000    0.00000    0.00000    0.00000    0.00000    0.00000    -0.00795   -0.40015   3.37457    -0.82766   4.53468    33.48156
G-C        0.00000    0.00000    0.00000    0.00000    0.00000    0.00000    0.01818    0.04798    3.38903    -1.66205   7.67443    35.28069
T-A        0.00000    0.00000    0.00000    0.00000    0.00000    0.00000    -0.01113   -0.53791   3.16770    -0.22409   3.48449    30.90620
A-T        0.00000    0.00000    0.00000    0.00000    0.00000    0.00000    0.10693    0.06977    3.35783    0.63389    7.07593    36.39930
G-C        0.00000    0.00000    0.00000    0.00000    0.00000    0.00000    -0.18057   -0.20006   3.24190    0.67108    5.92980    31.72453
G-C        0.00000    0.00000    0.00000    0.00000    0.00000    0.00000    0.08763    -0.74649   3.53935    1.28588    4.79153    34.94630
T-A        0.00000    0.00000    0.00000    0.00000    0.00000    0.00000    0.15350    -0.50809   3.25811    1.10160    0.04302    32.17868
A-T        0.00000    0.00000    0.00000    0.00000    0.00000    0.00000    0.02299    -0.37458   3.38485    0.67614    1.06745    37.62875
T-A        0.00000    0.00000    0.00000    0.00000    0.00000    0.00000    -0.05388   -0.74388   3.22505    -0.19602   -2.05144   32.41892
C-G        0.00000    0.00000    0.00000    0.00000    0.00000    0.00000    0.07510    -0.29363   3.38639    -0.99832   -0.20864   39.50192
T-A        0.00000    0.00000    0.00000    0.00000    0.00000    0.00000    0.07016    -0.31449   3.34895    -0.75456   3.39937    33.08649
C-G        0.00000    0.00000    0.00000    0.00000    0.00000    0.00000    -0.08877   0.01140    3.37446    -0.61728   2.36940    36.71318
G-C        0.00000    0.00000    0.00000    0.00000    0.00000    0.00000    -0.06027   0.55902    3.33162    -0.99289   12.18877   32.02084
A-T        0.00000    0.00000    0.00000    0.00000    0.00000    0.00000    -0.07395   0.11831    3.32194    -1.26715   3.44414    36.09493
G-C        0.00000    0.00000    0.00000    0.00000    0.00000    0.00000    0.08893    -0.23397   3.32597    0.72117    4.15196    32.49447
C-G        0.00000    0.00000    0.00000    0.00000    0.00000    0.00000    0.09672    -0.47696   3.40279    1.24678    1.99760    36.28397
T-A        0.00000    0.00000    0.00000    0.00000    0.00000    0.00000    0.06472    -0.10383   3.31353    2.15008    0.85534    33.60525
C-G        0.00000    0.00000    0.00000    0.00000    0.00000    0.00000    0.17234    0.23314    3.30886    1.90867    -0.05762   38.25695
G-C        0.00000    0.00000    0.00000    0.00000    0.00000    0.00000    0.13887    1.14053    3.36692    0.52220    1.46636    36.43573
G-C        0.00000    0.00000    0.00000    0.00000    0.00000    0.00000    -0.22829   -0.21010   3.39051    -3.79767   2.34478    35.72482
G-C        0.00000    0.00000    0.00000    0.00000    0.00000    0.00000    -0.22752   -0.24402   3.34643    -1.58414   5.95234    33.60588
A-T        0.00000    0.00000    0.00000    0.00000    0.00000    0.00000    -0.11041   -0.25807   3.33119    -1.17916   2.29344    36.96856
T-A        0.00000    0.00000    0.00000    0.00000    0.00000    0.00000    -0.02490   -0.63376   3.23029    -0.25802   2.66644    31.63332
C-G        0.00000    0.00000    0.00000    0.00000    0.00000    0.00000    0.05251    -0.23286   3.31354    0.54611    3.29290    36.54810
C-G        0.00000    0.00000    0.00000    0.00000    0.00000    0.00000    -0.02624   -0.15712   3.28597    0.41340    6.92488    32.44061
G-C        0.00000    0.00000    0.00000    0.00000    0.00000    0.00000    0.08786    0.44089    3.32517    1.93893    6.67774    35.34191
C-G        0.00000    0.00000    0.00000    0.00000    0.00000    0.00000    0.23727    -0.49977   3.44299    1.83115    0.51908    35.98152
T-A        0.00000    0.00000    0.00000    0.00000    0.00000    0.00000    0.38513    -0.42314   3.47123    3.67760    -0.27763   36.25063
T-A        0.00000    0.00000    0.00000    0.00000    0.00000    0.00000    0.04795    -0.34160   3.26760    0.65450    -4.57450   37.40355
T-A        0.00000    0.00000    0.00000    0.00000    0.00000    0.00000    -0.05703   -0.32820   3.29052    -0.79744   -3.40313   36.71538
A-T        0.00000    0.00000    0.00000    0.00000    0.00000    0.00000    -0.18643   0.61646    3.33141    -1.77626   0.04344    38.99367
A-T        0.00000    0.00000    0.00000    0.00000    0.00000    0.00000    -0.04570   -0.19718   3.18852    -1.42602   1.81987    35.13621
C-G        0.00000    0.00000    0.00000    0.00000    0.00000    0.00000    -0.07804   -0.63040   3.31149    -0.99166   1.95881    33.24127
A-T        0.00000    0.00000    0.00000    0.00000    0.00000    0.00000    0.03680    -0.01053   3.40071    0.26533    7.14661    36.25901
C-G        0.00000    0.00000    0.00000    0.00000    0.00000    0.00000    0.23187    -0.59691   3.29393    1.63366    2.71444    32.90812
T-A        0.00000    0.00000    0.00000    0.00000    0.00000    0.00000    0.01776    -0.62675   3.55296    1.82869    3.32877    36.89031
T-A        0.00000    0.00000    0.00000    0.00000    0.00000    0.00000    0.07917    -0.29097   3.27643    2.22301    -3.97084   37.82484
T-A        0.00000    0.00000    0.00000    0.00000    0.00000    0.00000    0.01992    -0.37357   3.29560    0.44315    -5.49954   37.19571
A-T        0.00000    0.00000    0.00000    0.00000    0.00000    0.00000    0.02529    0.42293    3.53899    -0.74205   -9.17936   47.61502
T-A        0.00000    0.00000    0.00000    0.00000    0.00000    0.00000    0.05833    -0.72401   3.20580    -1.58754   0.29035    29.83398
G-C        0.00000    0.00000    0.00000    0.00000    0.00000    0.00000    -0.02545   -0.22983   3.31732    -0.52023   5.70898    37.86644
C-G        0.00000    0.00000    0.00000    0.00000    0.00000    0.00000    0.16292    -0.45182   3.20848    -3.20111   4.13956    33.20147
T-A        0.00000    0.00000    0.00000    0.00000    0.00000    0.00000    -0.15109   -0.43151   3.43052    -0.78138   4.61529    35.20355
T-A        0.00000    0.00000    0.00000    0.00000    0.00000    0.00000    -0.03043   -0.18826   3.18639    1.20359    6.40700    33.82820
C-G        0.00000    0.00000    0.00000    0.00000    0.00000    0.00000    0.13622    -0.17849   3.30402    1.37754    5.30885    35.79604
C-G        0.00000    0.00000    0.00000    0.00000    0.00000    0.00000    0.26706    -0.19755   3.30774    2.32531    5.48674    33.18033
G-C        0.00000    0.00000    0.00000    0.00000    0.00000    0.00000    0.40553    0.39089    3.10605    3.89594    4.54417    32.97588
G-C        0.00000    0.00000    0.00000    0.00000    0.00000    0.00000    0.45964    -0.23015   3.40158    2.47735    1.08442    35.23742
C-G        0.00000    0.00000    0.00000    0.00000    0.00000    0.00000    0.12104    -0.54403   3.32911    0.02769    0.76932    35.37578
T-A        0.00000    0.00000    0.00000    0.00000    0.00000    0.00000    -0.00192   -0.06629   3.34396    -0.68331   -1.08457   34.38078
C-G        0.00000    0.00000    0.00000    0.00000    0.00000    0.00000    -0.38766   0.12829    3.29603    -3.96036   -0.17115   38.82255
T-A        0.00000    0.00000    0.00000    0.00000    0.00000    0.00000    0.06605    -0.28580   3.36052    -1.54858   4.11623    33.58143
C-G        0.00000    0.00000    0.00000    0.00000    0.00000    0.00000    0.13845    0.06747    3.24134    -1.18247   6.31271    36.06332
A-T        0.00000    0.00000    0.00000    0.00000    0.00000    0.00000    -0.34799   0.08262    3.38949    0.59984    9.43288    34.50809
T-A        0.00000    0.00000    0.00000    0.00000    0.00000    0.00000    0.02937    -0.46760   3.22486    0.52898    5.11469    30.96383
G-C        0.00000    0.00000    0.00000    0.00000    0.00000    0.00000    0.09165    -0.01391   3.46153    2.67508    7.24395    38.52281
T-A        0.00000    0.00000    0.00000    0.00000    0.00000    0.00000    0.08768    -0.56842   3.37578    2.11804    -0.50491   35.15661
T-A        0.00000    0.00000    0.00000    0.00000    0.00000    0.00000    0.00731    -0.19256   3.26152    2.40673    -4.82440   38.12668
A-T        0.00000    0.00000    0.00000    0.00000    0.00000    0.00000    0.03380    0.45727    3.56173    0.13000    -10.68449  49.06709
T-A        0.00000    0.00000    0.00000    0.00000    0.00000    0.00000    -0.03133   -0.69460   3.24450    -0.99131   -3.16055   32.28012
A-T        0.00000    0.00000    0.00000    0.00000    0.00000    0.00000    -0.13253   0.44147    3.49896    -2.22996   -5.16238   45.77198
A-T        0.00000    0.00000    0.00000    0.00000    0.00000    0.00000    -0.03097   -0.17516   3.20503    -2.12772   0.59476    36.03695
C-G        0.00000    0.00000    0.00000    0.00000    0.00000    0.00000    -0.08613   -0.61222   3.29975    -1.31985   2.81918    34.37074
G-C        0.00000    0.00000    0.00000    0.00000    0.00000    0.00000    0.13185    0.39273    3.26244    -0.36413   10.39082   33.57177
G-C        0.00000    0.00000    0.00000    0.00000    0.00000    0.00000    0.55237    -0.05445   3.26637    3.35912    9.18034    32.90407
A-T        0.00000    0.00000    0.00000    0.00000    0.00000    0.00000    0.39507    0.12040    3.26426    3.43166    2.38223    38.12915
G-C        0.00000    0.00000    0.00000    0.00000    0.00000    0.00000    0.25458    -0.43773   3.36066    2.71204    4.18178    34.80667
T-A        0.00000    0.00000    0.00000    0.00000    0.00000    0.00000    0.08327    -0.69138   3.31607    1.03329    -0.45584   34.07680
A-T        0.00000    0.00000    0.00000    0.00000    0.00000    0.00000    -0.01792   -0.22336   3.38437    0.66169    -1.69437   39.88662
T-A        0.00000    0.00000    0.00000    0.00000    0.00000    0.00000    -0.03084   -0.69479   3.25298    -0.43099   -2.75350   32.71167
A-T        0.00000    0.00000    0.00000    0.00000    0.00000    0.00000    -0.10677   0.50049    3.52265    -1.39177   -6.50043   47.30242
A-T        0.00000    0.00000    0.00000    0.00000    0.00000    0.00000    -0.10841   -0.28394   3.25396    -1.47361   1.26760    36.46669
T-A        0.00000    0.00000    0.00000    0.00000    0.00000    0.00000    0.00327    -0.57754   3.27690    -0.63457   0.66016    32.90168
G-C        0.00000    0.00000    0.00000    0.00000    0.00000    0.00000    -0.03379   0.02084    3.52702    -0.83442   7.02630    39.08972
T-A        0.00000    0.00000    0.00000    0.00000    0.00000    0.00000    0.13720    -0.49368   3.25104    0.28349    1.93659    32.55858
G-C        0.00000    0.00000    0.00000    0.00000    0.00000    0.00000    0.03538    0.00327    3.41004    1.69059    4.52914    38.28987
T-A        0.00000    0.00000    0.00000    0.00000    0.00000    0.00000    -0.06482   -0.48285   3.19112    0.80228    2.44084    33.10002
C-G        0.00000    0.00000    0.00000    0.00000    0.00000    0.00000    0.15513    -0.05210   3.19664    1.54397    -0.57862   37.55625
G-C        0.00000    0.00000    0.00000    0.00000    0.00000    0.00000    0.01251    0.73711    3.32830    0.96093    3.12549    37.23377
A-T        0.00000    0.00000    0.00000    0.00000    0.00000    0.00000    -0.10389   -0.05079   3.20776    -0.82281   -0.89904   37.81052
C-G        0.00000    0.00000    0.00000    0.00000    0.00000    0.00000    -0.15060   -0.77138   3.23186    -0.79576   1.71144    33.67583
C-G        0.00000    0.00000    0.00000    0.00000    0.00000    0.00000    0.00452    -0.35442   3.39358    -0.41804   5.41280    34.37098
A-T        0.00000    0.00000    0.00000    0.00000    0.00000    0.00000    -0.13805   0.97285    3.34283    -1.48178   3.57176    38.99243
A-T        0.00000    0.00000    0.00000    0.00000    0.00000    0.00000    0.04875    -0.08449   3.28505    0.17549    1.35129    36.75791
A-T        0.00000    0.00000    0.00000    0.00000    0.00000    0.00000    0.01317    -0.35767   3.27261    0.29622    -1.76609   37.05182
T-A        0.00000    0.00000    0.00000    0.00000    0.00000    0.00000    0.04552    -0.62530   3.28002    0.80852    0.20967    32.91003
G-C        0.00000    0.00000    0.00000    0.00000    0.00000    0.00000    -0.26900   -1.09600   3.26900    0.63600    -9.99000   39.98700
T-A        0.00000    0.00000    0.00000    0.00000    0.00000    0.00000    -0.92900   -1.59300   3.28000    -2.05000   -8.65500   31.94100
G-C        0.00000    0.00000    0.00000    0.00000    0.00000    0.00000    -0.32200   -0.59400   3.18200    -1.64600   -0.33600   39.43500
A-T        0.00000    0.00000    0.00000    0.00000    0.00000    0.00000    0.11900    -0.98200   3.10500    2.86100    -6.38100   31.81100
G-C        0.00000    0.00000    0.00000    0.00000    0.00000    0.00000    0.96000    -0.48300   2.89600    -0.90300   -7.59200   33.58400
C-G        0.00000    0.00000    0.00000    0.00000    0.00000    0.00000    -0.71600   -0.08600   3.08800    11.71100   -4.91100   33.31200
G-C        0.00000    0.00000    0.00000    0.00000    0.00000    0.00000    -0.04900   1.55300    5.41000    -0.16700   60.14300   13.21900
C-G        0.00000    0.00000    0.00000    0.00000    0.00000    0.00000    0.67600    -0.12300   3.12600    -12.51500  -5.65100   33.20700
T-A        0.00000    0.00000    0.00000    0.00000    0.00000    0.00000    -0.92900   -0.52700   2.87900    1.17300    -8.55000   33.48600
C-G        0.00000    0.00000    0.00000    0.00000    0.00000    0.00000    -0.13400   -1.01800   3.05000    -2.62400   -6.07100   32.10600
A-T        0.00000    0.00000    0.00000    0.00000    0.00000    0.00000    0.37700    -0.59600   3.22600    2.13800    -0.62100   39.43900
C-G        0.00000    0.00000    0.00000    0.00000    0.00000    0.00000    0.90500    -1.56500   3.20700    2.31400    -8.20500   32.14800
A-T        0.00000    0.00000    0.00000    0.00000    0.00000    0.00000    0.52900    -0.91300   3.45600    1.68400    -11.70900  37.49000
