147 # base pairs
  0 # ***local base-pair & step parameters***
#          Shear      Stretch    Stagger    Buckle     Prop-Tw    Opening    Shift      Slide      Rise       Tilt       Roll       Twist
T-A        0.00000    0.00000    0.00000    0.00000    0.00000    0.00000    0.00000    0.00000    0.00000    0.00000    0.00000    0.00000
G-C        0.00000    0.00000    0.00000    0.00000    0.00000    0.00000    -0.52900   -0.91400   3.45700    -1.68900   -11.71200  37.48600
T-A        0.00000    0.00000    0.00000    0.00000    0.00000    0.00000    -0.90500   -1.56600   3.20600    -2.28600   -8.20700   32.14700
G-C        0.00000    0.00000    0.00000    0.00000    0.00000    0.00000    -0.37800   -0.59600   3.22500    -2.16700   -0.60300   39.43900
A-T        0.00000    0.00000    0.00000    0.00000    0.00000    0.00000    0.13400    -1.01800   3.05000    2.61000    -6.09300   32.09300
G-C        0.00000    0.00000    0.00000    0.00000    0.00000    0.00000    0.92900    -0.52800   2.87800    -1.17000   -8.57000   33.49400
C-G        0.00000    0.00000    0.00000    0.00000    0.00000    0.00000    -0.67600   -0.12200   3.12700    12.55900   -5.64700   33.21100
G-C        0.00000    0.00000    0.00000    0.00000    0.00000    0.00000    0.04900    1.55300    5.41000    0.14200    60.15100   13.21000
C-G        0.00000    0.00000    0.00000    0.00000    0.00000    0.00000    0.71500    -0.08700   3.08800    -11.72400  -4.90600   33.28700
T-A        0.00000    0.00000    0.00000    0.00000    0.00000    0.00000    -0.96000   -0.48500   2.89400    0.89600    -7.58500   33.58500
C-G        0.00000    0.00000    0.00000    0.00000    0.00000    0.00000    -0.12000   -0.98300   3.10600    -2.86200   -6.42300   31.82500
A-T        0.00000    0.00000    0.00000    0.00000    0.00000    0.00000    0.32200    -0.59300   3.18200    1.65600    -0.34900   39.43600
C-G        0.00000    0.00000    0.00000    0.00000    0.00000    0.00000    0.92900    -1.59300   3.28000    2.06100    -8.65300   31.94300
A-T        0.00000    0.00000    0.00000    0.00000    0.00000    0.00000    0.27000    -1.09600   3.26800    -0.64500   -9.98900   39.97000
A-T        0.00000    0.00000    0.00000    0.00000    0.00000    0.00000    0.16134    -0.19935   3.26209    2.73291    -0.35148   36.75356
T-A        0.00000    0.00000    0.00000    0.00000    0.00000    0.00000    0.01358    -0.75970   3.33834    0.65255    -3.91699   33.39149
T-A        0.00000    0.00000    0.00000    0.00000    0.00000    0.00000    -0.01366   -0.42084   3.24307    0.00521    -5.04777   36.75677
T-A        0.00000    0.00000    0.00000    0.00000    0.00000    0.00000    -0.10006   -0.37905   3.28024    -0.92108   -4.65260   36.19798
A-T        0.00000    0.00000    0.00000    0.00000    0.00000    0.00000    -0.07835   0.40756    3.39982    -2.92802   -1.03579   39.91238
T-A        0.00000    0.00000    0.00000    0.00000    0.00000    0.00000    -0.05092   -0.68209   3.23134    -1.74458   0.43582    31.80217
T-A        0.00000    0.00000    0.00000    0.00000    0.00000    0.00000    -0.07492   -0.25220   3.25046    -0.95808   3.12611    34.00083
C-G        0.00000    0.00000    0.00000    0.00000    0.00000    0.00000    0.05503    0.01280    3.27796    0.25275    4.31684    35.63357
G-C        0.00000    0.00000    0.00000    0.00000    0.00000    0.00000    0.42555    0.54053    3.39468    3.39833    11.52916   33.79029
C-G        0.00000    0.00000    0.00000    0.00000    0.00000    0.00000    0.02027    -0.41557   3.25590    0.31292    3.21390    31.97352
A-T        0.00000    0.00000    0.00000    0.00000    0.00000    0.00000    0.25417    0.58617    3.35246    2.40360    1.98906    37.58752
A-T        0.00000    0.00000    0.00000    0.00000    0.00000    0.00000    0.15421    -0.25437   3.29386    1.00446    -2.67428   36.60561
A-T        0.00000    0.00000    0.00000    0.00000    0.00000    0.00000    -0.05858   -0.34463   3.26551    -0.99886   -4.65527   37.21119
G-C        0.00000    0.00000    0.00000    0.00000    0.00000    0.00000    -0.01717   -0.42599   3.37129    -0.77686   0.91921    34.18007
G-C        0.00000    0.00000    0.00000    0.00000    0.00000    0.00000    -0.19703   -0.22015   3.44530    -2.71670   2.83530    36.41515
C-G        0.00000    0.00000    0.00000    0.00000    0.00000    0.00000    -0.27303   -0.38154   3.26364    -2.25130   3.45932    34.33241
C-G        0.00000    0.00000    0.00000    0.00000    0.00000    0.00000    -0.30379   -0.18630   3.31598    -1.65276   5.74091    33.71537
G-C        0.00000    0.00000    0.00000    0.00000    0.00000    0.00000    0.04461    0.31321    3.11399    -0.01222   8.72824    31.29042
G-C        0.00000    0.00000    0.00000    0.00000    0.00000    0.00000    0.33464    -0.22971   3.32595    1.51287    5.71800    33.62944
C-G        0.00000    0.00000    0.00000    0.00000    0.00000    0.00000    0.25795    -0.43184   3.26722    1.96529    3.65931    34.19824
C-G        0.00000    0.00000    0.00000    0.00000    0.00000    0.00000    0.40505    -0.32426   3.40860    3.02789    2.80604    34.89101
C-G        0.00000    0.00000    0.00000    0.00000    0.00000    0.00000    0.17779    -0.23465   3.39410    3.22146    2.36739    35.52008
G-C        0.00000    0.00000    0.00000    0.00000    0.00000    0.00000    -0.17699   1.11374    3.36161    -0.90417   1.80399    36.18220
A-T        0.00000    0.00000    0.00000    0.00000    0.00000    0.00000    -0.14423   -0.05670   3.18019    -1.35246   -0.69900   36.71519
C-G        0.00000    0.00000    0.00000    0.00000    0.00000    0.00000    0.05801    -0.50406   3.19340    -0.68182   1.94857    32.14711
A-T        0.00000    0.00000    0.00000    0.00000    0.00000    0.00000    -0.05241   -0.01348   3.36640    -1.76155   4.12734    36.71664
C-G        0.00000    0.00000    0.00000    0.00000    0.00000    0.00000    0.15594    -0.50243   3.24903    -0.58695   3.71998    31.57611
G-C        0.00000    0.00000    0.00000    0.00000    0.00000    0.00000    0.00818    0.53304    3.32165    0.09141    5.83517    36.41735
A-T        0.00000    0.00000    0.00000    0.00000    0.00000    0.00000    -0.03645   -0.05664   3.18736    -0.21778   0.51377    36.46172
C-G        0.00000    0.00000    0.00000    0.00000    0.00000    0.00000    -0.10322   -0.65261   3.24031    0.92290    3.41127    32.56844
T-A        0.00000    0.00000    0.00000    0.00000    0.00000    0.00000    0.05368    -0.70110   3.55685    0.69962    2.18385    35.58076
T-A        0.00000    0.00000    0.00000    0.00000    0.00000    0.00000    -0.06079   -0.32685   3.22952    -0.23374   -1.44756   32.62992
A-T        0.00000    0.00000    0.00000    0.00000    0.00000    0.00000    0.00601    0.41618    3.38692    0.16951    -2.04441   41.77494
C-G        0.00000    0.00000    0.00000    0.00000    0.00000    0.00000    -0.04850   -0.69393   3.29010    -0.15081   0.58219    32.90745
T-A        0.00000    0.00000    0.00000    0.00000    0.00000    0.00000    -0.01373   -0.41744   3.37102    -0.57766   4.38307    33.25198
G-C        0.00000    0.00000    0.00000    0.00000    0.00000    0.00000    0.01318    0.05479    3.38074    -1.75305   7.04567    35.24213
T-A        0.00000    0.00000    0.00000    0.00000    0.00000    0.00000    -0.01525   -0.54199   3.16759    -0.34432   3.22903    30.77402
A-T        0.00000    0.00000    0.00000    0.00000    0.00000    0.00000    0.08772    0.06426    3.35242    0.27714    6.86354    36.16183
G-C        0.00000    0.00000    0.00000    0.00000    0.00000    0.00000    -0.20719   -0.20210   3.23872    0.29202    6.03792    31.37207
G-C        0.00000    0.00000    0.00000    0.00000    0.00000    0.00000    0.07181    -0.75495   3.53648    1.08260    5.03559    34.50512
T-A        0.00000    0.00000    0.00000    0.00000    0.00000    0.00000    0.15566    -0.50678   3.25101    1.07242    0.40161    31.88464
A-T        0.00000    0.00000    0.00000    0.00000    0.00000    0.00000    0.03750    -0.41242   3.38513    0.84902    1.74968    37.04432
T-A        0.00000    0.00000    0.00000    0.00000    0.00000    0.00000    -0.04999   -0.74537   3.22465    -0.07116   -1.81930   32.05070
C-G        0.00000    0.00000    0.00000    0.00000    0.00000    0.00000    0.07982    -0.30257   3.38496    -0.88394   -0.22856   39.19813
T-A        0.00000    0.00000    0.00000    0.00000    0.00000    0.00000    0.07001    -0.32686   3.34737    -0.69984   3.24318    32.84446
C-G        0.00000    0.00000    0.00000    0.00000    0.00000    0.00000    -0.09188   -0.00930   3.37456    -0.76179   2.21135    36.50653
G-C        0.00000    0.00000    0.00000    0.00000    0.00000    0.00000    -0.07857   0.53768    3.32231    -1.28723   11.82081   31.62103
A-T        0.00000    0.00000    0.00000    0.00000    0.00000    0.00000    -0.12019   0.12843    3.30637    -1.68202   3.61244    35.69410
G-C        0.00000    0.00000    0.00000    0.00000    0.00000    0.00000    0.07631    -0.24672   3.32148    0.57497    4.31825    32.18581
C-G        0.00000    0.00000    0.00000    0.00000    0.00000    0.00000    0.08914    -0.48502   3.39335    1.17302    2.26701    35.96878
T-A        0.00000    0.00000    0.00000    0.00000    0.00000    0.00000    0.06084    -0.12126   3.30890    2.15488    1.21506    33.24786
C-G        0.00000    0.00000    0.00000    0.00000    0.00000    0.00000    0.21795    0.25349    3.29051    2.38258    0.30440    37.76247
G-C        0.00000    0.00000    0.00000    0.00000    0.00000    0.00000    0.16833    1.12655    3.36224    0.82328    1.55028    36.16474
G-C        0.00000    0.00000    0.00000    0.00000    0.00000    0.00000    -0.19708   -0.23211   3.39063    -3.50452   2.18699    35.38309
G-C        0.00000    0.00000    0.00000    0.00000    0.00000    0.00000    -0.22122   -0.25273   3.34465    -1.58402   5.79998    33.40883
A-T        0.00000    0.00000    0.00000    0.00000    0.00000    0.00000    -0.11708   -0.26573   3.33027    -1.28235   2.12029    36.81364
T-A        0.00000    0.00000    0.00000    0.00000    0.00000    0.00000    -0.03405   -0.63676   3.23021    -0.37993   2.65413    31.45016
C-G        0.00000    0.00000    0.00000    0.00000    0.00000    0.00000    0.03561    -0.23021   3.30452    0.34199    3.56820    36.19628
C-G        0.00000    0.00000    0.00000    0.00000    0.00000    0.00000    -0.10852   -0.15044   3.27725    0.00365    7.45197    32.06632
G-C        0.00000    0.00000    0.00000    0.00000    0.00000    0.00000    0.08180    0.43689    3.32517    2.03408    7.47929    34.69195
C-G        0.00000    0.00000    0.00000    0.00000    0.00000    0.00000    0.26714    -0.50260   3.43956    2.18202    0.66991    35.82319
T-A        0.00000    0.00000    0.00000    0.00000    0.00000    0.00000    0.46525    -0.42441   3.47139    4.35251    -0.42867   36.06351
T-A        0.00000    0.00000    0.00000    0.00000    0.00000    0.00000    0.05610    -0.34268   3.26807    0.92484    -5.05294   37.41432
T-A        0.00000    0.00000    0.00000    0.00000    0.00000    0.00000    -0.04731   -0.36557   3.29212    -0.72294   -4.41450   36.73852
A-T        0.00000    0.00000    0.00000    0.00000    0.00000    0.00000    -0.19340   0.65104    3.31059    -1.96620   -1.93234   39.00233
A-T        0.00000    0.00000    0.00000    0.00000    0.00000    0.00000    -0.05643   -0.20172   3.19177    -1.94436   1.37779    35.02556
C-G        0.00000    0.00000    0.00000    0.00000    0.00000    0.00000    -0.10265   -0.63884   3.30664    -1.46607   2.30116    32.95854
A-T        0.00000    0.00000    0.00000    0.00000    0.00000    0.00000    -0.02526   -0.03302   3.39006    -0.11419   7.94221    35.62691
C-G        0.00000    0.00000    0.00000    0.00000    0.00000    0.00000    0.21506    -0.58153   3.28004    1.58519    3.30263    32.53080
T-A        0.00000    0.00000    0.00000    0.00000    0.00000    0.00000    -0.12565   -0.69337   3.31898    3.40379    6.31485    33.69166
C-G        0.00000    0.00000    0.00000    0.00000    0.00000    0.00000    0.60555    0.14515    3.27720    4.67889    2.88317    36.61523
A-T        0.00000    0.00000    0.00000    0.00000    0.00000    0.00000    -0.23454   0.16668    3.36748    2.62066    4.58082    35.54918
T-A        0.00000    0.00000    0.00000    0.00000    0.00000    0.00000    0.03911    -0.52755   3.27958    0.16453    -0.96958   32.70696
G-C        0.00000    0.00000    0.00000    0.00000    0.00000    0.00000    -0.15817   -0.14576   3.42313    -2.46164   -2.00362   40.66655
T-A        0.00000    0.00000    0.00000    0.00000    0.00000    0.00000    -0.09885   -0.60664   3.37696    -2.20980   -2.52900   35.68077
T-A        0.00000    0.00000    0.00000    0.00000    0.00000    0.00000    -0.12143   -0.22871   3.20146    -2.60528   1.04615    36.89929
A-T        0.00000    0.00000    0.00000    0.00000    0.00000    0.00000    -0.07014   0.28426    3.37317    -2.03148   4.42096    38.60331
T-A        0.00000    0.00000    0.00000    0.00000    0.00000    0.00000    -0.02942   -0.71885   3.18911    -0.27915   2.44239    32.08523
A-T        0.00000    0.00000    0.00000    0.00000    0.00000    0.00000    0.00317    0.35069    3.34793    1.39250    6.12984    37.57842
A-T        0.00000    0.00000    0.00000    0.00000    0.00000    0.00000    0.09362    -0.20551   3.18021    2.71160    2.89535    36.16436
C-G        0.00000    0.00000    0.00000    0.00000    0.00000    0.00000    0.16816    -0.69441   3.38601    2.13927    -0.78359   35.58939
G-C        0.00000    0.00000    0.00000    0.00000    0.00000    0.00000    0.29113    0.27662    3.29976    5.34570    -3.47954   42.36501
G-C        0.00000    0.00000    0.00000    0.00000    0.00000    0.00000    -0.06119   -0.15304   3.32953    0.11402    2.26692    34.45756
A-T        0.00000    0.00000    0.00000    0.00000    0.00000    0.00000    -0.11960   -0.34609   3.42597    -0.89510   -3.59356   40.22306
T-A        0.00000    0.00000    0.00000    0.00000    0.00000    0.00000    -0.10551   -0.77717   3.30478    -1.60625   -2.49531   32.68207
T-A        0.00000    0.00000    0.00000    0.00000    0.00000    0.00000    -0.02126   -0.34628   3.27866    -1.79201   -2.15190   37.43178
T-A        0.00000    0.00000    0.00000    0.00000    0.00000    0.00000    -0.06835   -0.06074   3.26459    -1.29087   4.35008    35.80468
A-T        0.00000    0.00000    0.00000    0.00000    0.00000    0.00000    -0.00297   0.33213    3.34839    -0.51830   6.96404    37.72462
T-A        0.00000    0.00000    0.00000    0.00000    0.00000    0.00000    -0.06885   -0.69768   3.10564    1.14420    5.19871    29.43872
G-C        0.00000    0.00000    0.00000    0.00000    0.00000    0.00000    0.02600    -0.24279   3.32938    0.88781    6.46958    37.64065
C-G        0.00000    0.00000    0.00000    0.00000    0.00000    0.00000    0.20141    -0.37743   3.36629    2.39188    1.00450    35.85247
T-A        0.00000    0.00000    0.00000    0.00000    0.00000    0.00000    0.61690    -0.40861   3.51290    6.05289    -0.99112   37.56045
T-A        0.00000    0.00000    0.00000    0.00000    0.00000    0.00000    0.09608    -0.27881   3.23943    0.84388    -2.47528   37.19768
C-G        0.00000    0.00000    0.00000    0.00000    0.00000    0.00000    0.01225    -0.22753   3.46756    -0.76421   -4.62301   41.87018
C-G        0.00000    0.00000    0.00000    0.00000    0.00000    0.00000    -0.41586   -0.04962   3.30430    -3.45461   4.93650    34.51407
G-C        0.00000    0.00000    0.00000    0.00000    0.00000    0.00000    -0.50252   0.41474    3.13902    -4.88608   5.79861    33.62883
G-C        0.00000    0.00000    0.00000    0.00000    0.00000    0.00000    -0.18199   -0.13992   3.32491    -3.83707   6.19745    35.64945
C-G        0.00000    0.00000    0.00000    0.00000    0.00000    0.00000    0.05543    -0.57513   3.28486    -1.27481   4.41708    35.26167
T-A        0.00000    0.00000    0.00000    0.00000    0.00000    0.00000    -0.06643   -0.25320   3.32817    0.88518    7.44914    33.23888
C-G        0.00000    0.00000    0.00000    0.00000    0.00000    0.00000    0.42288    0.35914    3.22721    6.21115    5.02121    36.58790
G-C        0.00000    0.00000    0.00000    0.00000    0.00000    0.00000    0.26670    0.55716    3.30854    5.39437    4.66361    37.89076
T-A        0.00000    0.00000    0.00000    0.00000    0.00000    0.00000    0.29160    -0.73832   3.31914    1.61900    1.09637    34.35224
A-T        0.00000    0.00000    0.00000    0.00000    0.00000    0.00000    0.02744    -0.19439   3.37443    1.66114    -3.01778   40.26084
T-A        0.00000    0.00000    0.00000    0.00000    0.00000    0.00000    -0.02851   -0.68930   3.26482    -0.10365   -3.81044   32.87891
A-T        0.00000    0.00000    0.00000    0.00000    0.00000    0.00000    -0.12456   0.55486    3.56867    -1.66746   -10.01758  50.05319
A-T        0.00000    0.00000    0.00000    0.00000    0.00000    0.00000    -0.12495   -0.30148   3.25764    -2.12851   -0.04603   36.80750
T-A        0.00000    0.00000    0.00000    0.00000    0.00000    0.00000    -0.00894   -0.56627   3.27846    -1.24034   0.57564    33.07535
G-C        0.00000    0.00000    0.00000    0.00000    0.00000    0.00000    -0.05522   0.05172    3.55384    -1.67566   7.97220    39.08212
T-A        0.00000    0.00000    0.00000    0.00000    0.00000    0.00000    0.14338    -0.47532   3.23719    -0.15271   2.86507    32.46551
G-C        0.00000    0.00000    0.00000    0.00000    0.00000    0.00000    0.07220    0.00024    3.41257    1.68895    5.89400    37.87829
T-A        0.00000    0.00000    0.00000    0.00000    0.00000    0.00000    -0.04716   -0.46411   3.18238    1.21814    3.08727    33.10362
C-G        0.00000    0.00000    0.00000    0.00000    0.00000    0.00000    0.22078    -0.04972   3.18837    2.27542    -0.45455   37.51524
G-C        0.00000    0.00000    0.00000    0.00000    0.00000    0.00000    0.06392    0.75109    3.32850    2.50823    2.02550    37.92814
A-T        0.00000    0.00000    0.00000    0.00000    0.00000    0.00000    -0.06729   -0.05329   3.21976    -0.37948   -1.33649   38.17800
C-G        0.00000    0.00000    0.00000    0.00000    0.00000    0.00000    -0.16477   -0.77218   3.24140    -0.87382   1.20342    33.96100
C-G        0.00000    0.00000    0.00000    0.00000    0.00000    0.00000    -0.04573   -0.30490   3.39702    -0.78147   4.62035    34.95933
A-T        0.00000    0.00000    0.00000    0.00000    0.00000    0.00000    -0.24211   1.07795    3.33650    -2.31469   2.21373    39.93569
A-T        0.00000    0.00000    0.00000    0.00000    0.00000    0.00000    0.01973    -0.06283   3.28532    -0.20156   1.56360    36.91935
A-T        0.00000    0.00000    0.00000    0.00000    0.00000    0.00000    0.01408    -0.35175   3.27452    0.10623    -1.35098   37.05111
T-A        0.00000    0.00000    0.00000    0.00000    0.00000    0.00000    0.04967    -0.59690   3.27601    0.80696    0.86674    32.93754
G-C        0.00000    0.00000    0.00000    0.00000    0.00000    0.00000    -0.26900   -1.09600   3.26900    0.63600    -9.99000   39.98700
T-A        0.00000    0.00000    0.00000    0.00000    0.00000    0.00000    -0.92900   -1.59300   3.28000    -2.05000   -8.65500   31.94100
G-C        0.00000    0.00000    0.00000    0.00000    0.00000    0.00000    -0.32200   -0.59400   3.18200    -1.64600   -0.33600   39.43500
A-T        0.00000    0.00000    0.00000    0.00000    0.00000    0.00000    0.11900    -0.98200   3.10500    2.86100    -6.38100   31.81100
G-C        0.00000    0.00000    0.00000    0.00000    0.00000    0.00000    0.96000    -0.48300   2.89600    -0.90300   -7.59200   33.58400
C-G        0.00000    0.00000    0.00000    0.00000    0.00000    0.00000    -0.71600   -0.08600   3.08800    11.71100   -4.91100   33.31200
G-C        0.00000    0.00000    0.00000    0.00000    0.00000    0.00000    -0.04900   1.55300    5.41000    -0.16700   60.14300   13.21900
C-G        0.00000    0.00000    0.00000    0.00000    0.00000    0.00000    0.67600    -0.12300   3.12600    -12.51500  -5.65100   33.20700
T-A        0.00000    0.00000    0.00000    0.00000    0.00000    0.00000    -0.92900   -0.52700   2.87900    1.17300    -8.55000   33.48600
C-G        0.00000    0.00000    0.00000    0.00000    0.00000    0.00000    -0.13400   -1.01800   3.05000    -2.62400   -6.07100   32.10600
A-T        0.00000    0.00000    0.00000    0.00000    0.00000    0.00000    0.37700    -0.59600   3.22600    2.13800    -0.62100   39.43900
C-G        0.00000    0.00000    0.00000    0.00000    0.00000    0.00000    0.90500    -1.56500   3.20700    2.31400    -8.20500   32.14800
A-T        0.00000    0.00000    0.00000    0.00000    0.00000    0.00000    0.52900    -0.91300   3.45600    1.68400    -11.70900  37.49000
