147 # base pairs
  0 # ***local base-pair & step parameters***
#          Shear      Stretch    Stagger    Buckle     Prop-Tw    Opening    Shift      Slide      Rise       Tilt       Roll       Twist
T-A        0.00000    0.00000    0.00000    0.00000    0.00000    0.00000    0.00000    0.00000    0.00000    0.00000    0.00000    0.00000
G-C        0.00000    0.00000    0.00000    0.00000    0.00000    0.00000    -0.52900   -0.91400   3.45700    -1.68900   -11.71200  37.48600
T-A        0.00000    0.00000    0.00000    0.00000    0.00000    0.00000    -0.90500   -1.56600   3.20600    -2.28600   -8.20700   32.14700
G-C        0.00000    0.00000    0.00000    0.00000    0.00000    0.00000    -0.37800   -0.59600   3.22500    -2.16700   -0.60300   39.43900
A-T        0.00000    0.00000    0.00000    0.00000    0.00000    0.00000    0.13400    -1.01800   3.05000    2.61000    -6.09300   32.09300
G-C        0.00000    0.00000    0.00000    0.00000    0.00000    0.00000    0.92900    -0.52800   2.87800    -1.17000   -8.57000   33.49400
C-G        0.00000    0.00000    0.00000    0.00000    0.00000    0.00000    -0.67600   -0.12200   3.12700    12.55900   -5.64700   33.21100
G-C        0.00000    0.00000    0.00000    0.00000    0.00000    0.00000    0.04900    1.55300    5.41000    0.14200    60.15100   13.21000
C-G        0.00000    0.00000    0.00000    0.00000    0.00000    0.00000    0.71500    -0.08700   3.08800    -11.72400  -4.90600   33.28700
T-A        0.00000    0.00000    0.00000    0.00000    0.00000    0.00000    -0.96000   -0.48500   2.89400    0.89600    -7.58500   33.58500
C-G        0.00000    0.00000    0.00000    0.00000    0.00000    0.00000    -0.12000   -0.98300   3.10600    -2.86200   -6.42300   31.82500
A-T        0.00000    0.00000    0.00000    0.00000    0.00000    0.00000    0.32200    -0.59300   3.18200    1.65600    -0.34900   39.43600
C-G        0.00000    0.00000    0.00000    0.00000    0.00000    0.00000    0.92900    -1.59300   3.28000    2.06100    -8.65300   31.94300
A-T        0.00000    0.00000    0.00000    0.00000    0.00000    0.00000    0.27000    -1.09600   3.26800    -0.64500   -9.98900   39.97000
A-T        0.00000    0.00000    0.00000    0.00000    0.00000    0.00000    0.02359    -0.16397   3.24938    -0.23178   -1.06897   37.21403
T-A        0.00000    0.00000    0.00000    0.00000    0.00000    0.00000    -0.01916   -0.75035   3.32986    -0.44535   -3.14273   33.81625
T-A        0.00000    0.00000    0.00000    0.00000    0.00000    0.00000    -0.01568   -0.37721   3.26669    -0.75896   -2.85777   37.00672
T-A        0.00000    0.00000    0.00000    0.00000    0.00000    0.00000    -0.06189   -0.18871   3.26857    -0.78162   0.89040    35.82694
A-T        0.00000    0.00000    0.00000    0.00000    0.00000    0.00000    -0.01276   0.35059    3.38837    -0.76441   2.53434    39.40101
T-A        0.00000    0.00000    0.00000    0.00000    0.00000    0.00000    -0.02764   -0.68254   3.23738    -0.23960   0.48488    32.48643
T-A        0.00000    0.00000    0.00000    0.00000    0.00000    0.00000    0.03250    -0.20995   3.25147    1.59311    0.05248    36.78887
C-G        0.00000    0.00000    0.00000    0.00000    0.00000    0.00000    0.11664    0.01800    3.29758    1.28102    1.65130    37.53453
G-C        0.00000    0.00000    0.00000    0.00000    0.00000    0.00000    0.34607    0.58000    3.33526    2.40811    7.87556    34.33523
C-G        0.00000    0.00000    0.00000    0.00000    0.00000    0.00000    -0.05527   -0.41816   3.27332    -0.57322   2.66855    32.38106
A-T        0.00000    0.00000    0.00000    0.00000    0.00000    0.00000    -0.12351   0.71473    3.32880    -0.98811   0.28905    39.28439
A-T        0.00000    0.00000    0.00000    0.00000    0.00000    0.00000    0.02753    -0.17570   3.29225    -0.45638   -1.29154   36.93501
A-T        0.00000    0.00000    0.00000    0.00000    0.00000    0.00000    -0.07488   -0.30104   3.26624    -1.52065   -1.72834   37.17659
G-C        0.00000    0.00000    0.00000    0.00000    0.00000    0.00000    -0.02635   -0.46129   3.36952    -0.47293   3.78898    33.94939
G-C        0.00000    0.00000    0.00000    0.00000    0.00000    0.00000    -0.01808   -0.34333   3.46223    -0.92638   5.42426    36.41214
C-G        0.00000    0.00000    0.00000    0.00000    0.00000    0.00000    0.09680    -0.39048   3.27695    0.86902    4.09062    35.09689
C-G        0.00000    0.00000    0.00000    0.00000    0.00000    0.00000    -0.01612   -0.15869   3.34254    1.79790    4.94395    35.35408
G-C        0.00000    0.00000    0.00000    0.00000    0.00000    0.00000    0.26310    0.41183    3.13335    2.39893    5.76630    33.24357
G-C        0.00000    0.00000    0.00000    0.00000    0.00000    0.00000    0.38548    -0.19080   3.38348    1.86023    2.57478    35.26855
C-G        0.00000    0.00000    0.00000    0.00000    0.00000    0.00000    0.09249    -0.30049   3.30008    0.60203    1.30650    36.05876
C-G        0.00000    0.00000    0.00000    0.00000    0.00000    0.00000    0.26343    -0.24081   3.41520    0.14243    0.71469    36.76766
C-G        0.00000    0.00000    0.00000    0.00000    0.00000    0.00000    -0.07833   -0.33956   3.44420    -0.41181   2.48150    36.87505
G-C        0.00000    0.00000    0.00000    0.00000    0.00000    0.00000    -0.42631   1.08823    3.37526    -3.68402   3.32845    36.91864
A-T        0.00000    0.00000    0.00000    0.00000    0.00000    0.00000    -0.19559   -0.04544   3.18137    -1.76090   0.55808    37.01341
C-G        0.00000    0.00000    0.00000    0.00000    0.00000    0.00000    0.08086    -0.44226   3.15637    -0.06016   4.11628    32.65941
A-T        0.00000    0.00000    0.00000    0.00000    0.00000    0.00000    0.08170    0.02661    3.41884    0.33203    6.07587    37.44030
C-G        0.00000    0.00000    0.00000    0.00000    0.00000    0.00000    0.21796    -0.48823   3.27731    1.06328    3.46732    33.00912
G-C        0.00000    0.00000    0.00000    0.00000    0.00000    0.00000    0.19507    0.51753    3.33090    3.73688    3.58564    38.95490
A-T        0.00000    0.00000    0.00000    0.00000    0.00000    0.00000    0.05916    -0.05571   3.22868    0.82136    -0.93469   38.04602
C-G        0.00000    0.00000    0.00000    0.00000    0.00000    0.00000    0.00022    -0.58635   3.29423    0.62588    0.79270    34.16846
T-A        0.00000    0.00000    0.00000    0.00000    0.00000    0.00000    -0.01990   -0.72831   3.57396    -0.72986   -0.02953   37.09486
T-A        0.00000    0.00000    0.00000    0.00000    0.00000    0.00000    -0.01316   -0.22543   3.22247    -2.55784   -2.78806   36.27806
A-T        0.00000    0.00000    0.00000    0.00000    0.00000    0.00000    -0.07424   0.50971    3.40847    -1.17759   -1.09281   43.33165
C-G        0.00000    0.00000    0.00000    0.00000    0.00000    0.00000    -0.18150   -0.67196   3.23922    -0.73039   3.09729    33.41415
T-A        0.00000    0.00000    0.00000    0.00000    0.00000    0.00000    -0.01151   -0.34642   3.38252    -0.22549   5.74969    34.20663
G-C        0.00000    0.00000    0.00000    0.00000    0.00000    0.00000    0.06495    0.06009    3.43144    0.65943    9.81813    36.26548
T-A        0.00000    0.00000    0.00000    0.00000    0.00000    0.00000    0.07370    -0.57992   3.35341    1.49781    0.84263    34.79465
T-A        0.00000    0.00000    0.00000    0.00000    0.00000    0.00000    0.01105    -0.12981   3.26074    1.22556    0.11416    37.00088
C-G        0.00000    0.00000    0.00000    0.00000    0.00000    0.00000    0.26983    0.35517    3.34221    2.80460    -0.95665   39.41597
A-T        0.00000    0.00000    0.00000    0.00000    0.00000    0.00000    -0.33026   0.40245    3.36568    0.17562    3.95517    37.05767
T-A        0.00000    0.00000    0.00000    0.00000    0.00000    0.00000    -0.00515   -0.52299   3.28197    -0.29590   -0.33573   32.90845
G-C        0.00000    0.00000    0.00000    0.00000    0.00000    0.00000    -0.18195   -0.09942   3.47280    -2.97244   0.48227    40.56200
T-A        0.00000    0.00000    0.00000    0.00000    0.00000    0.00000    -0.08555   -0.61067   3.36196    -1.70323   -1.14039   35.33168
T-A        0.00000    0.00000    0.00000    0.00000    0.00000    0.00000    -0.10588   -0.20754   3.19095    -1.83254   2.42744    36.57725
A-T        0.00000    0.00000    0.00000    0.00000    0.00000    0.00000    -0.00647   0.37419    3.39016    -0.55231   3.78733    39.99064
T-A        0.00000    0.00000    0.00000    0.00000    0.00000    0.00000    0.00555    -0.70856   3.20927    0.64347    1.50377    32.59111
A-T        0.00000    0.00000    0.00000    0.00000    0.00000    0.00000    0.05221    0.44508    3.42640    2.08242    0.32312    42.15683
A-T        0.00000    0.00000    0.00000    0.00000    0.00000    0.00000    0.12643    -0.20879   3.23006    2.02784    -1.36048   38.14574
C-G        0.00000    0.00000    0.00000    0.00000    0.00000    0.00000    0.07000    -0.68487   3.43128    1.14792    -3.01783   36.22996
G-C        0.00000    0.00000    0.00000    0.00000    0.00000    0.00000    0.12380    0.22639    3.30167    1.60809    -4.11707   42.93150
G-C        0.00000    0.00000    0.00000    0.00000    0.00000    0.00000    -0.32737   -0.20324   3.33894    -1.98955   2.54451    34.47831
A-T        0.00000    0.00000    0.00000    0.00000    0.00000    0.00000    -0.21678   -0.18090   3.39670    -2.19294   -0.91379   39.07227
A-T        0.00000    0.00000    0.00000    0.00000    0.00000    0.00000    -0.08741   -0.23528   3.20889    -2.73813   3.52878    35.44453
G-C        0.00000    0.00000    0.00000    0.00000    0.00000    0.00000    -0.03061   -0.46178   3.36476    -0.77345   4.85186    33.88146
G-C        0.00000    0.00000    0.00000    0.00000    0.00000    0.00000    0.02183    -0.56181   3.48987    -0.00249   8.53325    36.27352
T-A        0.00000    0.00000    0.00000    0.00000    0.00000    0.00000    0.11956    -0.49477   3.19473    1.25066    3.72992    32.01758
A-T        0.00000    0.00000    0.00000    0.00000    0.00000    0.00000    0.11419    -0.46230   3.40440    2.50829    6.21286    36.91333
T-A        0.00000    0.00000    0.00000    0.00000    0.00000    0.00000    -0.06819   -0.70903   3.21764    1.59854    -0.62200   33.46761
C-G        0.00000    0.00000    0.00000    0.00000    0.00000    0.00000    0.09659    -0.21958   3.40562    0.68230    -0.86448   40.86783
T-A        0.00000    0.00000    0.00000    0.00000    0.00000    0.00000    0.14854    -0.33793   3.38675    0.47013    0.14602    35.42861
C-G        0.00000    0.00000    0.00000    0.00000    0.00000    0.00000    -0.17079   0.08873    3.42490    -2.21543   -2.58793   40.49607
G-C        0.00000    0.00000    0.00000    0.00000    0.00000    0.00000    -0.20534   0.72880    3.29885    -5.14638   3.34850    36.26740
A-T        0.00000    0.00000    0.00000    0.00000    0.00000    0.00000    -0.48503   0.47828    3.20079    -6.78571   2.91302    37.50356
G-C        0.00000    0.00000    0.00000    0.00000    0.00000    0.00000    0.02683    -0.19237   3.31050    -2.62955   5.31091    33.45487
C-G        0.00000    0.00000    0.00000    0.00000    0.00000    0.00000    -0.02815   -0.56931   3.35293    -0.44909   4.35058    35.49495
T-A        0.00000    0.00000    0.00000    0.00000    0.00000    0.00000    -0.05137   -0.24723   3.31821    1.47791    6.49065    33.00456
C-G        0.00000    0.00000    0.00000    0.00000    0.00000    0.00000    0.43423    0.37403    3.21881    6.17520    4.22662    36.60227
G-C        0.00000    0.00000    0.00000    0.00000    0.00000    0.00000    0.52411    1.10303    3.37690    5.11420    3.28328    36.71431
G-C        0.00000    0.00000    0.00000    0.00000    0.00000    0.00000    0.14471    -0.38094   3.44802    1.61480    1.68551    36.45801
G-C        0.00000    0.00000    0.00000    0.00000    0.00000    0.00000    0.05297    -0.20210   3.35778    1.25314    3.61680    35.43076
A-T        0.00000    0.00000    0.00000    0.00000    0.00000    0.00000    -0.11526   -0.32902   3.41233    -0.46610   -2.97046   39.81396
T-A        0.00000    0.00000    0.00000    0.00000    0.00000    0.00000    -0.04533   -0.60819   3.26059    -0.88050   -0.00980   32.95909
C-G        0.00000    0.00000    0.00000    0.00000    0.00000    0.00000    -0.01999   -0.26412   3.35826    -1.74797   0.14573    38.51458
C-G        0.00000    0.00000    0.00000    0.00000    0.00000    0.00000    -0.59458   -0.03049   3.26841    -4.05053   8.61179    33.07643
G-C        0.00000    0.00000    0.00000    0.00000    0.00000    0.00000    -0.00068   0.42554    3.36413    -0.88168   9.92085    34.56502
C-G        0.00000    0.00000    0.00000    0.00000    0.00000    0.00000    0.09420    -0.53608   3.42253    0.56004    2.14704    35.55291
T-A        0.00000    0.00000    0.00000    0.00000    0.00000    0.00000    0.38685    -0.43485   3.47533    3.92634    2.67553    35.89438
T-A        0.00000    0.00000    0.00000    0.00000    0.00000    0.00000    0.08045    -0.29891   3.26785    2.09893    -1.86234   37.17604
T-A        0.00000    0.00000    0.00000    0.00000    0.00000    0.00000    0.02857    -0.32156   3.28017    0.84936    -3.33750   36.59402
A-T        0.00000    0.00000    0.00000    0.00000    0.00000    0.00000    0.06070    1.04071    3.24490    0.80930    -10.47849  40.73811
A-T        0.00000    0.00000    0.00000    0.00000    0.00000    0.00000    -0.00539   -0.20244   3.25914    -1.16573   -5.06977   37.83445
C-G        0.00000    0.00000    0.00000    0.00000    0.00000    0.00000    -0.04545   -0.56170   3.38135    -1.10068   -1.80895   35.17663
A-T        0.00000    0.00000    0.00000    0.00000    0.00000    0.00000    -0.11005   0.01518    3.36108    -2.99356   2.88367    37.71225
C-G        0.00000    0.00000    0.00000    0.00000    0.00000    0.00000    0.08798    -0.67085   3.28422    -1.08918   2.02027    32.26951
T-A        0.00000    0.00000    0.00000    0.00000    0.00000    0.00000    -0.02292   -0.56391   3.51041    -1.62193   6.74880    36.25960
T-A        0.00000    0.00000    0.00000    0.00000    0.00000    0.00000    0.07107    -0.33001   3.23718    0.22209    1.56001    35.55695
T-A        0.00000    0.00000    0.00000    0.00000    0.00000    0.00000    0.04261    -0.14270   3.24627    0.44815    2.83720    34.95379
A-T        0.00000    0.00000    0.00000    0.00000    0.00000    0.00000    0.10921    0.23993    3.42499    1.69929    0.16045    40.64108
T-A        0.00000    0.00000    0.00000    0.00000    0.00000    0.00000    -0.08460   -0.74044   3.19132    1.35215    1.19719    29.27000
G-C        0.00000    0.00000    0.00000    0.00000    0.00000    0.00000    0.00765    -0.23903   3.30484    0.43258    5.12397    37.80524
C-G        0.00000    0.00000    0.00000    0.00000    0.00000    0.00000    0.08959    -0.37172   3.33116    -0.81660   0.10150    35.01833
T-A        0.00000    0.00000    0.00000    0.00000    0.00000    0.00000    -0.03746   -0.41596   3.44435    0.13387    1.18623    35.99097
T-A        0.00000    0.00000    0.00000    0.00000    0.00000    0.00000    -0.05685   -0.21430   3.20810    -1.10809   1.65885    34.73965
C-G        0.00000    0.00000    0.00000    0.00000    0.00000    0.00000    -0.04859   -0.22930   3.33758    -1.48768   3.61251    36.85814
C-G        0.00000    0.00000    0.00000    0.00000    0.00000    0.00000    -0.39613   -0.09833   3.27085    -2.52642   8.27994    32.33337
G-C        0.00000    0.00000    0.00000    0.00000    0.00000    0.00000    0.06674    0.32767    3.12353    0.35698    8.59420    31.71232
G-C        0.00000    0.00000    0.00000    0.00000    0.00000    0.00000    0.33759    -0.21041   3.33199    1.65742    5.45090    33.94679
C-G        0.00000    0.00000    0.00000    0.00000    0.00000    0.00000    0.33378    -0.59094   3.30627    1.52413    2.79502    34.64192
T-A        0.00000    0.00000    0.00000    0.00000    0.00000    0.00000    0.02327    -0.13955   3.31749    2.23612    1.52841    33.61671
C-G        0.00000    0.00000    0.00000    0.00000    0.00000    0.00000    0.17416    0.23884    3.30656    2.37098    0.35271    38.27890
G-C        0.00000    0.00000    0.00000    0.00000    0.00000    0.00000    -0.03558   0.48391    3.29274    -0.37611   1.55513    37.99833
T-A        0.00000    0.00000    0.00000    0.00000    0.00000    0.00000    0.21732    -0.76176   3.32289    -1.20991   1.55313    34.18871
A-T        0.00000    0.00000    0.00000    0.00000    0.00000    0.00000    -0.09362   -0.36873   3.40058    -1.23330   2.79581    37.69117
T-A        0.00000    0.00000    0.00000    0.00000    0.00000    0.00000    -0.02106   -0.71006   3.20336    -0.84407   -0.10893   31.55247
A-T        0.00000    0.00000    0.00000    0.00000    0.00000    0.00000    -0.04585   0.33448    3.38581    -0.37661   2.58547    38.99027
A-T        0.00000    0.00000    0.00000    0.00000    0.00000    0.00000    -0.04664   -0.26209   3.23791    0.07256    4.03883    35.16835
T-A        0.00000    0.00000    0.00000    0.00000    0.00000    0.00000    0.03277    -0.61961   3.26968    0.72143    0.77296    32.10305
G-C        0.00000    0.00000    0.00000    0.00000    0.00000    0.00000    0.01901    -0.10933   3.45334    0.87753    4.81729    38.18419
T-A        0.00000    0.00000    0.00000    0.00000    0.00000    0.00000    0.11532    -0.53486   3.27126    1.11407    -0.04123   32.02288
G-C        0.00000    0.00000    0.00000    0.00000    0.00000    0.00000    -0.04936   -0.03081   3.38784    1.36212    1.99551    38.15853
T-A        0.00000    0.00000    0.00000    0.00000    0.00000    0.00000    -0.11895   -0.52976   3.20224    -0.27997   1.30619    32.58092
C-G        0.00000    0.00000    0.00000    0.00000    0.00000    0.00000    0.00651    -0.06091   3.20524    -0.08424   -0.57722   37.17507
G-C        0.00000    0.00000    0.00000    0.00000    0.00000    0.00000    -0.10185   0.63913    3.31461    -2.23022   7.18546    34.08587
A-T        0.00000    0.00000    0.00000    0.00000    0.00000    0.00000    -0.17463   -0.04831   3.17277    -1.65819   0.26932    36.53859
C-G        0.00000    0.00000    0.00000    0.00000    0.00000    0.00000    -0.12361   -0.77494   3.20473    -0.35582   2.95621    32.62460
C-G        0.00000    0.00000    0.00000    0.00000    0.00000    0.00000    0.14370    -0.48465   3.38240    0.72114    7.16594    32.50100
A-T        0.00000    0.00000    0.00000    0.00000    0.00000    0.00000    0.11075    0.72576    3.34372    0.57753    6.26783    36.41797
A-T        0.00000    0.00000    0.00000    0.00000    0.00000    0.00000    0.13345    -0.15923   3.28505    1.04124    0.34546    36.10856
A-T        0.00000    0.00000    0.00000    0.00000    0.00000    0.00000    0.01349    -0.38292   3.26466    0.53444    -2.99583   36.88292
T-A        0.00000    0.00000    0.00000    0.00000    0.00000    0.00000    0.03497    -0.70596   3.28829    0.49633    -1.41890   32.52957
G-C        0.00000    0.00000    0.00000    0.00000    0.00000    0.00000    -0.26900   -1.09600   3.26900    0.63600    -9.99000   39.98700
T-A        0.00000    0.00000    0.00000    0.00000    0.00000    0.00000    -0.92900   -1.59300   3.28000    -2.05000   -8.65500   31.94100
G-C        0.00000    0.00000    0.00000    0.00000    0.00000    0.00000    -0.32200   -0.59400   3.18200    -1.64600   -0.33600   39.43500
A-T        0.00000    0.00000    0.00000    0.00000    0.00000    0.00000    0.11900    -0.98200   3.10500    2.86100    -6.38100   31.81100
G-C        0.00000    0.00000    0.00000    0.00000    0.00000    0.00000    0.96000    -0.48300   2.89600    -0.90300   -7.59200   33.58400
C-G        0.00000    0.00000    0.00000    0.00000    0.00000    0.00000    -0.71600   -0.08600   3.08800    11.71100   -4.91100   33.31200
G-C        0.00000    0.00000    0.00000    0.00000    0.00000    0.00000    -0.04900   1.55300    5.41000    -0.16700   60.14300   13.21900
C-G        0.00000    0.00000    0.00000    0.00000    0.00000    0.00000    0.67600    -0.12300   3.12600    -12.51500  -5.65100   33.20700
T-A        0.00000    0.00000    0.00000    0.00000    0.00000    0.00000    -0.92900   -0.52700   2.87900    1.17300    -8.55000   33.48600
C-G        0.00000    0.00000    0.00000    0.00000    0.00000    0.00000    -0.13400   -1.01800   3.05000    -2.62400   -6.07100   32.10600
A-T        0.00000    0.00000    0.00000    0.00000    0.00000    0.00000    0.37700    -0.59600   3.22600    2.13800    -0.62100   39.43900
C-G        0.00000    0.00000    0.00000    0.00000    0.00000    0.00000    0.90500    -1.56500   3.20700    2.31400    -8.20500   32.14800
A-T        0.00000    0.00000    0.00000    0.00000    0.00000    0.00000    0.52900    -0.91300   3.45600    1.68400    -11.70900  37.49000
