147 # base pairs
  0 # ***local base-pair & step parameters***
#          Shear      Stretch    Stagger    Buckle     Prop-Tw    Opening    Shift      Slide      Rise       Tilt       Roll       Twist
T-A        0.00000    0.00000    0.00000    0.00000    0.00000    0.00000    0.00000    0.00000    0.00000    0.00000    0.00000    0.00000
G-C        0.00000    0.00000    0.00000    0.00000    0.00000    0.00000    -0.52900   -0.91400   3.45700    -1.68900   -11.71200  37.48600
T-A        0.00000    0.00000    0.00000    0.00000    0.00000    0.00000    -0.90500   -1.56600   3.20600    -2.28600   -8.20700   32.14700
G-C        0.00000    0.00000    0.00000    0.00000    0.00000    0.00000    -0.37800   -0.59600   3.22500    -2.16700   -0.60300   39.43900
A-T        0.00000    0.00000    0.00000    0.00000    0.00000    0.00000    0.13400    -1.01800   3.05000    2.61000    -6.09300   32.09300
G-C        0.00000    0.00000    0.00000    0.00000    0.00000    0.00000    0.92900    -0.52800   2.87800    -1.17000   -8.57000   33.49400
C-G        0.00000    0.00000    0.00000    0.00000    0.00000    0.00000    -0.67600   -0.12200   3.12700    12.55900   -5.64700   33.21100
G-C        0.00000    0.00000    0.00000    0.00000    0.00000    0.00000    0.04900    1.55300    5.41000    0.14200    60.15100   13.21000
C-G        0.00000    0.00000    0.00000    0.00000    0.00000    0.00000    0.71500    -0.08700   3.08800    -11.72400  -4.90600   33.28700
T-A        0.00000    0.00000    0.00000    0.00000    0.00000    0.00000    -0.96000   -0.48500   2.89400    0.89600    -7.58500   33.58500
C-G        0.00000    0.00000    0.00000    0.00000    0.00000    0.00000    -0.12000   -0.98300   3.10600    -2.86200   -6.42300   31.82500
A-T        0.00000    0.00000    0.00000    0.00000    0.00000    0.00000    0.32200    -0.59300   3.18200    1.65600    -0.34900   39.43600
C-G        0.00000    0.00000    0.00000    0.00000    0.00000    0.00000    0.92900    -1.59300   3.28000    2.06100    -8.65300   31.94300
A-T        0.00000    0.00000    0.00000    0.00000    0.00000    0.00000    0.27000    -1.09600   3.26800    -0.64500   -9.98900   39.97000
A-T        0.00000    0.00000    0.00000    0.00000    0.00000    0.00000    0.01066    -0.28190   3.26052    -0.26608   -2.86004   37.29063
T-A        0.00000    0.00000    0.00000    0.00000    0.00000    0.00000    -0.02055   -0.69024   3.25096    -0.46482   -1.20869   32.10636
T-A        0.00000    0.00000    0.00000    0.00000    0.00000    0.00000    -0.05892   -0.24049   3.25195    -0.87452   -0.92186   36.81927
T-A        0.00000    0.00000    0.00000    0.00000    0.00000    0.00000    -0.05420   -0.20999   3.24583    -0.76147   0.39498    36.48592
A-T        0.00000    0.00000    0.00000    0.00000    0.00000    0.00000    -0.04158   0.32141    3.37637    -0.37089   3.61776    39.52753
T-A        0.00000    0.00000    0.00000    0.00000    0.00000    0.00000    0.00215    -0.65866   3.22210    0.21261    1.00570    31.50721
T-A        0.00000    0.00000    0.00000    0.00000    0.00000    0.00000    0.01880    -0.20218   3.24527    0.72295    0.38971    36.48675
C-G        0.00000    0.00000    0.00000    0.00000    0.00000    0.00000    0.14015    -0.07368   3.30753    1.38058    1.17091    38.06894
G-C        0.00000    0.00000    0.00000    0.00000    0.00000    0.00000    0.15637    0.45723    3.38164    1.75356    3.91818    36.90089
C-G        0.00000    0.00000    0.00000    0.00000    0.00000    0.00000    0.03263    -0.41130   3.35317    0.18192    0.88535    35.39559
A-T        0.00000    0.00000    0.00000    0.00000    0.00000    0.00000    -0.09475   0.34468    3.34599    -1.03172   2.75326    38.20960
A-T        0.00000    0.00000    0.00000    0.00000    0.00000    0.00000    -0.02510   -0.25415   3.25553    -0.97334   -1.59442   37.06537
A-T        0.00000    0.00000    0.00000    0.00000    0.00000    0.00000    -0.03291   -0.22095   3.24840    -0.90473   -0.02283   36.66916
G-C        0.00000    0.00000    0.00000    0.00000    0.00000    0.00000    -0.07252   -0.29416   3.32627    -1.28512   4.74975    33.90805
G-C        0.00000    0.00000    0.00000    0.00000    0.00000    0.00000    -0.03378   -0.26095   3.37392    -0.21867   6.26323    34.60673
C-G        0.00000    0.00000    0.00000    0.00000    0.00000    0.00000    0.06178    -0.45802   3.30612    0.79360    3.49511    34.53118
C-G        0.00000    0.00000    0.00000    0.00000    0.00000    0.00000    0.19251    -0.21835   3.37941    1.95172    5.07870    35.10945
G-C        0.00000    0.00000    0.00000    0.00000    0.00000    0.00000    0.22212    0.45777    3.38996    2.67175    4.99768    36.82610
G-C        0.00000    0.00000    0.00000    0.00000    0.00000    0.00000    0.13422    -0.24805   3.40190    1.16689    2.95943    35.83193
C-G        0.00000    0.00000    0.00000    0.00000    0.00000    0.00000    0.03450    -0.40469   3.36186    0.17540    0.67749    35.73355
C-G        0.00000    0.00000    0.00000    0.00000    0.00000    0.00000    -0.06487   -0.27193   3.40780    -0.86476   2.71068    35.86937
C-G        0.00000    0.00000    0.00000    0.00000    0.00000    0.00000    -0.18603   -0.29798   3.40104    -1.88702   3.72320    35.44539
G-C        0.00000    0.00000    0.00000    0.00000    0.00000    0.00000    -0.25633   0.37095    3.39319    -3.13198   6.50262    36.16583
A-T        0.00000    0.00000    0.00000    0.00000    0.00000    0.00000    -0.12389   -0.06531   3.29073    -1.23252   3.29654    37.42559
C-G        0.00000    0.00000    0.00000    0.00000    0.00000    0.00000    -0.06318   -0.62780   3.24017    0.09627    3.46118    32.91543
A-T        0.00000    0.00000    0.00000    0.00000    0.00000    0.00000    -0.00124   0.22881    3.37395    0.99331    7.58819    36.24793
C-G        0.00000    0.00000    0.00000    0.00000    0.00000    0.00000    0.03982    -0.63304   3.26800    1.50674    2.30297    33.31915
G-C        0.00000    0.00000    0.00000    0.00000    0.00000    0.00000    0.28538    0.46022    3.38778    3.53257    5.00134    36.80035
A-T        0.00000    0.00000    0.00000    0.00000    0.00000    0.00000    0.11565    -0.08955   3.33800    1.47650    -0.54887   39.13370
C-G        0.00000    0.00000    0.00000    0.00000    0.00000    0.00000    0.03233    -0.65055   3.33513    0.41447    -0.88210   34.38337
T-A        0.00000    0.00000    0.00000    0.00000    0.00000    0.00000    0.01910    -0.31146   3.36397    -0.61379   0.61337    35.20253
T-A        0.00000    0.00000    0.00000    0.00000    0.00000    0.00000    -0.06322   -0.26096   3.26132    -1.26640   -2.49138   37.65472
A-T        0.00000    0.00000    0.00000    0.00000    0.00000    0.00000    -0.13350   0.46625    3.39386    -1.98784   0.46414    41.78639
C-G        0.00000    0.00000    0.00000    0.00000    0.00000    0.00000    -0.10761   -0.62872   3.25327    -0.81991   2.95654    33.40746
T-A        0.00000    0.00000    0.00000    0.00000    0.00000    0.00000    -0.02001   -0.27989   3.32189    0.11224    5.87358    33.94827
G-C        0.00000    0.00000    0.00000    0.00000    0.00000    0.00000    0.11211    0.26215    3.37777    1.06380    7.73800    36.74456
T-A        0.00000    0.00000    0.00000    0.00000    0.00000    0.00000    0.09925    -0.61664   3.26077    1.16584    2.47921    33.58346
A-T        0.00000    0.00000    0.00000    0.00000    0.00000    0.00000    0.14508    0.68235    3.39689    2.21907    -2.27207   43.40401
G-C        0.00000    0.00000    0.00000    0.00000    0.00000    0.00000    0.04053    -0.29592   3.36167    1.40029    0.83666    35.23212
G-C        0.00000    0.00000    0.00000    0.00000    0.00000    0.00000    0.02822    -0.23431   3.41263    0.25293    1.30723    36.38679
T-A        0.00000    0.00000    0.00000    0.00000    0.00000    0.00000    -0.02732   -0.65807   3.33967    -0.99101   -0.99530   34.49623
A-T        0.00000    0.00000    0.00000    0.00000    0.00000    0.00000    -0.12837   0.75506    3.40705    -2.10290   -4.72245   44.73046
T-A        0.00000    0.00000    0.00000    0.00000    0.00000    0.00000    -0.04251   -0.66873   3.23660    -1.08433   0.15118    32.17820
C-G        0.00000    0.00000    0.00000    0.00000    0.00000    0.00000    -0.13636   -0.05165   3.30768    -1.57897   3.40949    38.10394
T-A        0.00000    0.00000    0.00000    0.00000    0.00000    0.00000    -0.01254   -0.27189   3.32363    0.17328    6.05779    34.14646
C-G        0.00000    0.00000    0.00000    0.00000    0.00000    0.00000    0.08696    -0.03346   3.29303    1.05415    3.86458    37.80530
G-C        0.00000    0.00000    0.00000    0.00000    0.00000    0.00000    0.29086    0.41135    3.40573    3.66712    7.11839    36.59592
A-T        0.00000    0.00000    0.00000    0.00000    0.00000    0.00000    0.18633    -0.07135   3.33639    2.32069    0.66111    39.21021
G-C        0.00000    0.00000    0.00000    0.00000    0.00000    0.00000    0.03591    -0.29234   3.37058    1.30972    0.75138    35.73333
C-G        0.00000    0.00000    0.00000    0.00000    0.00000    0.00000    0.03572    -0.38214   3.38358    0.32015    -0.23310   36.40861
T-A        0.00000    0.00000    0.00000    0.00000    0.00000    0.00000    -0.00433   -0.29960   3.37457    -0.83831   0.28998    35.86341
C-G        0.00000    0.00000    0.00000    0.00000    0.00000    0.00000    -0.16944   -0.08697   3.34322    -2.19059   -0.07189   39.45271
G-C        0.00000    0.00000    0.00000    0.00000    0.00000    0.00000    -0.33426   0.41313    3.40442    -4.15846   6.26723    36.86995
G-C        0.00000    0.00000    0.00000    0.00000    0.00000    0.00000    -0.22729   -0.22808   3.37515    -2.34887   6.43868    35.10062
G-C        0.00000    0.00000    0.00000    0.00000    0.00000    0.00000    -0.05277   -0.24991   3.36822    -0.70953   7.38940    34.70395
A-T        0.00000    0.00000    0.00000    0.00000    0.00000    0.00000    0.08747    -0.04089   3.29503    1.03745    4.26928    37.65992
T-A        0.00000    0.00000    0.00000    0.00000    0.00000    0.00000    0.03837    -0.65721   3.22290    1.05680    1.11464    31.80791
C-G        0.00000    0.00000    0.00000    0.00000    0.00000    0.00000    0.22966    -0.07054   3.31097    2.54133    1.03613    38.53055
C-G        0.00000    0.00000    0.00000    0.00000    0.00000    0.00000    0.28342    -0.20838   3.40722    2.72165    2.07682    36.39348
T-A        0.00000    0.00000    0.00000    0.00000    0.00000    0.00000    0.05395    -0.30486   3.37113    0.92620    -0.10924   35.77929
C-G        0.00000    0.00000    0.00000    0.00000    0.00000    0.00000    -0.06799   -0.10143   3.35086    -1.03520   -1.71154   39.78719
A-T        0.00000    0.00000    0.00000    0.00000    0.00000    0.00000    -0.21645   0.44225    3.34664    -2.67742   2.38611    39.16664
T-A        0.00000    0.00000    0.00000    0.00000    0.00000    0.00000    -0.04287   -0.66682   3.23760    -1.18421   -0.02678   32.19671
G-C        0.00000    0.00000    0.00000    0.00000    0.00000    0.00000    -0.08294   0.24744    3.37871    -1.90635   7.25650    36.77042
T-A        0.00000    0.00000    0.00000    0.00000    0.00000    0.00000    0.02411    -0.62608   3.23670    -0.65039   3.85799    33.13725
T-A        0.00000    0.00000    0.00000    0.00000    0.00000    0.00000    0.02004    -0.14723   3.23450    0.47908    2.99102    36.14799
A-T        0.00000    0.00000    0.00000    0.00000    0.00000    0.00000    0.13695    0.34014    3.38522    2.04004    3.45059    40.29270
T-A        0.00000    0.00000    0.00000    0.00000    0.00000    0.00000    0.04181    -0.67775   3.24520    1.19080    -0.62428   32.29445
A-T        0.00000    0.00000    0.00000    0.00000    0.00000    0.00000    0.10690    0.86718    3.40781    1.83401    -7.07564   45.68351
A-T        0.00000    0.00000    0.00000    0.00000    0.00000    0.00000    0.02152    -0.31032   3.27183    0.19741    -5.18700   38.26456
C-G        0.00000    0.00000    0.00000    0.00000    0.00000    0.00000    -0.05979   -0.64179   3.33426    -0.64087   -1.16989   34.33609
G-C        0.00000    0.00000    0.00000    0.00000    0.00000    0.00000    -0.32120   0.48857    3.37648    -3.98043   3.34045    37.13901
G-C        0.00000    0.00000    0.00000    0.00000    0.00000    0.00000    -0.34599   -0.21393   3.37654    -3.48077   4.63077    35.00832
A-T        0.00000    0.00000    0.00000    0.00000    0.00000    0.00000    -0.15836   -0.05049   3.27906    -1.91104   3.68416    37.03347
G-C        0.00000    0.00000    0.00000    0.00000    0.00000    0.00000    -0.01316   -0.29101   3.30298    -1.09160   6.54105    33.05903
C-G        0.00000    0.00000    0.00000    0.00000    0.00000    0.00000    0.09702    -0.49581   3.28056    0.88399    4.69335    33.82103
T-A        0.00000    0.00000    0.00000    0.00000    0.00000    0.00000    0.09991    -0.30863   3.31395    2.44288    5.30033    33.42120
T-A        0.00000    0.00000    0.00000    0.00000    0.00000    0.00000    0.05201    -0.24182   3.24767    1.66411    -0.52803   36.51731
T-A        0.00000    0.00000    0.00000    0.00000    0.00000    0.00000    0.03062    -0.28923   3.25874    1.46793    -2.99411   37.14413
A-T        0.00000    0.00000    0.00000    0.00000    0.00000    0.00000    0.01829    0.86462    3.39682    0.71786    -8.19522   45.16285
A-T        0.00000    0.00000    0.00000    0.00000    0.00000    0.00000    -0.01661   -0.30975   3.26513    -0.67549   -4.46432   37.48995
C-G        0.00000    0.00000    0.00000    0.00000    0.00000    0.00000    -0.09195   -0.62774   3.30163    -1.22548   0.00096    33.50666
A-T        0.00000    0.00000    0.00000    0.00000    0.00000    0.00000    -0.22444   0.33919    3.34263    -2.62497   4.81578    37.03463
C-G        0.00000    0.00000    0.00000    0.00000    0.00000    0.00000    -0.07773   -0.61645   3.24096    -1.14660   2.85061    32.51939
T-A        0.00000    0.00000    0.00000    0.00000    0.00000    0.00000    0.01291    -0.29506   3.30406    -0.42700   6.00734    32.73661
T-A        0.00000    0.00000    0.00000    0.00000    0.00000    0.00000    0.01358    -0.18277   3.22839    0.21111    3.09243    35.06683
T-A        0.00000    0.00000    0.00000    0.00000    0.00000    0.00000    0.03902    -0.21093   3.23435    1.02922    1.83437    35.40277
A-T        0.00000    0.00000    0.00000    0.00000    0.00000    0.00000    0.12836    0.29633    3.37139    2.02650    1.36867    39.53159
T-A        0.00000    0.00000    0.00000    0.00000    0.00000    0.00000    0.02062    -0.69676   3.24921    0.84651    -1.33993   31.74989
G-C        0.00000    0.00000    0.00000    0.00000    0.00000    0.00000    0.08022    0.34163    3.32745    0.93763    1.99332    37.69871
C-G        0.00000    0.00000    0.00000    0.00000    0.00000    0.00000    -0.07281   -0.39889   3.34507    -0.58994   0.53919    34.90658
T-A        0.00000    0.00000    0.00000    0.00000    0.00000    0.00000    -0.03598   -0.31296   3.33656    -1.19833   1.72741    33.80301
T-A        0.00000    0.00000    0.00000    0.00000    0.00000    0.00000    -0.07213   -0.24162   3.24603    -1.30319   -0.60904   36.17007
C-G        0.00000    0.00000    0.00000    0.00000    0.00000    0.00000    -0.10602   -0.07283   3.29253    -1.44464   2.89318    37.03717
C-G        0.00000    0.00000    0.00000    0.00000    0.00000    0.00000    -0.06128   -0.29838   3.36128    -0.70605   6.68820    33.64526
G-C        0.00000    0.00000    0.00000    0.00000    0.00000    0.00000    0.07564    0.32304    3.37503    0.73396    8.88423    34.48386
G-C        0.00000    0.00000    0.00000    0.00000    0.00000    0.00000    0.18135    -0.33044   3.37097    1.55251    6.12549    33.81047
C-G        0.00000    0.00000    0.00000    0.00000    0.00000    0.00000    0.15602    -0.45618   3.31182    1.62649    2.68784    34.22554
T-A        0.00000    0.00000    0.00000    0.00000    0.00000    0.00000    0.07860    -0.33047   3.33268    1.80964    2.53276    33.75958
C-G        0.00000    0.00000    0.00000    0.00000    0.00000    0.00000    0.07329    -0.11553   3.31657    0.69157    -0.11626   38.05139
G-C        0.00000    0.00000    0.00000    0.00000    0.00000    0.00000    -0.05646   0.44537    3.36698    -0.52891   3.42492    36.46970
T-A        0.00000    0.00000    0.00000    0.00000    0.00000    0.00000    -0.05548   -0.64758   3.29977    -0.95795   0.44047    33.21694
A-T        0.00000    0.00000    0.00000    0.00000    0.00000    0.00000    -0.09511   0.46856    3.37576    -1.33823   -0.15420   40.71575
T-A        0.00000    0.00000    0.00000    0.00000    0.00000    0.00000    -0.01893   -0.66749   3.22482    -0.53473   0.61443    31.28840
A-T        0.00000    0.00000    0.00000    0.00000    0.00000    0.00000    -0.01819   0.22498    3.36471    -0.43137   4.55120    38.21115
A-T        0.00000    0.00000    0.00000    0.00000    0.00000    0.00000    0.03373    -0.20278   3.23790    0.33962    1.48322    35.68192
T-A        0.00000    0.00000    0.00000    0.00000    0.00000    0.00000    0.02657    -0.67113   3.22468    0.49157    0.65904    31.24812
G-C        0.00000    0.00000    0.00000    0.00000    0.00000    0.00000    0.16105    0.25919    3.35065    1.43470    5.01638    36.74080
T-A        0.00000    0.00000    0.00000    0.00000    0.00000    0.00000    0.05077    -0.64601   3.29255    0.50617    0.71601    33.23814
G-C        0.00000    0.00000    0.00000    0.00000    0.00000    0.00000    0.06840    0.30421    3.34185    0.46068    3.17995    37.44946
T-A        0.00000    0.00000    0.00000    0.00000    0.00000    0.00000    -0.02362   -0.65203   3.30336    -0.50235   0.33910    33.35158
C-G        0.00000    0.00000    0.00000    0.00000    0.00000    0.00000    -0.07235   -0.10104   3.31538    -0.97260   0.80241    37.91736
G-C        0.00000    0.00000    0.00000    0.00000    0.00000    0.00000    -0.17181   0.39737    3.37501    -2.02978   6.10779    35.63958
A-T        0.00000    0.00000    0.00000    0.00000    0.00000    0.00000    -0.08875   -0.07347   3.29009    -0.85462   2.60206    37.12278
C-G        0.00000    0.00000    0.00000    0.00000    0.00000    0.00000    -0.02892   -0.62769   3.24982    0.07235    2.68140    32.57876
C-G        0.00000    0.00000    0.00000    0.00000    0.00000    0.00000    0.07604    -0.27421   3.36972    0.73314    5.82227    34.11387
A-T        0.00000    0.00000    0.00000    0.00000    0.00000    0.00000    0.03223    0.23768    3.35674    1.04211    5.92336    36.23354
A-T        0.00000    0.00000    0.00000    0.00000    0.00000    0.00000    0.05560    -0.24713   3.24948    0.78010    -0.81975   36.39804
A-T        0.00000    0.00000    0.00000    0.00000    0.00000    0.00000    0.04768    -0.27292   3.25459    0.54972    -1.95656   36.67565
T-A        0.00000    0.00000    0.00000    0.00000    0.00000    0.00000    0.00774    -0.69573   3.25221    0.10532    -1.47284   31.88730
G-C        0.00000    0.00000    0.00000    0.00000    0.00000    0.00000    -0.26900   -1.09600   3.26900    0.63600    -9.99000   39.98700
T-A        0.00000    0.00000    0.00000    0.00000    0.00000    0.00000    -0.92900   -1.59300   3.28000    -2.05000   -8.65500   31.94100
G-C        0.00000    0.00000    0.00000    0.00000    0.00000    0.00000    -0.32200   -0.59400   3.18200    -1.64600   -0.33600   39.43500
A-T        0.00000    0.00000    0.00000    0.00000    0.00000    0.00000    0.11900    -0.98200   3.10500    2.86100    -6.38100   31.81100
G-C        0.00000    0.00000    0.00000    0.00000    0.00000    0.00000    0.96000    -0.48300   2.89600    -0.90300   -7.59200   33.58400
C-G        0.00000    0.00000    0.00000    0.00000    0.00000    0.00000    -0.71600   -0.08600   3.08800    11.71100   -4.91100   33.31200
G-C        0.00000    0.00000    0.00000    0.00000    0.00000    0.00000    -0.04900   1.55300    5.41000    -0.16700   60.14300   13.21900
C-G        0.00000    0.00000    0.00000    0.00000    0.00000    0.00000    0.67600    -0.12300   3.12600    -12.51500  -5.65100   33.20700
T-A        0.00000    0.00000    0.00000    0.00000    0.00000    0.00000    -0.92900   -0.52700   2.87900    1.17300    -8.55000   33.48600
C-G        0.00000    0.00000    0.00000    0.00000    0.00000    0.00000    -0.13400   -1.01800   3.05000    -2.62400   -6.07100   32.10600
A-T        0.00000    0.00000    0.00000    0.00000    0.00000    0.00000    0.37700    -0.59600   3.22600    2.13800    -0.62100   39.43900
C-G        0.00000    0.00000    0.00000    0.00000    0.00000    0.00000    0.90500    -1.56500   3.20700    2.31400    -8.20500   32.14800
A-T        0.00000    0.00000    0.00000    0.00000    0.00000    0.00000    0.52900    -0.91300   3.45600    1.68400    -11.70900  37.49000
