147 # base pairs
  0 # ***local base-pair & step parameters***
#          Shear      Stretch    Stagger    Buckle     Prop-Tw    Opening    Shift      Slide      Rise       Tilt       Roll       Twist
T-A        0.00000    0.00000    0.00000    0.00000    0.00000    0.00000    0.00000    0.00000    0.00000    0.00000    0.00000    0.00000
G-C        0.00000    0.00000    0.00000    0.00000    0.00000    0.00000    -0.52900   -0.91400   3.45700    -1.68900   -11.71200  37.48600
T-A        0.00000    0.00000    0.00000    0.00000    0.00000    0.00000    -0.90500   -1.56600   3.20600    -2.28600   -8.20700   32.14700
G-C        0.00000    0.00000    0.00000    0.00000    0.00000    0.00000    -0.37800   -0.59600   3.22500    -2.16700   -0.60300   39.43900
A-T        0.00000    0.00000    0.00000    0.00000    0.00000    0.00000    0.13400    -1.01800   3.05000    2.61000    -6.09300   32.09300
G-C        0.00000    0.00000    0.00000    0.00000    0.00000    0.00000    0.92900    -0.52800   2.87800    -1.17000   -8.57000   33.49400
C-G        0.00000    0.00000    0.00000    0.00000    0.00000    0.00000    -0.67600   -0.12200   3.12700    12.55900   -5.64700   33.21100
G-C        0.00000    0.00000    0.00000    0.00000    0.00000    0.00000    0.04900    1.55300    5.41000    0.14200    60.15100   13.21000
C-G        0.00000    0.00000    0.00000    0.00000    0.00000    0.00000    0.71500    -0.08700   3.08800    -11.72400  -4.90600   33.28700
T-A        0.00000    0.00000    0.00000    0.00000    0.00000    0.00000    -0.96000   -0.48500   2.89400    0.89600    -7.58500   33.58500
C-G        0.00000    0.00000    0.00000    0.00000    0.00000    0.00000    -0.12000   -0.98300   3.10600    -2.86200   -6.42300   31.82500
A-T        0.00000    0.00000    0.00000    0.00000    0.00000    0.00000    0.32200    -0.59300   3.18200    1.65600    -0.34900   39.43600
C-G        0.00000    0.00000    0.00000    0.00000    0.00000    0.00000    0.92900    -1.59300   3.28000    2.06100    -8.65300   31.94300
A-T        0.00000    0.00000    0.00000    0.00000    0.00000    0.00000    0.27000    -1.09600   3.26800    -0.64500   -9.98900   39.97000
A-T        0.00000    0.00000    0.00000    0.00000    0.00000    0.00000    0.04115    -0.30763   3.25617    0.59646    -3.03468   36.65273
T-A        0.00000    0.00000    0.00000    0.00000    0.00000    0.00000    -0.01187   -0.70324   3.25649    -0.05106   -2.05701   31.83838
T-A        0.00000    0.00000    0.00000    0.00000    0.00000    0.00000    -0.06018   -0.29467   3.25485    -0.70544   -2.74473   36.60482
T-A        0.00000    0.00000    0.00000    0.00000    0.00000    0.00000    -0.07196   -0.25872   3.24776    -1.13229   -1.14280   36.21998
A-T        0.00000    0.00000    0.00000    0.00000    0.00000    0.00000    -0.09795   0.28550    3.36131    -1.46147   3.02021    38.63230
T-A        0.00000    0.00000    0.00000    0.00000    0.00000    0.00000    -0.01064   -0.66057   3.21176    -0.38668   1.45056    30.85509
T-A        0.00000    0.00000    0.00000    0.00000    0.00000    0.00000    -0.00334   -0.19547   3.23171    0.02476    2.19651    35.23811
C-G        0.00000    0.00000    0.00000    0.00000    0.00000    0.00000    0.11656    -0.07809   3.28037    1.12688    3.07926    36.72529
G-C        0.00000    0.00000    0.00000    0.00000    0.00000    0.00000    0.22487    0.37085    3.36846    2.67278    6.40817    35.30455
C-G        0.00000    0.00000    0.00000    0.00000    0.00000    0.00000    0.13171    -0.43370   3.32682    1.35137    1.76290    34.53922
A-T        0.00000    0.00000    0.00000    0.00000    0.00000    0.00000    -0.00247   0.28953    3.33822    0.52761    2.98150    37.29564
A-T        0.00000    0.00000    0.00000    0.00000    0.00000    0.00000    0.00352    -0.29355   3.25794    -0.28642   -2.86650   36.89689
A-T        0.00000    0.00000    0.00000    0.00000    0.00000    0.00000    -0.02052   -0.27435   3.25433    -0.75444   -2.07209   36.70735
G-C        0.00000    0.00000    0.00000    0.00000    0.00000    0.00000    -0.09433   -0.31003   3.32604    -1.76353   3.23692    33.64025
G-C        0.00000    0.00000    0.00000    0.00000    0.00000    0.00000    -0.17234   -0.26440   3.37112    -1.60167   5.39117    34.25283
C-G        0.00000    0.00000    0.00000    0.00000    0.00000    0.00000    -0.05516   -0.46256   3.29238    -0.56068   3.60623    33.90472
C-G        0.00000    0.00000    0.00000    0.00000    0.00000    0.00000    0.04044    -0.27673   3.36455    0.41792    6.22231    33.93700
G-C        0.00000    0.00000    0.00000    0.00000    0.00000    0.00000    0.14662    0.37192    3.37494    1.72208    7.48806    35.12743
G-C        0.00000    0.00000    0.00000    0.00000    0.00000    0.00000    0.17890    -0.30061   3.37996    1.60073    4.86544    34.40415
C-G        0.00000    0.00000    0.00000    0.00000    0.00000    0.00000    0.12080    -0.43116   3.32935    1.18201    1.79231    34.69099
C-G        0.00000    0.00000    0.00000    0.00000    0.00000    0.00000    0.10439    -0.28155   3.39510    0.85565    3.10165    35.06779
C-G        0.00000    0.00000    0.00000    0.00000    0.00000    0.00000    -0.01507   -0.29571   3.39691    -0.23765   3.04596    35.05659
G-C        0.00000    0.00000    0.00000    0.00000    0.00000    0.00000    -0.15311   0.40957    3.37286    -1.84270   4.56509    36.19302
A-T        0.00000    0.00000    0.00000    0.00000    0.00000    0.00000    -0.14023   -0.09231   3.29805    -1.36586   1.61186    37.46925
C-G        0.00000    0.00000    0.00000    0.00000    0.00000    0.00000    -0.07962   -0.63021   3.25536    -0.57345   2.36907    32.73693
A-T        0.00000    0.00000    0.00000    0.00000    0.00000    0.00000    -0.10328   0.21530    3.36123    -0.46313   7.18013    35.83028
C-G        0.00000    0.00000    0.00000    0.00000    0.00000    0.00000    -0.01079   -0.62809   3.24624    0.52429    2.88138    32.54674
G-C        0.00000    0.00000    0.00000    0.00000    0.00000    0.00000    0.16070    0.38558    3.37591    1.98306    7.29216    35.27286
A-T        0.00000    0.00000    0.00000    0.00000    0.00000    0.00000    0.11253    -0.08542   3.30908    1.41564    1.53766    37.72239
C-G        0.00000    0.00000    0.00000    0.00000    0.00000    0.00000    0.05884    -0.64835   3.29906    1.03446    0.54140    33.30283
T-A        0.00000    0.00000    0.00000    0.00000    0.00000    0.00000    0.06899    -0.32216   3.34337    0.82647    1.49253    34.18599
T-A        0.00000    0.00000    0.00000    0.00000    0.00000    0.00000    -0.02463   -0.29148   3.25963    -0.25852   -2.97490   37.08177
A-T        0.00000    0.00000    0.00000    0.00000    0.00000    0.00000    -0.07593   0.55115    3.38771    -1.17782   -2.65107   42.23859
C-G        0.00000    0.00000    0.00000    0.00000    0.00000    0.00000    -0.08706   -0.63917   3.27498    -0.87399   1.54838    33.13805
T-A        0.00000    0.00000    0.00000    0.00000    0.00000    0.00000    -0.04096   -0.30717   3.32271    -0.81131   4.48097    33.45826
G-C        0.00000    0.00000    0.00000    0.00000    0.00000    0.00000    0.00486    0.19786    3.36565    -0.51657   7.44632    35.78015
T-A        0.00000    0.00000    0.00000    0.00000    0.00000    0.00000    0.03047    -0.62342   3.24198    0.13319    3.06811    32.60443
A-T        0.00000    0.00000    0.00000    0.00000    0.00000    0.00000    0.07756    0.30683    3.36799    1.27605    3.47609    39.02693
G-C        0.00000    0.00000    0.00000    0.00000    0.00000    0.00000    0.04210    -0.29613   3.33191    1.33985    3.17897    33.83273
G-C        0.00000    0.00000    0.00000    0.00000    0.00000    0.00000    0.17488    -0.27531   3.39200    1.62072    3.28788    35.10012
T-A        0.00000    0.00000    0.00000    0.00000    0.00000    0.00000    0.04512    -0.64639   3.31490    0.20568    -0.28682   33.74337
A-T        0.00000    0.00000    0.00000    0.00000    0.00000    0.00000    -0.01705   0.74198    3.39743    -0.53388   -5.82026   44.19936
T-A        0.00000    0.00000    0.00000    0.00000    0.00000    0.00000    -0.02135   -0.69195   3.25181    -0.67849   -1.30737   32.10217
C-G        0.00000    0.00000    0.00000    0.00000    0.00000    0.00000    -0.13486   -0.09759   3.31561    -1.71996   1.48854    38.00811
T-A        0.00000    0.00000    0.00000    0.00000    0.00000    0.00000    -0.05019   -0.30550   3.32515    -1.04899   4.59376    33.62267
C-G        0.00000    0.00000    0.00000    0.00000    0.00000    0.00000    -0.05545   -0.06225   3.28991    -0.59197   3.69392    37.16133
G-C        0.00000    0.00000    0.00000    0.00000    0.00000    0.00000    0.05947    0.35335    3.38698    0.91831    8.76973    35.10010
A-T        0.00000    0.00000    0.00000    0.00000    0.00000    0.00000    0.11215    -0.06146   3.29974    1.47492    2.89741    37.53624
G-C        0.00000    0.00000    0.00000    0.00000    0.00000    0.00000    0.04878    -0.28955   3.33547    1.58313    3.19911    34.08089
C-G        0.00000    0.00000    0.00000    0.00000    0.00000    0.00000    0.16526    -0.40863   3.34355    1.66236    1.17767    35.20187
T-A        0.00000    0.00000    0.00000    0.00000    0.00000    0.00000    0.08160    -0.31022   3.35350    1.03503    0.83255    34.80949
C-G        0.00000    0.00000    0.00000    0.00000    0.00000    0.00000    -0.01193   -0.11460   3.33448    -0.54242   -1.01748   38.90052
G-C        0.00000    0.00000    0.00000    0.00000    0.00000    0.00000    -0.22474   0.43250    3.37798    -2.91613   3.72250    36.83472
G-C        0.00000    0.00000    0.00000    0.00000    0.00000    0.00000    -0.29667   -0.26791   3.38424    -2.90456   4.46097    34.86911
G-C        0.00000    0.00000    0.00000    0.00000    0.00000    0.00000    -0.25380   -0.27937   3.37004    -2.46485   6.08817    34.24419
A-T        0.00000    0.00000    0.00000    0.00000    0.00000    0.00000    -0.08424   -0.06193   3.27468    -0.80382   4.33756    36.65629
T-A        0.00000    0.00000    0.00000    0.00000    0.00000    0.00000    -0.00104   -0.65044   3.20209    0.29568    2.34789    30.82943
C-G        0.00000    0.00000    0.00000    0.00000    0.00000    0.00000    0.15183    -0.05614   3.27839    1.78964    3.50860    36.92354
C-G        0.00000    0.00000    0.00000    0.00000    0.00000    0.00000    0.32339    -0.22493   3.37509    3.20602    4.60042    34.81342
G-C        0.00000    0.00000    0.00000    0.00000    0.00000    0.00000    0.29348    0.47599    3.37191    3.60231    3.53478    36.85540
C-G        0.00000    0.00000    0.00000    0.00000    0.00000    0.00000    0.10129    -0.38658   3.36243    0.96056    0.08925    35.58402
T-A        0.00000    0.00000    0.00000    0.00000    0.00000    0.00000    0.03515    -0.31646   3.35983    -0.24971   0.14108    34.95701
T-A        0.00000    0.00000    0.00000    0.00000    0.00000    0.00000    -0.06201   -0.28447   3.26275    -1.20546   -3.33501   37.59874
T-A        0.00000    0.00000    0.00000    0.00000    0.00000    0.00000    -0.08066   -0.23785   3.25229    -1.64184   -0.97770   37.01297
A-T        0.00000    0.00000    0.00000    0.00000    0.00000    0.00000    -0.13152   0.25733    3.37751    -1.91158   4.21614    39.33399
A-T        0.00000    0.00000    0.00000    0.00000    0.00000    0.00000    -0.01875   -0.15758   3.23224    -0.40905   3.05964    35.80333
C-G        0.00000    0.00000    0.00000    0.00000    0.00000    0.00000    -0.02410   -0.62709   3.23306    0.69371    3.84794    32.83743
A-T        0.00000    0.00000    0.00000    0.00000    0.00000    0.00000    0.07856    0.23212    3.37315    1.95069    7.28106    36.38513
C-G        0.00000    0.00000    0.00000    0.00000    0.00000    0.00000    0.07629    -0.64208   3.28532    1.93821    1.58946    33.62291
T-A        0.00000    0.00000    0.00000    0.00000    0.00000    0.00000    0.11821    -0.29510   3.34874    2.57566    1.65944    34.98690
T-A        0.00000    0.00000    0.00000    0.00000    0.00000    0.00000    0.01947    -0.29377   3.27000    0.85612    -4.64339   38.23751
T-A        0.00000    0.00000    0.00000    0.00000    0.00000    0.00000    -0.02376   -0.30445   3.27183    -0.15194   -5.03087   38.32848
T-A        0.00000    0.00000    0.00000    0.00000    0.00000    0.00000    -0.06303   -0.28019   3.26675    -1.11152   -3.81115   38.05684
C-G        0.00000    0.00000    0.00000    0.00000    0.00000    0.00000    -0.18892   -0.08540   3.32998    -2.39284   0.79030    38.79548
A-T        0.00000    0.00000    0.00000    0.00000    0.00000    0.00000    -0.22638   0.29297    3.36690    -2.50528   6.37658    37.25792
T-A        0.00000    0.00000    0.00000    0.00000    0.00000    0.00000    -0.02160   -0.64829   3.20888    -0.56642   2.09700    31.34644
G-C        0.00000    0.00000    0.00000    0.00000    0.00000    0.00000    0.07832    0.20036    3.38131    0.27636    8.70108    36.07401
T-A        0.00000    0.00000    0.00000    0.00000    0.00000    0.00000    0.09951    -0.62058   3.24066    0.90656    3.38033    33.14622
T-A        0.00000    0.00000    0.00000    0.00000    0.00000    0.00000    0.05543    -0.20377   3.24604    1.60485    0.26831    36.75632
A-T        0.00000    0.00000    0.00000    0.00000    0.00000    0.00000    0.14505    0.72088    3.39704    2.30736    -4.32831   43.97134
T-A        0.00000    0.00000    0.00000    0.00000    0.00000    0.00000    0.01918    -0.70241   3.27033    0.64957    -2.84143   32.66816
A-T        0.00000    0.00000    0.00000    0.00000    0.00000    0.00000    -0.02723   1.01601    3.40765    -0.28850   -10.06653  46.84539
A-T        0.00000    0.00000    0.00000    0.00000    0.00000    0.00000    -0.03791   -0.28595   3.26509    -1.33119   -3.98317   37.82669
C-G        0.00000    0.00000    0.00000    0.00000    0.00000    0.00000    -0.11694   -0.62399   3.28933    -1.62337   0.83811    33.75703
G-C        0.00000    0.00000    0.00000    0.00000    0.00000    0.00000    -0.31498   0.39289    3.38686    -4.03781   7.34683    35.79744
G-C        0.00000    0.00000    0.00000    0.00000    0.00000    0.00000    -0.15206   -0.25613   3.36209    -1.79145   7.05280    34.22621
A-T        0.00000    0.00000    0.00000    0.00000    0.00000    0.00000    0.01688    -0.05097   3.27880    0.11077    4.70230    36.84526
A-T        0.00000    0.00000    0.00000    0.00000    0.00000    0.00000    0.06284    -0.17513   3.23267    1.17675    2.72207    35.67434
T-A        0.00000    0.00000    0.00000    0.00000    0.00000    0.00000    0.04212    -0.67132   3.22629    1.14587    0.61405    31.50848
G-C        0.00000    0.00000    0.00000    0.00000    0.00000    0.00000    0.22125    0.32987    3.34430    2.68907    3.56204    37.85577
C-G        0.00000    0.00000    0.00000    0.00000    0.00000    0.00000    0.11440    -0.40036   3.35908    1.37664    0.39627    35.49550
T-A        0.00000    0.00000    0.00000    0.00000    0.00000    0.00000    0.01892    -0.31634   3.35886    0.32998    0.19915    35.00621
T-A        0.00000    0.00000    0.00000    0.00000    0.00000    0.00000    -0.06344   -0.28266   3.26517    -0.83427   -3.79521   37.79349
C-G        0.00000    0.00000    0.00000    0.00000    0.00000    0.00000    -0.16243   -0.08138   3.32678    -2.05698   0.52938    38.60623
C-G        0.00000    0.00000    0.00000    0.00000    0.00000    0.00000    -0.25189   -0.26910   3.37860    -2.48367   5.31408    34.78547
G-C        0.00000    0.00000    0.00000    0.00000    0.00000    0.00000    -0.16727   0.36356    3.38883    -2.27376   8.57427    35.28501
G-C        0.00000    0.00000    0.00000    0.00000    0.00000    0.00000    0.01326    -0.28028   3.36460    -0.23386   7.11047    34.12076
C-G        0.00000    0.00000    0.00000    0.00000    0.00000    0.00000    0.11113    -0.48322   3.29303    1.02665    4.11985    34.10756
T-A        0.00000    0.00000    0.00000    0.00000    0.00000    0.00000    0.09694    -0.30993   3.32291    2.23663    4.56370    33.72721
C-G        0.00000    0.00000    0.00000    0.00000    0.00000    0.00000    0.17810    -0.09473   3.30669    1.92026    1.14837    37.99194
G-C        0.00000    0.00000    0.00000    0.00000    0.00000    0.00000    0.17168    0.44069    3.38121    2.31052    3.45705    37.02380
T-A        0.00000    0.00000    0.00000    0.00000    0.00000    0.00000    -0.00714   -0.65018   3.32480    0.03788    -0.53001   34.05975
A-T        0.00000    0.00000    0.00000    0.00000    0.00000    0.00000    -0.07193   0.83886    3.40314    -0.76676   -6.25661   45.00937
T-A        0.00000    0.00000    0.00000    0.00000    0.00000    0.00000    -0.03230   -0.67994   3.25088    -0.67769   -1.16386   32.27907
A-T        0.00000    0.00000    0.00000    0.00000    0.00000    0.00000    -0.08842   0.57025    3.38973    -1.39923   -0.26066   42.02340
A-T        0.00000    0.00000    0.00000    0.00000    0.00000    0.00000    -0.00386   -0.18547   3.24506    -0.54329   0.86895    36.59992
T-A        0.00000    0.00000    0.00000    0.00000    0.00000    0.00000    0.01149    -0.65826   3.22321    -0.03780   1.07941    31.65157
G-C        0.00000    0.00000    0.00000    0.00000    0.00000    0.00000    0.12643    0.26372    3.37165    0.82997    6.36337    37.04313
T-A        0.00000    0.00000    0.00000    0.00000    0.00000    0.00000    0.08162    -0.63905   3.27774    0.57926    1.83842    33.60063
G-C        0.00000    0.00000    0.00000    0.00000    0.00000    0.00000    0.13520    0.31190    3.36132    1.33614    4.26104    37.96158
T-A        0.00000    0.00000    0.00000    0.00000    0.00000    0.00000    0.03142    -0.64871   3.30807    0.30517    0.49450    34.04059
C-G        0.00000    0.00000    0.00000    0.00000    0.00000    0.00000    0.01051    -0.09318   3.33076    0.04092    0.03044    38.88213
G-C        0.00000    0.00000    0.00000    0.00000    0.00000    0.00000    -0.09882   0.45873    3.39309    -1.02687   4.11588    37.18980
A-T        0.00000    0.00000    0.00000    0.00000    0.00000    0.00000    -0.10189   -0.06979   3.31717    -0.92842   0.94548    38.49677
C-G        0.00000    0.00000    0.00000    0.00000    0.00000    0.00000    -0.06058   -0.62535   3.28030    -0.42751   1.63507    33.67454
C-G        0.00000    0.00000    0.00000    0.00000    0.00000    0.00000    -0.04847   -0.24274   3.38356    -0.49501   5.24212    35.11477
A-T        0.00000    0.00000    0.00000    0.00000    0.00000    0.00000    -0.03724   0.29964    3.36865    -0.12376   5.99494    37.19760
A-T        0.00000    0.00000    0.00000    0.00000    0.00000    0.00000    0.03856    -0.20165   3.24848    0.39670    0.34166    36.76658
A-T        0.00000    0.00000    0.00000    0.00000    0.00000    0.00000    0.04718    -0.22215   3.25227    0.62367    -0.46047   36.96510
T-A        0.00000    0.00000    0.00000    0.00000    0.00000    0.00000    0.01875    -0.68298   3.24721    0.41298    -0.73293   32.16893
G-C        0.00000    0.00000    0.00000    0.00000    0.00000    0.00000    -0.26900   -1.09600   3.26900    0.63600    -9.99000   39.98700
T-A        0.00000    0.00000    0.00000    0.00000    0.00000    0.00000    -0.92900   -1.59300   3.28000    -2.05000   -8.65500   31.94100
G-C        0.00000    0.00000    0.00000    0.00000    0.00000    0.00000    -0.32200   -0.59400   3.18200    -1.64600   -0.33600   39.43500
A-T        0.00000    0.00000    0.00000    0.00000    0.00000    0.00000    0.11900    -0.98200   3.10500    2.86100    -6.38100   31.81100
G-C        0.00000    0.00000    0.00000    0.00000    0.00000    0.00000    0.96000    -0.48300   2.89600    -0.90300   -7.59200   33.58400
C-G        0.00000    0.00000    0.00000    0.00000    0.00000    0.00000    -0.71600   -0.08600   3.08800    11.71100   -4.91100   33.31200
G-C        0.00000    0.00000    0.00000    0.00000    0.00000    0.00000    -0.04900   1.55300    5.41000    -0.16700   60.14300   13.21900
C-G        0.00000    0.00000    0.00000    0.00000    0.00000    0.00000    0.67600    -0.12300   3.12600    -12.51500  -5.65100   33.20700
T-A        0.00000    0.00000    0.00000    0.00000    0.00000    0.00000    -0.92900   -0.52700   2.87900    1.17300    -8.55000   33.48600
C-G        0.00000    0.00000    0.00000    0.00000    0.00000    0.00000    -0.13400   -1.01800   3.05000    -2.62400   -6.07100   32.10600
A-T        0.00000    0.00000    0.00000    0.00000    0.00000    0.00000    0.37700    -0.59600   3.22600    2.13800    -0.62100   39.43900
C-G        0.00000    0.00000    0.00000    0.00000    0.00000    0.00000    0.90500    -1.56500   3.20700    2.31400    -8.20500   32.14800
A-T        0.00000    0.00000    0.00000    0.00000    0.00000    0.00000    0.52900    -0.91300   3.45600    1.68400    -11.70900  37.49000
