147 # base pairs
  0 # ***local base-pair & step parameters***
#          Shear      Stretch    Stagger    Buckle     Prop-Tw    Opening    Shift      Slide      Rise       Tilt       Roll       Twist
T-A        0.00000    0.00000    0.00000    0.00000    0.00000    0.00000    0.00000    0.00000    0.00000    0.00000    0.00000    0.00000
G-C        0.00000    0.00000    0.00000    0.00000    0.00000    0.00000    -0.52900   -0.91400   3.45700    -1.68900   -11.71200  37.48600
T-A        0.00000    0.00000    0.00000    0.00000    0.00000    0.00000    -0.90500   -1.56600   3.20600    -2.28600   -8.20700   32.14700
G-C        0.00000    0.00000    0.00000    0.00000    0.00000    0.00000    -0.37800   -0.59600   3.22500    -2.16700   -0.60300   39.43900
A-T        0.00000    0.00000    0.00000    0.00000    0.00000    0.00000    0.13400    -1.01800   3.05000    2.61000    -6.09300   32.09300
G-C        0.00000    0.00000    0.00000    0.00000    0.00000    0.00000    0.92900    -0.52800   2.87800    -1.17000   -8.57000   33.49400
C-G        0.00000    0.00000    0.00000    0.00000    0.00000    0.00000    -0.67600   -0.12200   3.12700    12.55900   -5.64700   33.21100
G-C        0.00000    0.00000    0.00000    0.00000    0.00000    0.00000    0.04900    1.55300    5.41000    0.14200    60.15100   13.21000
C-G        0.00000    0.00000    0.00000    0.00000    0.00000    0.00000    0.71500    -0.08700   3.08800    -11.72400  -4.90600   33.28700
T-A        0.00000    0.00000    0.00000    0.00000    0.00000    0.00000    -0.96000   -0.48500   2.89400    0.89600    -7.58500   33.58500
C-G        0.00000    0.00000    0.00000    0.00000    0.00000    0.00000    -0.12000   -0.98300   3.10600    -2.86200   -6.42300   31.82500
A-T        0.00000    0.00000    0.00000    0.00000    0.00000    0.00000    0.32200    -0.59300   3.18200    1.65600    -0.34900   39.43600
C-G        0.00000    0.00000    0.00000    0.00000    0.00000    0.00000    0.92900    -1.59300   3.28000    2.06100    -8.65300   31.94300
A-T        0.00000    0.00000    0.00000    0.00000    0.00000    0.00000    0.27000    -1.09600   3.26800    -0.64500   -9.98900   39.97000
A-T        0.00000    0.00000    0.00000    0.00000    0.00000    0.00000    0.00898    -0.17352   3.24799    -0.25441   -1.20683   37.01956
T-A        0.00000    0.00000    0.00000    0.00000    0.00000    0.00000    -0.02241   -0.75078   3.32949    -0.46868   -3.20664   33.68175
T-A        0.00000    0.00000    0.00000    0.00000    0.00000    0.00000    -0.01649   -0.37828   3.26624    -0.80118   -2.90647   36.91936
T-A        0.00000    0.00000    0.00000    0.00000    0.00000    0.00000    -0.06251   -0.18958   3.26447    -0.83322   0.99725    35.60200
A-T        0.00000    0.00000    0.00000    0.00000    0.00000    0.00000    -0.00810   0.33685    3.37286    -0.91002   3.22238    38.42515
T-A        0.00000    0.00000    0.00000    0.00000    0.00000    0.00000    -0.02073   -0.68693   3.23362    -0.28125   0.68787    32.20864
T-A        0.00000    0.00000    0.00000    0.00000    0.00000    0.00000    0.02749    -0.22086   3.25253    1.44555    0.41441    36.33239
C-G        0.00000    0.00000    0.00000    0.00000    0.00000    0.00000    0.11549    0.00566    3.29419    1.24397    1.85597    37.20837
G-C        0.00000    0.00000    0.00000    0.00000    0.00000    0.00000    0.35323    0.57092    3.33664    2.52687    8.05560    34.22791
C-G        0.00000    0.00000    0.00000    0.00000    0.00000    0.00000    -0.05658   -0.41784   3.27079    -0.53319   2.70964    32.29442
A-T        0.00000    0.00000    0.00000    0.00000    0.00000    0.00000    -0.11535   0.68955    3.32508    -0.84578   0.47825    38.88041
A-T        0.00000    0.00000    0.00000    0.00000    0.00000    0.00000    0.02934    -0.18204   3.29098    -0.38537   -1.32926   36.71663
A-T        0.00000    0.00000    0.00000    0.00000    0.00000    0.00000    -0.07398   -0.30774   3.26356    -1.46446   -1.85134   37.02071
G-C        0.00000    0.00000    0.00000    0.00000    0.00000    0.00000    -0.02248   -0.45766   3.36601    -0.44798   3.65616    33.78303
G-C        0.00000    0.00000    0.00000    0.00000    0.00000    0.00000    -0.01736   -0.34092   3.45726    -0.98519   5.29984    36.18093
C-G        0.00000    0.00000    0.00000    0.00000    0.00000    0.00000    0.08552    -0.39658   3.27301    0.71660    4.04419    34.85121
C-G        0.00000    0.00000    0.00000    0.00000    0.00000    0.00000    -0.04233   -0.17742   3.34014    1.49928    4.96861    35.07564
G-C        0.00000    0.00000    0.00000    0.00000    0.00000    0.00000    0.24049    0.38757    3.12402    2.14727    5.95812    32.85964
G-C        0.00000    0.00000    0.00000    0.00000    0.00000    0.00000    0.37635    -0.21047   3.37804    1.75917    2.84024    34.99610
C-G        0.00000    0.00000    0.00000    0.00000    0.00000    0.00000    0.08251    -0.32096   3.29430    0.56764    1.56764    35.70704
C-G        0.00000    0.00000    0.00000    0.00000    0.00000    0.00000    0.25445    -0.26324   3.41163    0.25074    1.13475    36.35307
C-G        0.00000    0.00000    0.00000    0.00000    0.00000    0.00000    -0.06235   -0.32614   3.43223    -0.10369   2.60430    36.46236
G-C        0.00000    0.00000    0.00000    0.00000    0.00000    0.00000    -0.39563   1.06414    3.36570    -3.30079   3.37084    36.54723
A-T        0.00000    0.00000    0.00000    0.00000    0.00000    0.00000    -0.18066   -0.04663   3.17967    -1.62980   0.47051    36.86997
C-G        0.00000    0.00000    0.00000    0.00000    0.00000    0.00000    0.08953    -0.45194   3.15924    -0.03574   3.87200    32.47726
A-T        0.00000    0.00000    0.00000    0.00000    0.00000    0.00000    0.07993    0.01257    3.40992    0.20641    5.78595    37.18139
C-G        0.00000    0.00000    0.00000    0.00000    0.00000    0.00000    0.21683    -0.49307   3.27645    0.90545    3.29906    32.71731
G-C        0.00000    0.00000    0.00000    0.00000    0.00000    0.00000    0.16639    0.51187    3.32553    3.15301    3.63373    38.50068
A-T        0.00000    0.00000    0.00000    0.00000    0.00000    0.00000    0.03270    -0.05723   3.21977    0.52269    -0.78493   37.73246
C-G        0.00000    0.00000    0.00000    0.00000    0.00000    0.00000    -0.02027   -0.60148   3.28484    0.55833    1.17506    33.83580
T-A        0.00000    0.00000    0.00000    0.00000    0.00000    0.00000    -0.01096   -0.72273   3.56868    -0.71817   0.49686    36.74299
T-A        0.00000    0.00000    0.00000    0.00000    0.00000    0.00000    -0.02080   -0.23374   3.21968    -2.20247   -2.18522   35.47013
A-T        0.00000    0.00000    0.00000    0.00000    0.00000    0.00000    -0.06167   0.42557    3.39527    -0.97571   -0.09887   42.06085
C-G        0.00000    0.00000    0.00000    0.00000    0.00000    0.00000    -0.15330   -0.67426   3.24155    -0.53077   2.93934    33.17779
T-A        0.00000    0.00000    0.00000    0.00000    0.00000    0.00000    -0.01749   -0.36795   3.37506    0.00201    5.62950    33.82171
G-C        0.00000    0.00000    0.00000    0.00000    0.00000    0.00000    0.06688    0.05417    3.42264    0.53235    9.33915    36.00104
T-A        0.00000    0.00000    0.00000    0.00000    0.00000    0.00000    0.09480    -0.48739   3.17983    1.16194    2.47767    32.93769
A-T        0.00000    0.00000    0.00000    0.00000    0.00000    0.00000    0.11277    0.86691    3.39037    2.69013    -1.35281   42.88475
G-C        0.00000    0.00000    0.00000    0.00000    0.00000    0.00000    0.02302    -0.16093   3.27756    1.39277    2.80010    33.64797
G-C        0.00000    0.00000    0.00000    0.00000    0.00000    0.00000    0.09011    -0.74248   3.54537    0.72183    2.42089    36.55906
T-A        0.00000    0.00000    0.00000    0.00000    0.00000    0.00000    0.05949    -0.47176   3.28592    -0.40439   -1.41131   33.40053
A-T        0.00000    0.00000    0.00000    0.00000    0.00000    0.00000    -0.10203   -0.27436   3.40264    -1.51456   0.76777    39.40758
T-A        0.00000    0.00000    0.00000    0.00000    0.00000    0.00000    -0.04376   -0.69370   3.20428    -0.89992   -0.46490   33.20412
C-G        0.00000    0.00000    0.00000    0.00000    0.00000    0.00000    0.06655    -0.24165   3.43182    -0.60985   2.40303    40.57711
T-A        0.00000    0.00000    0.00000    0.00000    0.00000    0.00000    0.10918    -0.23482   3.32521    0.15950    5.32617    33.79794
C-G        0.00000    0.00000    0.00000    0.00000    0.00000    0.00000    0.17499    0.25696    3.29743    3.22849    3.71249    37.24431
G-C        0.00000    0.00000    0.00000    0.00000    0.00000    0.00000    0.12260    0.67218    3.36022    3.15898    10.71176   34.55611
A-T        0.00000    0.00000    0.00000    0.00000    0.00000    0.00000    0.23427    0.01642    3.43668    2.40666    0.38282    39.05470
G-C        0.00000    0.00000    0.00000    0.00000    0.00000    0.00000    0.05394    -0.09032   3.34842    0.79298    0.54167    34.40340
C-G        0.00000    0.00000    0.00000    0.00000    0.00000    0.00000    0.04817    -0.39556   3.47056    0.55932    -0.31148   38.13665
T-A        0.00000    0.00000    0.00000    0.00000    0.00000    0.00000    0.13386    -0.40893   3.47433    1.57026    0.09462    37.02105
T-A        0.00000    0.00000    0.00000    0.00000    0.00000    0.00000    -0.01331   -0.23664   3.22224    -1.06936   -0.10659   35.87306
C-G        0.00000    0.00000    0.00000    0.00000    0.00000    0.00000    -0.32891   0.27058    3.39296    -2.49896   1.65010    39.06638
A-T        0.00000    0.00000    0.00000    0.00000    0.00000    0.00000    -0.48798   0.54590    3.37337    -2.96397   7.02517    37.17451
T-A        0.00000    0.00000    0.00000    0.00000    0.00000    0.00000    -0.02606   -0.47187   3.23947    -0.27342   4.45911    31.57057
G-C        0.00000    0.00000    0.00000    0.00000    0.00000    0.00000    0.00909    0.02655    3.52033    0.47429    8.51775    38.56567
T-A        0.00000    0.00000    0.00000    0.00000    0.00000    0.00000    0.08208    -0.59136   3.34320    1.62100    1.16881    34.36975
T-A        0.00000    0.00000    0.00000    0.00000    0.00000    0.00000    0.03175    -0.18059   3.22123    2.11057    -0.75043   36.75951
A-T        0.00000    0.00000    0.00000    0.00000    0.00000    0.00000    0.11247    0.42986    3.52126    1.72012    -6.64322   46.89624
T-A        0.00000    0.00000    0.00000    0.00000    0.00000    0.00000    0.01471    -0.69671   3.24852    0.49991    -3.13535   32.40837
A-T        0.00000    0.00000    0.00000    0.00000    0.00000    0.00000    -0.06439   0.44234    3.55256    -0.65799   -9.42339   48.55408
A-T        0.00000    0.00000    0.00000    0.00000    0.00000    0.00000    -0.01970   -0.18840   3.24976    -2.24299   -3.48764   37.81070
C-G        0.00000    0.00000    0.00000    0.00000    0.00000    0.00000    -0.17957   -0.60553   3.35370    -1.94320   0.16101    35.10840
G-C        0.00000    0.00000    0.00000    0.00000    0.00000    0.00000    -0.01416   0.33452    3.26751    -3.14633   8.01671    35.14271
G-C        0.00000    0.00000    0.00000    0.00000    0.00000    0.00000    0.22078    -0.10191   3.27917    0.94516    8.37146    32.97643
A-T        0.00000    0.00000    0.00000    0.00000    0.00000    0.00000    0.21100    -0.08152   3.26186    1.12014    5.92934    36.80482
C-G        0.00000    0.00000    0.00000    0.00000    0.00000    0.00000    0.24305    -0.62255   3.24798    2.37298    1.70774    31.66940
G-C        0.00000    0.00000    0.00000    0.00000    0.00000    0.00000    0.30848    0.35405    3.27843    4.75419    4.34564    37.12637
G-C        0.00000    0.00000    0.00000    0.00000    0.00000    0.00000    0.15119    -0.36844   3.44167    1.45825    2.23850    36.42756
G-C        0.00000    0.00000    0.00000    0.00000    0.00000    0.00000    0.09486    -0.21963   3.36053    1.53958    4.04127    35.37856
A-T        0.00000    0.00000    0.00000    0.00000    0.00000    0.00000    -0.09545   -0.32578   3.40845    -0.15122   -2.68849   39.73443
T-A        0.00000    0.00000    0.00000    0.00000    0.00000    0.00000    -0.03679   -0.60870   3.26156    -0.66811   -0.06749   32.99908
C-G        0.00000    0.00000    0.00000    0.00000    0.00000    0.00000    -0.01066   -0.27517   3.36723    -1.52061   -0.30409   38.74666
C-G        0.00000    0.00000    0.00000    0.00000    0.00000    0.00000    -0.55042   -0.03864   3.27410    -3.76533   8.03056    33.23346
G-C        0.00000    0.00000    0.00000    0.00000    0.00000    0.00000    -0.01421   0.43418    3.35957    -1.06171   9.15147    34.94172
C-G        0.00000    0.00000    0.00000    0.00000    0.00000    0.00000    0.05094    -0.52943   3.42385    0.16233    2.01449    35.61183
T-A        0.00000    0.00000    0.00000    0.00000    0.00000    0.00000    0.32467    -0.42977   3.47227    3.36794    2.79468    35.93296
T-A        0.00000    0.00000    0.00000    0.00000    0.00000    0.00000    0.08109    -0.29673   3.26518    1.86963    -1.49411   37.08885
T-A        0.00000    0.00000    0.00000    0.00000    0.00000    0.00000    0.03561    -0.29532   3.27820    0.79350    -2.62056   36.51108
A-T        0.00000    0.00000    0.00000    0.00000    0.00000    0.00000    0.08496    0.98935    3.25772    0.94316    -9.07148   40.61087
A-T        0.00000    0.00000    0.00000    0.00000    0.00000    0.00000    0.01029    -0.20672   3.25699    -0.87569   -4.78343   37.88569
C-G        0.00000    0.00000    0.00000    0.00000    0.00000    0.00000    -0.03521   -0.56561   3.38342    -0.87320   -1.94798   35.29514
A-T        0.00000    0.00000    0.00000    0.00000    0.00000    0.00000    -0.09697   0.01266    3.36459    -2.87477   2.56692    37.95510
C-G        0.00000    0.00000    0.00000    0.00000    0.00000    0.00000    0.07265    -0.67644   3.28897    -1.09914   1.80048    32.41911
T-A        0.00000    0.00000    0.00000    0.00000    0.00000    0.00000    -0.03221   -0.56834   3.51224    -1.69395   6.45605    36.38238
T-A        0.00000    0.00000    0.00000    0.00000    0.00000    0.00000    0.06779    -0.32695   3.23785    0.14217    1.44888    35.65093
T-A        0.00000    0.00000    0.00000    0.00000    0.00000    0.00000    0.03905    -0.13405   3.24735    0.36873    2.91804    35.03194
A-T        0.00000    0.00000    0.00000    0.00000    0.00000    0.00000    0.11049    0.26456    3.42249    1.63013    0.34008    40.69226
T-A        0.00000    0.00000    0.00000    0.00000    0.00000    0.00000    -0.07327   -0.73763   3.18769    1.34344    1.33242    29.32199
G-C        0.00000    0.00000    0.00000    0.00000    0.00000    0.00000    0.00889    -0.23875   3.30516    0.44985    5.15267    37.81677
C-G        0.00000    0.00000    0.00000    0.00000    0.00000    0.00000    0.09624    -0.37212   3.33332    -0.72054   0.09368    35.08933
T-A        0.00000    0.00000    0.00000    0.00000    0.00000    0.00000    -0.02487   -0.41675   3.44682    0.24977    1.11582    36.08838
T-A        0.00000    0.00000    0.00000    0.00000    0.00000    0.00000    -0.05492   -0.21649   3.20893    -1.09369   1.54606    34.83866
C-G        0.00000    0.00000    0.00000    0.00000    0.00000    0.00000    -0.05693   -0.22951   3.34095    -1.53579   3.48722    37.05092
C-G        0.00000    0.00000    0.00000    0.00000    0.00000    0.00000    -0.41683   -0.08868   3.26992    -2.62875   8.31277    32.43834
G-C        0.00000    0.00000    0.00000    0.00000    0.00000    0.00000    0.05131    0.33566    3.12684    0.27400    8.62599    31.83805
G-C        0.00000    0.00000    0.00000    0.00000    0.00000    0.00000    0.32942    -0.19661   3.32999    1.61878    5.51014    34.03423
C-G        0.00000    0.00000    0.00000    0.00000    0.00000    0.00000    0.34430    -0.58563   3.30537    1.57247    2.82456    34.74775
T-A        0.00000    0.00000    0.00000    0.00000    0.00000    0.00000    0.03508    -0.12811   3.31757    2.32015    1.49629    33.75611
C-G        0.00000    0.00000    0.00000    0.00000    0.00000    0.00000    0.18473    0.24891    3.30538    2.47066    0.25885    38.44466
G-C        0.00000    0.00000    0.00000    0.00000    0.00000    0.00000    -0.03335   0.48185    3.29168    -0.36448   1.41463    38.16516
T-A        0.00000    0.00000    0.00000    0.00000    0.00000    0.00000    0.21997    -0.77712   3.32826    -1.27902   1.51169    34.35349
A-T        0.00000    0.00000    0.00000    0.00000    0.00000    0.00000    -0.10185   -0.36091   3.40076    -1.34206   2.72212    37.86407
T-A        0.00000    0.00000    0.00000    0.00000    0.00000    0.00000    -0.02593   -0.70953   3.20420    -0.90102   -0.04811   31.65532
A-T        0.00000    0.00000    0.00000    0.00000    0.00000    0.00000    -0.05130   0.34396    3.38547    -0.42464   2.70661    39.10422
A-T        0.00000    0.00000    0.00000    0.00000    0.00000    0.00000    -0.05154   -0.25388   3.23809    0.10871    4.27429    35.24419
T-A        0.00000    0.00000    0.00000    0.00000    0.00000    0.00000    0.03445    -0.61345   3.26892    0.79023    0.84046    32.17902
G-C        0.00000    0.00000    0.00000    0.00000    0.00000    0.00000    0.02522    -0.09225   3.45057    1.04981    4.75334    38.40265
T-A        0.00000    0.00000    0.00000    0.00000    0.00000    0.00000    0.12631    -0.53611   3.27322    1.23421    -0.16589   32.19465
G-C        0.00000    0.00000    0.00000    0.00000    0.00000    0.00000    -0.04893   -0.02417   3.38907    1.43316    1.69193    38.44062
T-A        0.00000    0.00000    0.00000    0.00000    0.00000    0.00000    -0.11686   -0.53230   3.20448    -0.33810   1.16266    32.70274
C-G        0.00000    0.00000    0.00000    0.00000    0.00000    0.00000    -0.00632   -0.06156   3.20866    -0.23281   -0.62949   37.29190
G-C        0.00000    0.00000    0.00000    0.00000    0.00000    0.00000    -0.11687   0.64061    3.31601    -2.55413   7.23256    34.25157
A-T        0.00000    0.00000    0.00000    0.00000    0.00000    0.00000    -0.18607   -0.04695   3.17144    -1.76135   0.33982    36.56395
C-G        0.00000    0.00000    0.00000    0.00000    0.00000    0.00000    -0.12908   -0.77342   3.20221    -0.34753   3.05606    32.66578
C-G        0.00000    0.00000    0.00000    0.00000    0.00000    0.00000    0.14622    -0.48244   3.38189    0.78461    7.29682    32.55512
A-T        0.00000    0.00000    0.00000    0.00000    0.00000    0.00000    0.12938    0.73101    3.34708    0.80540    6.39087    36.55757
A-T        0.00000    0.00000    0.00000    0.00000    0.00000    0.00000    0.14538    -0.15818   3.28517    1.15691    0.27356    36.24771
A-T        0.00000    0.00000    0.00000    0.00000    0.00000    0.00000    0.01437    -0.38221   3.26394    0.61340    -3.12261   36.96096
T-A        0.00000    0.00000    0.00000    0.00000    0.00000    0.00000    0.03754    -0.71290   3.29015    0.51057    -1.65557   32.66098
G-C        0.00000    0.00000    0.00000    0.00000    0.00000    0.00000    -0.26900   -1.09600   3.26900    0.63600    -9.99000   39.98700
T-A        0.00000    0.00000    0.00000    0.00000    0.00000    0.00000    -0.92900   -1.59300   3.28000    -2.05000   -8.65500   31.94100
G-C        0.00000    0.00000    0.00000    0.00000    0.00000    0.00000    -0.32200   -0.59400   3.18200    -1.64600   -0.33600   39.43500
A-T        0.00000    0.00000    0.00000    0.00000    0.00000    0.00000    0.11900    -0.98200   3.10500    2.86100    -6.38100   31.81100
G-C        0.00000    0.00000    0.00000    0.00000    0.00000    0.00000    0.96000    -0.48300   2.89600    -0.90300   -7.59200   33.58400
C-G        0.00000    0.00000    0.00000    0.00000    0.00000    0.00000    -0.71600   -0.08600   3.08800    11.71100   -4.91100   33.31200
G-C        0.00000    0.00000    0.00000    0.00000    0.00000    0.00000    -0.04900   1.55300    5.41000    -0.16700   60.14300   13.21900
C-G        0.00000    0.00000    0.00000    0.00000    0.00000    0.00000    0.67600    -0.12300   3.12600    -12.51500  -5.65100   33.20700
T-A        0.00000    0.00000    0.00000    0.00000    0.00000    0.00000    -0.92900   -0.52700   2.87900    1.17300    -8.55000   33.48600
C-G        0.00000    0.00000    0.00000    0.00000    0.00000    0.00000    -0.13400   -1.01800   3.05000    -2.62400   -6.07100   32.10600
A-T        0.00000    0.00000    0.00000    0.00000    0.00000    0.00000    0.37700    -0.59600   3.22600    2.13800    -0.62100   39.43900
C-G        0.00000    0.00000    0.00000    0.00000    0.00000    0.00000    0.90500    -1.56500   3.20700    2.31400    -8.20500   32.14800
A-T        0.00000    0.00000    0.00000    0.00000    0.00000    0.00000    0.52900    -0.91300   3.45600    1.68400    -11.70900  37.49000
