147 # base pairs
  0 # ***local base-pair & step parameters***
#          Shear      Stretch    Stagger    Buckle     Prop-Tw    Opening    Shift      Slide      Rise       Tilt       Roll       Twist
A-T        0.00000    0.00000    0.00000    0.00000    0.00000    0.00000    0.00000    0.00000    0.00000    0.00000    0.00000    0.00000
G-C        0.00000    0.00000    0.00000    0.00000    0.00000    0.00000    -0.27000   -1.09500   3.26900    0.65500    -9.99300   39.97500
T-A        0.00000    0.00000    0.00000    0.00000    0.00000    0.00000    -0.92900   -1.59400   3.27900    -2.06900   -8.63400   31.93800
G-C        0.00000    0.00000    0.00000    0.00000    0.00000    0.00000    -0.32200   -0.59300   3.18200    -1.66400   -0.37500   39.43600
A-T        0.00000    0.00000    0.00000    0.00000    0.00000    0.00000    0.12100    -0.98400   3.10400    2.85800    -6.38900   31.82300
G-C        0.00000    0.00000    0.00000    0.00000    0.00000    0.00000    0.96000    -0.48500   2.89700    -0.88500   -7.59600   33.57900
C-G        0.00000    0.00000    0.00000    0.00000    0.00000    0.00000    -0.71600   -0.08700   3.08600    11.71000   -4.91700   33.30600
G-C        0.00000    0.00000    0.00000    0.00000    0.00000    0.00000    -0.04800   1.55200    5.41100    -0.14600   60.13700   13.20200
C-G        0.00000    0.00000    0.00000    0.00000    0.00000    0.00000    0.67500    -0.12200   3.12500    -12.51800  -5.63900   33.20600
T-A        0.00000    0.00000    0.00000    0.00000    0.00000    0.00000    -0.92700   -0.52800   2.87800    1.16700    -8.56000   33.49500
C-G        0.00000    0.00000    0.00000    0.00000    0.00000    0.00000    -0.13300   -1.01700   3.05000    -2.61000   -6.08100   32.11700
A-T        0.00000    0.00000    0.00000    0.00000    0.00000    0.00000    0.37700    -0.59600   3.22400    2.15400    -0.57500   39.43500
C-G        0.00000    0.00000    0.00000    0.00000    0.00000    0.00000    0.90400    -1.56500   3.20800    2.29400    -8.21000   32.14300
A-T        0.00000    0.00000    0.00000    0.00000    0.00000    0.00000    0.52900    -0.91300   3.45700    1.67600    -11.72600  37.48400
A-T        0.00000    0.00000    0.00000    0.00000    0.00000    0.00000    0.03490    -0.30147   3.22271    0.30497    1.31691    33.33721
T-A        0.00000    0.00000    0.00000    0.00000    0.00000    0.00000    -0.00197   -0.69640   3.20964    0.26189    0.79438    29.57524
T-A        0.00000    0.00000    0.00000    0.00000    0.00000    0.00000    -0.02769   -0.31165   3.22696    0.35950    0.35949    33.62985
T-A        0.00000    0.00000    0.00000    0.00000    0.00000    0.00000    -0.03504   -0.31087   3.22878    0.29359    -0.05347   33.77880
A-T        0.00000    0.00000    0.00000    0.00000    0.00000    0.00000    -0.02129   0.07236    3.31769    0.24305    2.93718    35.14596
T-A        0.00000    0.00000    0.00000    0.00000    0.00000    0.00000    -0.00921   -0.68999   3.21843    0.05516    -0.06824   29.87399
T-A        0.00000    0.00000    0.00000    0.00000    0.00000    0.00000    -0.02556   -0.30153   3.23039    -0.05818   -0.40933   33.96768
C-G        0.00000    0.00000    0.00000    0.00000    0.00000    0.00000    0.02964    -0.12735   3.26223    -0.10005   1.88659    35.13782
G-C        0.00000    0.00000    0.00000    0.00000    0.00000    0.00000    -0.00563   0.33483    3.30377    -0.45530   6.59046    32.80465
C-G        0.00000    0.00000    0.00000    0.00000    0.00000    0.00000    0.00569    -0.46111   3.26522    -0.26248   2.93067    32.15086
A-T        0.00000    0.00000    0.00000    0.00000    0.00000    0.00000    -0.06707   0.02597    3.31841    -0.10294   6.58097    33.09809
A-T        0.00000    0.00000    0.00000    0.00000    0.00000    0.00000    0.02047    -0.31348   3.22571    -0.14559   0.66576    33.45651
A-T        0.00000    0.00000    0.00000    0.00000    0.00000    0.00000    0.01103    -0.30836   3.22458    -0.09379   0.91500    33.39244
G-C        0.00000    0.00000    0.00000    0.00000    0.00000    0.00000    -0.06083   -0.37581   3.27508    -0.35581   4.51075    30.41230
G-C        0.00000    0.00000    0.00000    0.00000    0.00000    0.00000    -0.01088   -0.39827   3.34298    0.34588    5.81035    31.55376
C-G        0.00000    0.00000    0.00000    0.00000    0.00000    0.00000    0.01899    -0.45636   3.25929    0.52951    3.16608    32.09177
C-G        0.00000    0.00000    0.00000    0.00000    0.00000    0.00000    0.07511    -0.33677   3.34230    0.86724    5.00201    31.99351
G-C        0.00000    0.00000    0.00000    0.00000    0.00000    0.00000    0.09124    0.39123    3.30228    1.19710    5.81418    33.21029
G-C        0.00000    0.00000    0.00000    0.00000    0.00000    0.00000    0.05387    -0.33376   3.35084    0.52524    4.01381    32.37607
C-G        0.00000    0.00000    0.00000    0.00000    0.00000    0.00000    0.02408    -0.42321   3.28438    -0.04389   1.84243    32.69493
C-G        0.00000    0.00000    0.00000    0.00000    0.00000    0.00000    -0.01296   -0.37667   3.35625    -0.70557   4.08964    32.24761
C-G        0.00000    0.00000    0.00000    0.00000    0.00000    0.00000    -0.07733   -0.41490   3.35480    -1.24573   4.73394    31.92090
G-C        0.00000    0.00000    0.00000    0.00000    0.00000    0.00000    -0.13304   0.25501    3.30785    -1.87399   7.40349    32.42732
A-T        0.00000    0.00000    0.00000    0.00000    0.00000    0.00000    -0.10235   -0.15372   3.24565    -0.92779   3.40179    34.36176
C-G        0.00000    0.00000    0.00000    0.00000    0.00000    0.00000    -0.04066   -0.65006   3.20839    0.00979    3.26070    30.09701
A-T        0.00000    0.00000    0.00000    0.00000    0.00000    0.00000    -0.08324   -0.02985   3.32784    0.69098    8.45077    32.21389
C-G        0.00000    0.00000    0.00000    0.00000    0.00000    0.00000    -0.00099   -0.64004   3.21761    1.00362    2.82382    30.29446
G-C        0.00000    0.00000    0.00000    0.00000    0.00000    0.00000    0.16949    0.35163    3.30227    2.49311    6.92888    32.73478
A-T        0.00000    0.00000    0.00000    0.00000    0.00000    0.00000    0.07073    -0.12563   3.27281    1.21348    1.16735    35.54589
C-G        0.00000    0.00000    0.00000    0.00000    0.00000    0.00000    0.06194    -0.63381   3.26953    0.69389    0.29830    31.19116
T-A        0.00000    0.00000    0.00000    0.00000    0.00000    0.00000    0.07806    -0.34798   3.29640    0.12278    1.55274    31.45861
T-A        0.00000    0.00000    0.00000    0.00000    0.00000    0.00000    -0.03017   -0.34289   3.23892    -0.74806   -2.09878   34.54841
A-T        0.00000    0.00000    0.00000    0.00000    0.00000    0.00000    -0.06145   0.01323    3.32300    -1.74279   2.63386    35.32791
C-G        0.00000    0.00000    0.00000    0.00000    0.00000    0.00000    -0.04609   -0.64902   3.22122    -1.14698   2.61361    30.46317
T-A        0.00000    0.00000    0.00000    0.00000    0.00000    0.00000    -0.02400   -0.38682   3.26641    -0.98277   5.88337    30.06003
G-C        0.00000    0.00000    0.00000    0.00000    0.00000    0.00000    0.03441    -0.11711   3.33806    -0.63843   9.94129    31.63245
T-A        0.00000    0.00000    0.00000    0.00000    0.00000    0.00000    -0.00284   -0.63920   3.19054    0.41657    4.03498    29.93939
A-T        0.00000    0.00000    0.00000    0.00000    0.00000    0.00000    0.05498    -0.25886   3.30442    1.76232    8.64095    32.12111
G-C        0.00000    0.00000    0.00000    0.00000    0.00000    0.00000    0.00329    -0.33468   3.28364    2.06282    3.74667    31.01459
G-C        0.00000    0.00000    0.00000    0.00000    0.00000    0.00000    0.21252    -0.32684   3.35391    2.52916    3.54290    32.72598
T-A        0.00000    0.00000    0.00000    0.00000    0.00000    0.00000    0.02808    -0.62557   3.28555    0.63866    -0.53991   31.79295
A-T        0.00000    0.00000    0.00000    0.00000    0.00000    0.00000    0.00735    0.63423    3.34480    -0.43008   -5.99903   40.88520
T-A        0.00000    0.00000    0.00000    0.00000    0.00000    0.00000    -0.00167   -0.70575   3.24101    -0.93792   -1.69362   30.73768
C-G        0.00000    0.00000    0.00000    0.00000    0.00000    0.00000    -0.15301   -0.14756   3.27940    -2.44789   1.60818    35.83396
T-A        0.00000    0.00000    0.00000    0.00000    0.00000    0.00000    -0.02923   -0.36563   3.27919    -2.18130   5.20634    30.77523
C-G        0.00000    0.00000    0.00000    0.00000    0.00000    0.00000    -0.09569   -0.13322   3.24157    -1.37598   5.23246    34.32474
G-C        0.00000    0.00000    0.00000    0.00000    0.00000    0.00000    -0.00655   0.14938    3.32405    0.07018    11.79471   31.36697
A-T        0.00000    0.00000    0.00000    0.00000    0.00000    0.00000    0.08906    -0.12558   3.24140    1.46895    5.17891    34.37115
G-C        0.00000    0.00000    0.00000    0.00000    0.00000    0.00000    0.01933    -0.34749   3.27867    2.34703    5.06135    30.85873
C-G        0.00000    0.00000    0.00000    0.00000    0.00000    0.00000    0.21706    -0.43355   3.28206    2.78216    2.28428    32.91267
T-A        0.00000    0.00000    0.00000    0.00000    0.00000    0.00000    0.08879    -0.33805   3.30210    2.47939    1.16634    32.29013
C-G        0.00000    0.00000    0.00000    0.00000    0.00000    0.00000    0.08452    -0.13268   3.29772    0.66877    -1.57456   37.01136
G-C        0.00000    0.00000    0.00000    0.00000    0.00000    0.00000    -0.13943   0.49889    3.30161    -1.98119   1.89590    35.15102
G-C        0.00000    0.00000    0.00000    0.00000    0.00000    0.00000    -0.28581   -0.28784   3.35732    -3.06805   3.03148    33.19920
G-C        0.00000    0.00000    0.00000    0.00000    0.00000    0.00000    -0.30756   -0.33363   3.34398    -3.47572   5.08802    32.34088
A-T        0.00000    0.00000    0.00000    0.00000    0.00000    0.00000    -0.18343   -0.12274   3.23398    -2.29553   4.33805    34.34099
T-A        0.00000    0.00000    0.00000    0.00000    0.00000    0.00000    -0.00325   -0.67032   3.17723    -0.54138   3.26087    28.94293
C-G        0.00000    0.00000    0.00000    0.00000    0.00000    0.00000    0.05102    -0.12770   3.22620    0.48048    5.87086    33.82579
C-G        0.00000    0.00000    0.00000    0.00000    0.00000    0.00000    0.18486    -0.41602   3.33091    2.17979    7.79863    31.27212
G-C        0.00000    0.00000    0.00000    0.00000    0.00000    0.00000    0.32910    0.26888    3.31630    4.61700    8.07163    32.77764
C-G        0.00000    0.00000    0.00000    0.00000    0.00000    0.00000    0.20059    -0.43123   3.29035    2.62721    1.93800    33.07836
T-A        0.00000    0.00000    0.00000    0.00000    0.00000    0.00000    0.06675    -0.34502   3.30646    2.11408    0.90303    32.40274
T-A        0.00000    0.00000    0.00000    0.00000    0.00000    0.00000    -0.03259   -0.35398   3.25293    0.24659    -4.66560   35.98099
T-A        0.00000    0.00000    0.00000    0.00000    0.00000    0.00000    -0.06195   -0.33636   3.24978    -0.91062   -3.86612   35.81739
A-T        0.00000    0.00000    0.00000    0.00000    0.00000    0.00000    -0.11618   0.40772    3.34088    -2.40542   -0.99106   38.85181
A-T        0.00000    0.00000    0.00000    0.00000    0.00000    0.00000    -0.02388   -0.25383   3.22693    -1.71367   1.04265    34.40809
C-G        0.00000    0.00000    0.00000    0.00000    0.00000    0.00000    -0.03822   -0.62862   3.20325    -1.04691   3.84312    30.92385
A-T        0.00000    0.00000    0.00000    0.00000    0.00000    0.00000    -0.07861   -0.04479   3.35251    -0.23879   10.16812   32.73613
C-G        0.00000    0.00000    0.00000    0.00000    0.00000    0.00000    0.02925    -0.65378   3.20004    0.90678    4.32264    30.68441
T-A        0.00000    0.00000    0.00000    0.00000    0.00000    0.00000    0.07592    -0.36801   3.27804    2.42444    5.70918    31.20782
T-A        0.00000    0.00000    0.00000    0.00000    0.00000    0.00000    0.02375    -0.28846   3.23192    1.60610    0.19339    34.56300
T-A        0.00000    0.00000    0.00000    0.00000    0.00000    0.00000    0.00351    -0.32176   3.24207    1.40188    -2.03568   35.19153
C-G        0.00000    0.00000    0.00000    0.00000    0.00000    0.00000    0.07824    -0.13288   3.29201    0.90318    -0.53489   36.70586
A-T        0.00000    0.00000    0.00000    0.00000    0.00000    0.00000    -0.10443   0.33402    3.29701    -0.53321   2.18261    36.06375
T-A        0.00000    0.00000    0.00000    0.00000    0.00000    0.00000    -0.02147   -0.69424   3.23921    -0.70554   -1.45151   30.86117
G-C        0.00000    0.00000    0.00000    0.00000    0.00000    0.00000    -0.06224   0.20604    3.31684    -2.15802   5.06148    34.61956
T-A        0.00000    0.00000    0.00000    0.00000    0.00000    0.00000    -0.01949   -0.63890   3.23284    -1.50450   2.52666    31.07057
T-A        0.00000    0.00000    0.00000    0.00000    0.00000    0.00000    -0.02437   -0.24498   3.21963    -0.88747   2.58956    33.65523
A-T        0.00000    0.00000    0.00000    0.00000    0.00000    0.00000    0.03013    -0.35708   3.31520    -0.13294   10.24959   31.98289
T-A        0.00000    0.00000    0.00000    0.00000    0.00000    0.00000    0.02148    -0.68039   3.19714    0.36306    2.02370    29.60639
A-T        0.00000    0.00000    0.00000    0.00000    0.00000    0.00000    0.07203    -0.21622   3.32550    1.34668    7.12099    33.69775
A-T        0.00000    0.00000    0.00000    0.00000    0.00000    0.00000    0.04581    -0.29854   3.23290    1.12446    0.08400    34.42851
C-G        0.00000    0.00000    0.00000    0.00000    0.00000    0.00000    0.00888    -0.65564   3.26759    1.10556    0.96849    31.56554
G-C        0.00000    0.00000    0.00000    0.00000    0.00000    0.00000    0.03962    0.41417    3.31746    0.95378    4.23625    34.42966
G-C        0.00000    0.00000    0.00000    0.00000    0.00000    0.00000    -0.08559   -0.29226   3.36286    -0.39243   3.17803    33.30214
A-T        0.00000    0.00000    0.00000    0.00000    0.00000    0.00000    -0.10392   -0.10946   3.27932    -0.94293   0.72071    36.23671
T-A        0.00000    0.00000    0.00000    0.00000    0.00000    0.00000    -0.00530   -0.68433   3.22425    -0.59335   -0.23041   30.44837
A-T        0.00000    0.00000    0.00000    0.00000    0.00000    0.00000    -0.02556   0.09751    3.32963    -1.10802   3.96430    35.83646
T-A        0.00000    0.00000    0.00000    0.00000    0.00000    0.00000    0.01489    -0.67967   3.20782    -0.40089   1.14995    29.97525
G-C        0.00000    0.00000    0.00000    0.00000    0.00000    0.00000    0.08818    0.02077    3.33919    -0.40685   7.84486    33.41379
C-G        0.00000    0.00000    0.00000    0.00000    0.00000    0.00000    0.04581    -0.49340   3.26433    0.36057    3.84310    32.44114
T-A        0.00000    0.00000    0.00000    0.00000    0.00000    0.00000    0.04423    -0.37395   3.28720    1.14729    4.63859    31.26662
T-A        0.00000    0.00000    0.00000    0.00000    0.00000    0.00000    -0.01307   -0.29289   3.23185    0.59853    0.30929    34.33731
C-G        0.00000    0.00000    0.00000    0.00000    0.00000    0.00000    0.06436    -0.13167   3.27363    0.80004    1.70769    35.82045
C-G        0.00000    0.00000    0.00000    0.00000    0.00000    0.00000    0.02881    -0.32758   3.35984    0.58024    4.18301    32.95525
G-C        0.00000    0.00000    0.00000    0.00000    0.00000    0.00000    -0.00834   0.41592    3.32001    0.17202    5.12761    34.18079
G-C        0.00000    0.00000    0.00000    0.00000    0.00000    0.00000    -0.05368   -0.29243   3.35638    -0.35295   4.02554    33.05676
C-G        0.00000    0.00000    0.00000    0.00000    0.00000    0.00000    -0.02618   -0.42385   3.28708    -0.46038   2.20212    33.08270
T-A        0.00000    0.00000    0.00000    0.00000    0.00000    0.00000    0.05118    -0.33104   3.29547    -0.30070   3.35783    31.67801
C-G        0.00000    0.00000    0.00000    0.00000    0.00000    0.00000    0.00581    -0.12719   3.27194    -0.48120   2.20585    35.69566
G-C        0.00000    0.00000    0.00000    0.00000    0.00000    0.00000    -0.03187   0.28810    3.32768    -0.77027   7.39819    33.25533
T-A        0.00000    0.00000    0.00000    0.00000    0.00000    0.00000    0.01071    -0.65732   3.23651    -0.39335   2.46605    31.05601
A-T        0.00000    0.00000    0.00000    0.00000    0.00000    0.00000    -0.00591   -0.15359   3.32850    0.02433    6.06800    34.26244
T-A        0.00000    0.00000    0.00000    0.00000    0.00000    0.00000    -0.01212   -0.68901   3.21213    0.15612    0.88543    29.99536
A-T        0.00000    0.00000    0.00000    0.00000    0.00000    0.00000    -0.01267   -0.02040   3.32972    0.49813    4.73724    35.14782
A-T        0.00000    0.00000    0.00000    0.00000    0.00000    0.00000    0.01734    -0.28077   3.23238    0.48862    0.14382    34.43726
T-A        0.00000    0.00000    0.00000    0.00000    0.00000    0.00000    -0.00686   -0.68542   3.22270    0.31510    -0.09316   30.34085
G-C        0.00000    0.00000    0.00000    0.00000    0.00000    0.00000    0.08493    0.24294    3.31291    0.45272    4.76389    34.89377
T-A        0.00000    0.00000    0.00000    0.00000    0.00000    0.00000    0.01535    -0.62846   3.26251    -0.07645   0.94789    31.57277
G-C        0.00000    0.00000    0.00000    0.00000    0.00000    0.00000    0.07205    0.21177    3.31442    -0.30483   4.52434    34.87082
T-A        0.00000    0.00000    0.00000    0.00000    0.00000    0.00000    0.01302    -0.64720   3.26067    -0.66356   1.21265    31.46088
C-G        0.00000    0.00000    0.00000    0.00000    0.00000    0.00000    -0.02021   -0.14374   3.27588    -0.77359   1.91136    35.73662
G-C        0.00000    0.00000    0.00000    0.00000    0.00000    0.00000    -0.10567   0.26662    3.32682    -1.53586   7.48226    33.12425
A-T        0.00000    0.00000    0.00000    0.00000    0.00000    0.00000    -0.07823   -0.14101   3.25791    -0.66326   3.27493    35.07493
C-G        0.00000    0.00000    0.00000    0.00000    0.00000    0.00000    -0.03857   -0.65100   3.22178    0.16779    3.04518    30.79227
C-G        0.00000    0.00000    0.00000    0.00000    0.00000    0.00000    0.01080    -0.38219   3.34633    0.53300    6.36920    32.04342
A-T        0.00000    0.00000    0.00000    0.00000    0.00000    0.00000    -0.02786   0.09813    3.32995    1.26948    6.96682    33.71537
A-T        0.00000    0.00000    0.00000    0.00000    0.00000    0.00000    0.04083    -0.27692   3.23299    0.91683    -0.10453   34.54717
A-T        0.00000    0.00000    0.00000    0.00000    0.00000    0.00000    0.04921    -0.29649   3.23856    0.71117    -1.36243   34.89410
T-A        0.00000    0.00000    0.00000    0.00000    0.00000    0.00000    0.01930    -0.69533   3.23614    0.21933    -1.24076   30.65467
G-C        0.00000    0.00000    0.00000    0.00000    0.00000    0.00000    -0.26900   -1.09600   3.26800    0.65200    -9.99900   39.98200
T-A        0.00000    0.00000    0.00000    0.00000    0.00000    0.00000    -0.92800   -1.59400   3.28000    -2.06300   -8.64800   31.95400
G-C        0.00000    0.00000    0.00000    0.00000    0.00000    0.00000    -0.32200   -0.59400   3.18100    -1.65300   -0.34900   39.42200
A-T        0.00000    0.00000    0.00000    0.00000    0.00000    0.00000    0.12100    -0.98300   3.10600    2.86200    -6.40900   31.81400
G-C        0.00000    0.00000    0.00000    0.00000    0.00000    0.00000    0.96000    -0.48300   2.89500    -0.86600   -7.57100   33.58100
C-G        0.00000    0.00000    0.00000    0.00000    0.00000    0.00000    -0.71700   -0.08600   3.08700    11.68200   -4.89500   33.31200
G-C        0.00000    0.00000    0.00000    0.00000    0.00000    0.00000    -0.04900   1.55200    5.41000    -0.16800   60.11300   13.23400
C-G        0.00000    0.00000    0.00000    0.00000    0.00000    0.00000    0.67500    -0.12400   3.12600    -12.51800  -5.62800   33.19300
T-A        0.00000    0.00000    0.00000    0.00000    0.00000    0.00000    -0.92900   -0.52900   2.87800    1.16500    -8.56500   33.47300
C-G        0.00000    0.00000    0.00000    0.00000    0.00000    0.00000    -0.13400   -1.01700   3.04900    -2.60200   -6.08500   32.11200
A-T        0.00000    0.00000    0.00000    0.00000    0.00000    0.00000    0.37700    -0.59600   3.22500    2.12500    -0.60700   39.45000
C-G        0.00000    0.00000    0.00000    0.00000    0.00000    0.00000    0.90500    -1.56500   3.20700    2.32500    -8.21100   32.16300
A-T        0.00000    0.00000    0.00000    0.00000    0.00000    0.00000    0.52800    -0.91200   3.45700    1.68300    -11.71700  37.47400
