147 # base pairs
  0 # ***local base-pair & step parameters***
#          Shear      Stretch    Stagger    Buckle     Prop-Tw    Opening    Shift      Slide      Rise       Tilt       Roll       Twist
A-T        0.00000    0.00000    0.00000    0.00000    0.00000    0.00000    0.00000    0.00000    0.00000    0.00000    0.00000    0.00000
G-C        0.00000    0.00000    0.00000    0.00000    0.00000    0.00000    -0.27000   -1.09500   3.26900    0.65500    -9.99300   39.97500
T-A        0.00000    0.00000    0.00000    0.00000    0.00000    0.00000    -0.92900   -1.59400   3.27900    -2.06900   -8.63400   31.93800
G-C        0.00000    0.00000    0.00000    0.00000    0.00000    0.00000    -0.32200   -0.59300   3.18200    -1.66400   -0.37500   39.43600
A-T        0.00000    0.00000    0.00000    0.00000    0.00000    0.00000    0.12100    -0.98400   3.10400    2.85800    -6.38900   31.82300
G-C        0.00000    0.00000    0.00000    0.00000    0.00000    0.00000    0.96000    -0.48500   2.89700    -0.88500   -7.59600   33.57900
C-G        0.00000    0.00000    0.00000    0.00000    0.00000    0.00000    -0.71600   -0.08700   3.08600    11.71000   -4.91700   33.30600
G-C        0.00000    0.00000    0.00000    0.00000    0.00000    0.00000    -0.04800   1.55200    5.41100    -0.14600   60.13700   13.20200
C-G        0.00000    0.00000    0.00000    0.00000    0.00000    0.00000    0.67500    -0.12200   3.12500    -12.51800  -5.63900   33.20600
T-A        0.00000    0.00000    0.00000    0.00000    0.00000    0.00000    -0.92700   -0.52800   2.87800    1.16700    -8.56000   33.49500
C-G        0.00000    0.00000    0.00000    0.00000    0.00000    0.00000    -0.13300   -1.01700   3.05000    -2.61000   -6.08100   32.11700
A-T        0.00000    0.00000    0.00000    0.00000    0.00000    0.00000    0.37700    -0.59600   3.22400    2.15400    -0.57500   39.43500
C-G        0.00000    0.00000    0.00000    0.00000    0.00000    0.00000    0.90400    -1.56500   3.20800    2.29400    -8.21000   32.14300
A-T        0.00000    0.00000    0.00000    0.00000    0.00000    0.00000    0.52900    -0.91300   3.45700    1.67600    -11.72600  37.48400
A-T        0.00000    0.00000    0.00000    0.00000    0.00000    0.00000    -0.05296   -0.14587   3.23812    -0.09252   1.94281    34.38601
T-A        0.00000    0.00000    0.00000    0.00000    0.00000    0.00000    -0.00049   -0.77432   3.30064    0.12596    -2.17033   32.14206
T-A        0.00000    0.00000    0.00000    0.00000    0.00000    0.00000    -0.01274   -0.42028   3.25982    0.36690    -2.31963   35.62018
T-A        0.00000    0.00000    0.00000    0.00000    0.00000    0.00000    -0.05083   -0.28084   3.22297    -0.03360   0.56726    33.52397
A-T        0.00000    0.00000    0.00000    0.00000    0.00000    0.00000    0.00833    0.17354    3.31307    -0.35247   3.90706    33.57229
T-A        0.00000    0.00000    0.00000    0.00000    0.00000    0.00000    -0.06010   -0.70433   3.24191    -0.20339   -1.01080   30.40599
T-A        0.00000    0.00000    0.00000    0.00000    0.00000    0.00000    -0.02865   -0.31467   3.25950    0.25479    0.08566    33.79417
C-G        0.00000    0.00000    0.00000    0.00000    0.00000    0.00000    -0.01476   -0.06445   3.27339    0.12687    2.22852    34.74135
G-C        0.00000    0.00000    0.00000    0.00000    0.00000    0.00000    0.05747    0.57546    3.31765    -0.14456   8.62252    33.22414
C-G        0.00000    0.00000    0.00000    0.00000    0.00000    0.00000    -0.10538   -0.41231   3.23463    -1.09513   3.25366    31.18363
A-T        0.00000    0.00000    0.00000    0.00000    0.00000    0.00000    -0.10481   0.25919    3.26212    -0.95421   5.04010    32.98477
A-T        0.00000    0.00000    0.00000    0.00000    0.00000    0.00000    0.05153    -0.24182   3.26886    0.13205    0.71610    33.46143
A-T        0.00000    0.00000    0.00000    0.00000    0.00000    0.00000    -0.05095   -0.42320   3.22183    -0.26938   -0.45842   34.25101
G-C        0.00000    0.00000    0.00000    0.00000    0.00000    0.00000    -0.01341   -0.52399   3.32259    0.58734    4.12951    31.04725
G-C        0.00000    0.00000    0.00000    0.00000    0.00000    0.00000    0.02079    -0.44643   3.41363    -0.24026   5.23498    33.06877
C-G        0.00000    0.00000    0.00000    0.00000    0.00000    0.00000    0.05539    -0.45765   3.22915    0.62038    3.69410    32.23060
C-G        0.00000    0.00000    0.00000    0.00000    0.00000    0.00000    -0.22357   -0.31942   3.32037    0.19359    4.57403    32.80477
G-C        0.00000    0.00000    0.00000    0.00000    0.00000    0.00000    0.13145    0.26856    3.03233    1.32540    5.83781    29.60888
G-C        0.00000    0.00000    0.00000    0.00000    0.00000    0.00000    0.41618    -0.32226   3.34072    1.83797    3.23363    32.81777
C-G        0.00000    0.00000    0.00000    0.00000    0.00000    0.00000    0.04819    -0.38932   3.24171    0.21676    2.05861    32.85477
C-G        0.00000    0.00000    0.00000    0.00000    0.00000    0.00000    0.20749    -0.40226   3.36988    -0.08567   2.63060    33.22940
C-G        0.00000    0.00000    0.00000    0.00000    0.00000    0.00000    -0.02896   -0.35698   3.33976    -0.24596   3.05591    32.20070
G-C        0.00000    0.00000    0.00000    0.00000    0.00000    0.00000    -0.32433   0.67230    3.24576    -2.51332   5.16061    32.15157
A-T        0.00000    0.00000    0.00000    0.00000    0.00000    0.00000    -0.20282   -0.06842   3.12967    -2.09254   0.75728    34.64312
C-G        0.00000    0.00000    0.00000    0.00000    0.00000    0.00000    0.10538    -0.50114   3.14462    -0.26677   4.16970    29.99469
A-T        0.00000    0.00000    0.00000    0.00000    0.00000    0.00000    -0.03965   -0.17947   3.31309    0.24907    7.84597    32.07910
C-G        0.00000    0.00000    0.00000    0.00000    0.00000    0.00000    0.21133    -0.52216   3.22289    0.67085    3.90958    29.65341
G-C        0.00000    0.00000    0.00000    0.00000    0.00000    0.00000    0.11696    0.46441    3.28568    3.24124    4.86512    34.39353
A-T        0.00000    0.00000    0.00000    0.00000    0.00000    0.00000    0.01901    -0.06597   3.17007    0.35450    -0.36448   35.58081
C-G        0.00000    0.00000    0.00000    0.00000    0.00000    0.00000    0.02376    -0.67467   3.25629    0.71895    1.35211    31.41617
T-A        0.00000    0.00000    0.00000    0.00000    0.00000    0.00000    0.15891    -0.83140   3.55507    -0.34173   -1.09998   32.83337
T-A        0.00000    0.00000    0.00000    0.00000    0.00000    0.00000    -0.12149   -0.52370   3.22791    -1.29044   -2.74381   30.14080
A-T        0.00000    0.00000    0.00000    0.00000    0.00000    0.00000    -0.06443   -0.15525   3.30668    -1.50436   4.75810    33.41628
C-G        0.00000    0.00000    0.00000    0.00000    0.00000    0.00000    -0.15588   -0.69150   3.20744    -1.17269   2.74557    30.82128
T-A        0.00000    0.00000    0.00000    0.00000    0.00000    0.00000    -0.08013   -0.50212   3.30358    -0.01804   5.97302    30.51690
G-C        0.00000    0.00000    0.00000    0.00000    0.00000    0.00000    0.10096    -0.21001   3.41278    -0.48922   11.57321   31.70134
T-A        0.00000    0.00000    0.00000    0.00000    0.00000    0.00000    -0.09767   -0.57931   3.13021    0.18803    5.65145    27.18898
A-T        0.00000    0.00000    0.00000    0.00000    0.00000    0.00000    0.15220    -0.70017   3.25996    2.23545    12.64920   29.56795
G-C        0.00000    0.00000    0.00000    0.00000    0.00000    0.00000    -0.11959   -0.40888   3.18530    2.50972    5.17235    28.88154
G-C        0.00000    0.00000    0.00000    0.00000    0.00000    0.00000    0.05660    -0.90724   3.55575    1.98717    3.10823    32.21143
T-A        0.00000    0.00000    0.00000    0.00000    0.00000    0.00000    0.17844    -0.50626   3.26828    1.37830    -1.46794   31.17992
A-T        0.00000    0.00000    0.00000    0.00000    0.00000    0.00000    0.00610    -0.38269   3.34961    0.36786    -1.41204   36.41068
T-A        0.00000    0.00000    0.00000    0.00000    0.00000    0.00000    -0.03137   -0.77258   3.22854    -1.04409   -3.05916   30.61683
C-G        0.00000    0.00000    0.00000    0.00000    0.00000    0.00000    0.08466    -0.37224   3.34073    -2.15785   -0.84424   37.50860
T-A        0.00000    0.00000    0.00000    0.00000    0.00000    0.00000    0.05212    -0.34569   3.31906    -1.86407   4.59676    30.63285
C-G        0.00000    0.00000    0.00000    0.00000    0.00000    0.00000    -0.09497   -0.20225   3.35907    -1.42663   4.86865    33.21179
G-C        0.00000    0.00000    0.00000    0.00000    0.00000    0.00000    -0.03821   0.27007    3.29106    -0.93638   18.27084   26.70357
A-T        0.00000    0.00000    0.00000    0.00000    0.00000    0.00000    -0.03165   -0.12885   3.31544    -0.27326   5.87952    32.61235
G-C        0.00000    0.00000    0.00000    0.00000    0.00000    0.00000    0.14675    -0.42574   3.30374    2.40280    5.91309    29.95502
C-G        0.00000    0.00000    0.00000    0.00000    0.00000    0.00000    0.14756    -0.51020   3.36586    2.25057    2.65124    34.93877
T-A        0.00000    0.00000    0.00000    0.00000    0.00000    0.00000    0.00266    -0.15808   3.27061    3.15638    -0.03236   32.20687
C-G        0.00000    0.00000    0.00000    0.00000    0.00000    0.00000    0.23864    0.30697    3.24829    2.62827    -0.50289   36.92988
G-C        0.00000    0.00000    0.00000    0.00000    0.00000    0.00000    0.05360    1.16936    3.35111    0.01746    0.52255    35.35944
G-C        0.00000    0.00000    0.00000    0.00000    0.00000    0.00000    -0.30342   -0.13882   3.33648    -4.74549   1.61900    33.79756
G-C        0.00000    0.00000    0.00000    0.00000    0.00000    0.00000    -0.30397   -0.25156   3.32242    -2.60281   5.83270    32.10863
A-T        0.00000    0.00000    0.00000    0.00000    0.00000    0.00000    -0.10671   -0.25364   3.29068    -1.78023   3.08200    35.22897
T-A        0.00000    0.00000    0.00000    0.00000    0.00000    0.00000    -0.01002   -0.65283   3.21854    -0.61097   3.22308    30.31176
C-G        0.00000    0.00000    0.00000    0.00000    0.00000    0.00000    0.04422    -0.22089   3.25294    0.13090    5.02196    34.25857
C-G        0.00000    0.00000    0.00000    0.00000    0.00000    0.00000    -0.17396   -0.25077   3.25584    -0.35300   8.59503    30.20334
G-C        0.00000    0.00000    0.00000    0.00000    0.00000    0.00000    0.00919    0.28185    3.22593    4.52711    11.28049   30.69491
T-A        0.00000    0.00000    0.00000    0.00000    0.00000    0.00000    0.00503    -0.64935   3.24778    0.20242    1.11588    30.94563
C-G        0.00000    0.00000    0.00000    0.00000    0.00000    0.00000    0.31419    -0.28239   3.22211    2.67938    0.92258    34.71388
A-T        0.00000    0.00000    0.00000    0.00000    0.00000    0.00000    -0.35818   -0.01996   3.34714    1.96761    4.36260    33.20383
T-A        0.00000    0.00000    0.00000    0.00000    0.00000    0.00000    -0.02150   -0.52508   3.23667    -0.24620   -0.43380   30.59217
G-C        0.00000    0.00000    0.00000    0.00000    0.00000    0.00000    -0.14323   -0.24793   3.41396    -3.24175   0.41178    36.88769
T-A        0.00000    0.00000    0.00000    0.00000    0.00000    0.00000    -0.07302   -0.65682   3.29073    -2.08225   -0.42560   32.31859
T-A        0.00000    0.00000    0.00000    0.00000    0.00000    0.00000    -0.00567   -0.22735   3.14603    -2.04650   3.63217    32.89167
A-T        0.00000    0.00000    0.00000    0.00000    0.00000    0.00000    0.00491    0.09830    3.26796    -1.71540   8.87765    31.36496
T-A        0.00000    0.00000    0.00000    0.00000    0.00000    0.00000    0.01920    -0.73987   3.13846    -0.07565   1.97869    29.59810
A-T        0.00000    0.00000    0.00000    0.00000    0.00000    0.00000    0.02627    0.02636    3.26993    1.51648    9.10107    31.15220
A-T        0.00000    0.00000    0.00000    0.00000    0.00000    0.00000    0.02517    -0.24256   3.14487    1.83222    3.85934    32.69625
C-G        0.00000    0.00000    0.00000    0.00000    0.00000    0.00000    0.12119    -0.78954   3.35229    1.36480    0.33963    33.08460
G-C        0.00000    0.00000    0.00000    0.00000    0.00000    0.00000    0.24439    0.27293    3.26168    3.72746    2.55824    36.57400
G-C        0.00000    0.00000    0.00000    0.00000    0.00000    0.00000    0.05553    -0.20118   3.29632    0.86760    4.04726    32.07451
A-T        0.00000    0.00000    0.00000    0.00000    0.00000    0.00000    -0.00609   -0.19378   3.24298    -0.56116   1.45330    36.17351
C-G        0.00000    0.00000    0.00000    0.00000    0.00000    0.00000    -0.04527   -0.65754   3.24979    -0.49003   1.56994    32.13027
T-A        0.00000    0.00000    0.00000    0.00000    0.00000    0.00000    0.05515    -0.71357   3.52642    -2.30076   2.39385    34.26945
T-A        0.00000    0.00000    0.00000    0.00000    0.00000    0.00000    0.04617    -0.39450   3.21926    -1.08964   0.46049    34.65999
T-A        0.00000    0.00000    0.00000    0.00000    0.00000    0.00000    -0.02094   -0.15454   3.22730    -0.64228   3.71853    33.79732
A-T        0.00000    0.00000    0.00000    0.00000    0.00000    0.00000    0.03998    0.00843    3.37157    0.14423    10.63889   34.20021
A-T        0.00000    0.00000    0.00000    0.00000    0.00000    0.00000    0.02495    -0.23486   3.14487    1.02830    4.10810    32.60356
C-G        0.00000    0.00000    0.00000    0.00000    0.00000    0.00000    0.04432    -0.69288   3.27917    1.16850    0.90781    31.74701
A-T        0.00000    0.00000    0.00000    0.00000    0.00000    0.00000    0.11897    -0.11833   3.35930    0.99386    4.48786    35.15561
C-G        0.00000    0.00000    0.00000    0.00000    0.00000    0.00000    0.08752    -0.69614   3.32220    0.80271    0.70749    31.93056
T-A        0.00000    0.00000    0.00000    0.00000    0.00000    0.00000    0.07184    -0.77366   3.55937    0.18747    -0.07129   34.45177
T-A        0.00000    0.00000    0.00000    0.00000    0.00000    0.00000    0.03396    -0.37352   3.24687    0.31246    -3.24614   36.07948
T-A        0.00000    0.00000    0.00000    0.00000    0.00000    0.00000    -0.05374   -0.29327   3.26045    -0.60923   -1.72880   35.29057
A-T        0.00000    0.00000    0.00000    0.00000    0.00000    0.00000    -0.00064   0.32576    3.37098    -1.65886   1.12855    37.83085
T-A        0.00000    0.00000    0.00000    0.00000    0.00000    0.00000    0.06757    -0.72635   3.15359    -0.85271   2.95690    28.26358
G-C        0.00000    0.00000    0.00000    0.00000    0.00000    0.00000    0.00881    -0.25924   3.32821    0.14048    6.44202    37.16820
C-G        0.00000    0.00000    0.00000    0.00000    0.00000    0.00000    0.26439    -0.45949   3.22387    -1.02830   3.99846    32.69179
T-A        0.00000    0.00000    0.00000    0.00000    0.00000    0.00000    0.24266    -0.46103   3.43476    2.53123    2.61410    34.50952
T-A        0.00000    0.00000    0.00000    0.00000    0.00000    0.00000    -0.00197   -0.24797   3.19737    1.17086    3.21551    33.95811
C-G        0.00000    0.00000    0.00000    0.00000    0.00000    0.00000    0.10114    -0.23896   3.32937    0.86724    1.74129    35.83552
C-G        0.00000    0.00000    0.00000    0.00000    0.00000    0.00000    -0.05655   -0.19899   3.28921    -0.03955   5.24503    31.95816
G-C        0.00000    0.00000    0.00000    0.00000    0.00000    0.00000    -0.01263   0.33353    3.06699    0.29412    4.93392    31.27936
G-C        0.00000    0.00000    0.00000    0.00000    0.00000    0.00000    0.24708    -0.25328   3.35076    0.33506    3.16766    34.09131
C-G        0.00000    0.00000    0.00000    0.00000    0.00000    0.00000    0.08233    -0.57008   3.30159    -0.55618   2.06257    33.70379
T-A        0.00000    0.00000    0.00000    0.00000    0.00000    0.00000    -0.01953   -0.21339   3.31031    -0.30753   2.23969    32.01884
C-G        0.00000    0.00000    0.00000    0.00000    0.00000    0.00000    0.04309    0.04740    3.33124    0.12782    2.16580    35.82893
G-C        0.00000    0.00000    0.00000    0.00000    0.00000    0.00000    -0.02124   0.47925    3.29982    -1.24210   5.02602    35.69277
T-A        0.00000    0.00000    0.00000    0.00000    0.00000    0.00000    0.25695    -0.73325   3.24125    -0.58769   3.27023    32.37465
A-T        0.00000    0.00000    0.00000    0.00000    0.00000    0.00000    0.01078    -0.60255   3.38978    0.47034    6.07649    34.66800
T-A        0.00000    0.00000    0.00000    0.00000    0.00000    0.00000    -0.01070   -0.72892   3.17553    0.30052    0.03253    30.32765
A-T        0.00000    0.00000    0.00000    0.00000    0.00000    0.00000    -0.03151   0.19126    3.36486    0.98908    2.36181    36.87302
A-T        0.00000    0.00000    0.00000    0.00000    0.00000    0.00000    -0.02277   -0.34095   3.22577    0.51544    1.17819    34.56222
T-A        0.00000    0.00000    0.00000    0.00000    0.00000    0.00000    0.00037    -0.68299   3.27146    0.49580    -0.48949   31.55975
G-C        0.00000    0.00000    0.00000    0.00000    0.00000    0.00000    -0.03382   -0.17589   3.41969    -0.39057   3.13086    36.91793
T-A        0.00000    0.00000    0.00000    0.00000    0.00000    0.00000    0.02391    -0.49913   3.25518    -0.00056   0.07551    30.70062
G-C        0.00000    0.00000    0.00000    0.00000    0.00000    0.00000    -0.03962   -0.04974   3.35065    0.31696    3.46547    35.92278
T-A        0.00000    0.00000    0.00000    0.00000    0.00000    0.00000    -0.09231   -0.52362   3.18032    -0.59391   2.19836    31.47796
C-G        0.00000    0.00000    0.00000    0.00000    0.00000    0.00000    0.04851    -0.06785   3.17843    0.19567    0.05474    36.08992
G-C        0.00000    0.00000    0.00000    0.00000    0.00000    0.00000    -0.03843   0.45227    3.28282    -1.46050   10.19282   30.78747
A-T        0.00000    0.00000    0.00000    0.00000    0.00000    0.00000    -0.13977   -0.06553   3.15893    -1.32346   0.56541    35.65722
C-G        0.00000    0.00000    0.00000    0.00000    0.00000    0.00000    -0.14303   -0.80496   3.19596    0.06887    3.12694    31.81332
C-G        0.00000    0.00000    0.00000    0.00000    0.00000    0.00000    0.16933    -0.56141   3.37058    1.00987    7.36658    31.21770
A-T        0.00000    0.00000    0.00000    0.00000    0.00000    0.00000    0.09106    0.61021    3.31722    0.53501    6.78838    34.49805
A-T        0.00000    0.00000    0.00000    0.00000    0.00000    0.00000    0.10606    -0.18778   3.27686    1.00532    0.20788    35.09397
A-T        0.00000    0.00000    0.00000    0.00000    0.00000    0.00000    0.00865    -0.39153   3.25968    0.37844    -3.14495   36.45349
T-A        0.00000    0.00000    0.00000    0.00000    0.00000    0.00000    0.02917    -0.71134   3.27790    0.33549    -1.32940   31.72011
G-C        0.00000    0.00000    0.00000    0.00000    0.00000    0.00000    -0.26900   -1.09600   3.26800    0.65200    -9.99900   39.98200
T-A        0.00000    0.00000    0.00000    0.00000    0.00000    0.00000    -0.92800   -1.59400   3.28000    -2.06300   -8.64800   31.95400
G-C        0.00000    0.00000    0.00000    0.00000    0.00000    0.00000    -0.32200   -0.59400   3.18100    -1.65300   -0.34900   39.42200
A-T        0.00000    0.00000    0.00000    0.00000    0.00000    0.00000    0.12100    -0.98300   3.10600    2.86200    -6.40900   31.81400
G-C        0.00000    0.00000    0.00000    0.00000    0.00000    0.00000    0.96000    -0.48300   2.89500    -0.86600   -7.57100   33.58100
C-G        0.00000    0.00000    0.00000    0.00000    0.00000    0.00000    -0.71700   -0.08600   3.08700    11.68200   -4.89500   33.31200
G-C        0.00000    0.00000    0.00000    0.00000    0.00000    0.00000    -0.04900   1.55200    5.41000    -0.16800   60.11300   13.23400
C-G        0.00000    0.00000    0.00000    0.00000    0.00000    0.00000    0.67500    -0.12400   3.12600    -12.51800  -5.62800   33.19300
T-A        0.00000    0.00000    0.00000    0.00000    0.00000    0.00000    -0.92900   -0.52900   2.87800    1.16500    -8.56500   33.47300
C-G        0.00000    0.00000    0.00000    0.00000    0.00000    0.00000    -0.13400   -1.01700   3.04900    -2.60200   -6.08500   32.11200
A-T        0.00000    0.00000    0.00000    0.00000    0.00000    0.00000    0.37700    -0.59600   3.22500    2.12500    -0.60700   39.45000
C-G        0.00000    0.00000    0.00000    0.00000    0.00000    0.00000    0.90500    -1.56500   3.20700    2.32500    -8.21100   32.16300
A-T        0.00000    0.00000    0.00000    0.00000    0.00000    0.00000    0.52800    -0.91200   3.45700    1.68300    -11.71700  37.47400
