147 # base pairs
  0 # ***local base-pair & step parameters***
#          Shear      Stretch    Stagger    Buckle     Prop-Tw    Opening    Shift      Slide      Rise       Tilt       Roll       Twist
A-T        0.00000    0.00000    0.00000    0.00000    0.00000    0.00000    0.00000    0.00000    0.00000    0.00000    0.00000    0.00000
G-C        0.00000    0.00000    0.00000    0.00000    0.00000    0.00000    -0.27000   -1.09500   3.26900    0.65500    -9.99300   39.97500
T-A        0.00000    0.00000    0.00000    0.00000    0.00000    0.00000    -0.92900   -1.59400   3.27900    -2.06900   -8.63400   31.93800
G-C        0.00000    0.00000    0.00000    0.00000    0.00000    0.00000    -0.32200   -0.59300   3.18200    -1.66400   -0.37500   39.43600
A-T        0.00000    0.00000    0.00000    0.00000    0.00000    0.00000    0.12100    -0.98400   3.10400    2.85800    -6.38900   31.82300
G-C        0.00000    0.00000    0.00000    0.00000    0.00000    0.00000    0.96000    -0.48500   2.89700    -0.88500   -7.59600   33.57900
C-G        0.00000    0.00000    0.00000    0.00000    0.00000    0.00000    -0.71600   -0.08700   3.08600    11.71000   -4.91700   33.30600
G-C        0.00000    0.00000    0.00000    0.00000    0.00000    0.00000    -0.04800   1.55200    5.41100    -0.14600   60.13700   13.20200
C-G        0.00000    0.00000    0.00000    0.00000    0.00000    0.00000    0.67500    -0.12200   3.12500    -12.51800  -5.63900   33.20600
T-A        0.00000    0.00000    0.00000    0.00000    0.00000    0.00000    -0.92700   -0.52800   2.87800    1.16700    -8.56000   33.49500
C-G        0.00000    0.00000    0.00000    0.00000    0.00000    0.00000    -0.13300   -1.01700   3.05000    -2.61000   -6.08100   32.11700
A-T        0.00000    0.00000    0.00000    0.00000    0.00000    0.00000    0.37700    -0.59600   3.22400    2.15400    -0.57500   39.43500
C-G        0.00000    0.00000    0.00000    0.00000    0.00000    0.00000    0.90400    -1.56500   3.20800    2.29400    -8.21000   32.14300
A-T        0.00000    0.00000    0.00000    0.00000    0.00000    0.00000    0.52900    -0.91300   3.45700    1.67600    -11.72600  37.48400
A-T        0.00000    0.00000    0.00000    0.00000    0.00000    0.00000    -0.04011   -0.12860   3.24005    -0.09466   2.08164    34.75970
T-A        0.00000    0.00000    0.00000    0.00000    0.00000    0.00000    0.00121    -0.77004   3.30124    0.14653    -2.08393   32.40388
T-A        0.00000    0.00000    0.00000    0.00000    0.00000    0.00000    -0.01147   -0.41431   3.26054    0.42290    -2.24140   35.79980
T-A        0.00000    0.00000    0.00000    0.00000    0.00000    0.00000    -0.04247   -0.27281   3.23089    0.06439    0.37506    33.96339
A-T        0.00000    0.00000    0.00000    0.00000    0.00000    0.00000    0.01316    0.21655    3.34214    -0.12198   2.48955    35.47237
T-A        0.00000    0.00000    0.00000    0.00000    0.00000    0.00000    -0.06137   -0.69748   3.24935    -0.19821   -1.40580   30.91636
T-A        0.00000    0.00000    0.00000    0.00000    0.00000    0.00000    -0.01952   -0.30045   3.25763    0.37649    -0.49052   34.53217
C-G        0.00000    0.00000    0.00000    0.00000    0.00000    0.00000    -0.02042   -0.04729   3.27975    0.08435    1.99378    35.24582
G-C        0.00000    0.00000    0.00000    0.00000    0.00000    0.00000    0.00102    0.57984    3.32246    -0.64727   8.61495    33.39683
C-G        0.00000    0.00000    0.00000    0.00000    0.00000    0.00000    -0.11915   -0.41488   3.23858    -1.20809   3.26831    31.30392
A-T        0.00000    0.00000    0.00000    0.00000    0.00000    0.00000    -0.12398   0.28380    3.26827    -1.11858   5.21124    33.46313
A-T        0.00000    0.00000    0.00000    0.00000    0.00000    0.00000    0.04665    -0.22060   3.26967    0.15190    1.04743    33.78239
A-T        0.00000    0.00000    0.00000    0.00000    0.00000    0.00000    -0.05144   -0.41115   3.22454    -0.16086   -0.20633   34.47457
G-C        0.00000    0.00000    0.00000    0.00000    0.00000    0.00000    -0.01337   -0.51954   3.32810    0.67313    4.14618    31.34353
G-C        0.00000    0.00000    0.00000    0.00000    0.00000    0.00000    0.03664    -0.43061   3.41866    0.04432    4.95845    33.61373
C-G        0.00000    0.00000    0.00000    0.00000    0.00000    0.00000    0.08046    -0.43373   3.23803    0.82816    3.40130    32.73746
C-G        0.00000    0.00000    0.00000    0.00000    0.00000    0.00000    -0.21447   -0.29987   3.33066    0.27483    4.16383    33.25359
G-C        0.00000    0.00000    0.00000    0.00000    0.00000    0.00000    0.10943    0.29620    3.04440    1.06136    5.42574    30.19573
G-C        0.00000    0.00000    0.00000    0.00000    0.00000    0.00000    0.37189    -0.30611   3.34779    1.34360    3.08939    33.25370
C-G        0.00000    0.00000    0.00000    0.00000    0.00000    0.00000    0.00190    -0.38371   3.24829    -0.17788   2.11050    33.22000
C-G        0.00000    0.00000    0.00000    0.00000    0.00000    0.00000    0.19115    -0.40492   3.37287    -0.46310   3.02263    33.45031
C-G        0.00000    0.00000    0.00000    0.00000    0.00000    0.00000    -0.03858   -0.35521   3.34701    -0.26192   3.36362    32.64784
G-C        0.00000    0.00000    0.00000    0.00000    0.00000    0.00000    -0.32520   0.67098    3.24944    -2.38511   5.35364    32.43160
A-T        0.00000    0.00000    0.00000    0.00000    0.00000    0.00000    -0.17886   -0.06729   3.13977    -1.76600   0.80541    34.95666
C-G        0.00000    0.00000    0.00000    0.00000    0.00000    0.00000    0.10513    -0.49751   3.14680    -0.00001   4.09244    30.34389
A-T        0.00000    0.00000    0.00000    0.00000    0.00000    0.00000    -0.00587   -0.14899   3.32882    0.44940    7.28003    32.92206
C-G        0.00000    0.00000    0.00000    0.00000    0.00000    0.00000    0.21371    -0.51799   3.23869    0.81026    3.42883    30.15932
G-C        0.00000    0.00000    0.00000    0.00000    0.00000    0.00000    0.11710    0.47144    3.28721    3.07020    4.18824    35.09694
A-T        0.00000    0.00000    0.00000    0.00000    0.00000    0.00000    0.00576    -0.06309   3.17484    0.17663    -0.54060   35.88709
C-G        0.00000    0.00000    0.00000    0.00000    0.00000    0.00000    0.02499    -0.66444   3.26011    0.53100    1.26011    31.75745
T-A        0.00000    0.00000    0.00000    0.00000    0.00000    0.00000    0.13267    -0.81039   3.55384    -0.68920   -0.61318   33.37037
T-A        0.00000    0.00000    0.00000    0.00000    0.00000    0.00000    -0.09722   -0.46744   3.22167    -1.50580   -2.21466   30.83388
A-T        0.00000    0.00000    0.00000    0.00000    0.00000    0.00000    -0.06114   -0.16672   3.31041    -1.46718   5.40103    33.58199
C-G        0.00000    0.00000    0.00000    0.00000    0.00000    0.00000    -0.15882   -0.69056   3.20468    -0.99939   3.12949    31.03147
T-A        0.00000    0.00000    0.00000    0.00000    0.00000    0.00000    -0.16407   -0.65327   3.30045    -0.82075   7.28725    30.95244
C-G        0.00000    0.00000    0.00000    0.00000    0.00000    0.00000    0.21322    -0.16406   3.22266    0.89139    6.04789    32.80381
A-T        0.00000    0.00000    0.00000    0.00000    0.00000    0.00000    -0.29001   -0.63710   3.38762    4.67082    9.61905    29.63334
T-A        0.00000    0.00000    0.00000    0.00000    0.00000    0.00000    0.00312    -0.49214   3.19438    0.75155    3.67108    28.96388
G-C        0.00000    0.00000    0.00000    0.00000    0.00000    0.00000    0.05996    -0.23144   3.38428    1.87970    4.64896    35.41791
T-A        0.00000    0.00000    0.00000    0.00000    0.00000    0.00000    0.01288    -0.61084   3.31985    1.01999    -0.71652   32.60554
T-A        0.00000    0.00000    0.00000    0.00000    0.00000    0.00000    0.03047    -0.20120   3.21990    1.37282    -3.53625   34.87085
A-T        0.00000    0.00000    0.00000    0.00000    0.00000    0.00000    0.02141    0.32605    3.42311    -1.40272   -4.24404   40.31907
T-A        0.00000    0.00000    0.00000    0.00000    0.00000    0.00000    0.00461    -0.71650   3.17620    -1.46269   -1.85363   29.80992
A-T        0.00000    0.00000    0.00000    0.00000    0.00000    0.00000    -0.08599   0.10720    3.34649    -1.87738   3.22842    35.45938
A-T        0.00000    0.00000    0.00000    0.00000    0.00000    0.00000    -0.05557   -0.21714   3.13902    -1.85627   3.97733    31.37863
C-G        0.00000    0.00000    0.00000    0.00000    0.00000    0.00000    -0.01702   -0.75621   3.26030    -1.06570   4.21596    31.40658
G-C        0.00000    0.00000    0.00000    0.00000    0.00000    0.00000    0.18550    0.36771    3.22091    0.26894    14.71485   28.35652
G-C        0.00000    0.00000    0.00000    0.00000    0.00000    0.00000    0.63102    -0.15484   3.23894    4.17252    9.61945    30.30182
A-T        0.00000    0.00000    0.00000    0.00000    0.00000    0.00000    0.00611    -0.24557   3.28632    1.89960    1.86252    35.66950
T-A        0.00000    0.00000    0.00000    0.00000    0.00000    0.00000    0.04526    -0.64143   3.18161    0.87449    -0.14388   29.97671
G-C        0.00000    0.00000    0.00000    0.00000    0.00000    0.00000    -0.00163   -0.25092   3.34259    1.00407    0.31975    36.80951
T-A        0.00000    0.00000    0.00000    0.00000    0.00000    0.00000    0.12062    -0.51417   3.16318    0.52512    -1.10102   31.58348
A-T        0.00000    0.00000    0.00000    0.00000    0.00000    0.00000    -0.09515   1.00876    3.29886    -1.09984   -7.25889   41.81815
G-C        0.00000    0.00000    0.00000    0.00000    0.00000    0.00000    -0.24724   -0.19051   3.23520    -3.55646   3.37303    29.96382
G-C        0.00000    0.00000    0.00000    0.00000    0.00000    0.00000    -0.12203   -0.83913   3.48582    -2.46948   5.15552    31.76128
T-A        0.00000    0.00000    0.00000    0.00000    0.00000    0.00000    0.02551    -0.44365   3.17833    -1.64029   3.35760    30.05768
A-T        0.00000    0.00000    0.00000    0.00000    0.00000    0.00000    -0.00327   -0.79298   3.39534    -0.33303   10.87940   32.02332
T-A        0.00000    0.00000    0.00000    0.00000    0.00000    0.00000    -0.02299   -0.67591   3.17115    0.51836    4.23886    28.55310
C-G        0.00000    0.00000    0.00000    0.00000    0.00000    0.00000    0.10324    -0.31303   3.43126    1.43876    4.14643    37.22822
T-A        0.00000    0.00000    0.00000    0.00000    0.00000    0.00000    0.08908    -0.30052   3.25551    1.99409    4.62389    31.19247
C-G        0.00000    0.00000    0.00000    0.00000    0.00000    0.00000    0.40933    0.35566    3.18943    5.27811    1.96414    35.52686
G-C        0.00000    0.00000    0.00000    0.00000    0.00000    0.00000    0.06778    0.63558    3.19746    2.58116    1.54534    32.71664
A-T        0.00000    0.00000    0.00000    0.00000    0.00000    0.00000    -0.13596   0.21998    3.28857    -0.98264   -0.84057   37.08125
G-C        0.00000    0.00000    0.00000    0.00000    0.00000    0.00000    -0.03800   -0.11992   3.27913    -2.38603   -0.84391   32.40810
C-G        0.00000    0.00000    0.00000    0.00000    0.00000    0.00000    -0.12676   -0.46623   3.38717    -1.90831   1.74519    35.45773
T-A        0.00000    0.00000    0.00000    0.00000    0.00000    0.00000    -0.09716   -0.34493   3.30685    -2.28049   4.21745    30.52741
C-G        0.00000    0.00000    0.00000    0.00000    0.00000    0.00000    -0.03292   -0.12693   3.34163    -0.84500   4.53534    33.51777
G-C        0.00000    0.00000    0.00000    0.00000    0.00000    0.00000    0.25435    0.37764    3.17883    0.48237    7.81128    30.83640
G-C        0.00000    0.00000    0.00000    0.00000    0.00000    0.00000    0.08627    -0.34360   3.31083    0.03182    5.79151    32.08143
G-C        0.00000    0.00000    0.00000    0.00000    0.00000    0.00000    0.18480    -0.38167   3.34818    2.35547    7.37515    32.08842
A-T        0.00000    0.00000    0.00000    0.00000    0.00000    0.00000    -0.00699   -0.26868   3.30201    1.69118    0.90376    36.04681
T-A        0.00000    0.00000    0.00000    0.00000    0.00000    0.00000    0.00894    -0.62953   3.25024    0.73652    0.36948    31.21911
C-G        0.00000    0.00000    0.00000    0.00000    0.00000    0.00000    0.07691    -0.30624   3.34532    0.26167    -1.42348   37.12446
C-G        0.00000    0.00000    0.00000    0.00000    0.00000    0.00000    -0.12326   -0.19019   3.28435    -0.88044   4.22647    31.55897
G-C        0.00000    0.00000    0.00000    0.00000    0.00000    0.00000    -0.03027   0.46100    3.24856    -1.55928   4.85874    33.80159
C-G        0.00000    0.00000    0.00000    0.00000    0.00000    0.00000    -0.16712   -0.51000   3.41709    -2.07030   1.07519    34.76131
T-A        0.00000    0.00000    0.00000    0.00000    0.00000    0.00000    -0.06962   -0.45240   3.39592    -0.65598   3.21926    33.78996
T-A        0.00000    0.00000    0.00000    0.00000    0.00000    0.00000    0.05260    -0.41529   3.20964    -0.90100   1.44484    33.91057
T-A        0.00000    0.00000    0.00000    0.00000    0.00000    0.00000    -0.01071   -0.16963   3.21213    -0.25368   4.13527    33.09322
A-T        0.00000    0.00000    0.00000    0.00000    0.00000    0.00000    0.08338    -0.02710   3.34683    0.76077    9.37506    33.42661
A-T        0.00000    0.00000    0.00000    0.00000    0.00000    0.00000    0.00337    -0.24224   3.14883    1.24068    3.13059    32.40528
C-G        0.00000    0.00000    0.00000    0.00000    0.00000    0.00000    0.04215    -0.68703   3.27930    1.34461    0.24682    31.58211
A-T        0.00000    0.00000    0.00000    0.00000    0.00000    0.00000    0.07691    -0.11373   3.33491    0.47438    3.62106    34.83072
C-G        0.00000    0.00000    0.00000    0.00000    0.00000    0.00000    0.04653    -0.71399   3.31863    0.25232    0.46063    31.41148
T-A        0.00000    0.00000    0.00000    0.00000    0.00000    0.00000    0.09705    -0.78514   3.54992    -0.52392   -0.01025   33.64643
T-A        0.00000    0.00000    0.00000    0.00000    0.00000    0.00000    0.03617    -0.39678   3.23267    -0.23631   -2.32140   35.28910
T-A        0.00000    0.00000    0.00000    0.00000    0.00000    0.00000    -0.04847   -0.26782   3.24379    -0.71820   -0.19270   34.44410
A-T        0.00000    0.00000    0.00000    0.00000    0.00000    0.00000    0.01245    0.20677    3.32079    -1.61485   4.24524    34.44618
T-A        0.00000    0.00000    0.00000    0.00000    0.00000    0.00000    0.05485    -0.73796   3.14506    -0.52988   3.46477    27.65463
G-C        0.00000    0.00000    0.00000    0.00000    0.00000    0.00000    0.01684    -0.27179   3.32967    0.31683    6.56730    36.92852
C-G        0.00000    0.00000    0.00000    0.00000    0.00000    0.00000    0.26687    -0.46237   3.22329    -0.63502   3.93282    32.38572
T-A        0.00000    0.00000    0.00000    0.00000    0.00000    0.00000    0.28982    -0.46899   3.42652    3.01226    2.23671    34.07802
T-A        0.00000    0.00000    0.00000    0.00000    0.00000    0.00000    -0.01344   -0.25487   3.19664    1.06016    2.65596    33.73020
C-G        0.00000    0.00000    0.00000    0.00000    0.00000    0.00000    0.09700    -0.24926   3.32273    0.78551    1.28647    35.34005
C-G        0.00000    0.00000    0.00000    0.00000    0.00000    0.00000    -0.10676   -0.20072   3.28087    -0.42669   5.21962    31.40545
G-C        0.00000    0.00000    0.00000    0.00000    0.00000    0.00000    -0.04344   0.31176    3.04799    -0.18815   4.97614    30.56560
G-C        0.00000    0.00000    0.00000    0.00000    0.00000    0.00000    0.24796    -0.28266   3.34114    0.15440    3.44316    33.57713
C-G        0.00000    0.00000    0.00000    0.00000    0.00000    0.00000    0.08824    -0.58784   3.29579    -0.69169   2.21627    33.05546
T-A        0.00000    0.00000    0.00000    0.00000    0.00000    0.00000    -0.03198   -0.27717   3.30009    -0.48862   2.83378    31.11328
C-G        0.00000    0.00000    0.00000    0.00000    0.00000    0.00000    0.07680    0.00419    3.31314    0.38312    2.90156    34.64473
G-C        0.00000    0.00000    0.00000    0.00000    0.00000    0.00000    -0.00367   0.46332    3.29037    -0.86220   5.37622    34.69107
T-A        0.00000    0.00000    0.00000    0.00000    0.00000    0.00000    0.23972    -0.66825   3.21504    -0.23666   3.32313    31.50929
A-T        0.00000    0.00000    0.00000    0.00000    0.00000    0.00000    0.01734    -0.65558   3.38016    0.78030    6.23014    33.70111
T-A        0.00000    0.00000    0.00000    0.00000    0.00000    0.00000    -0.01624   -0.73035   3.16148    0.40026    -0.15690   29.66956
A-T        0.00000    0.00000    0.00000    0.00000    0.00000    0.00000    -0.03239   0.17715    3.34256    1.10679    2.86063    35.40106
A-T        0.00000    0.00000    0.00000    0.00000    0.00000    0.00000    -0.00295   -0.36049   3.21930    0.44537    0.79054    34.05415
T-A        0.00000    0.00000    0.00000    0.00000    0.00000    0.00000    0.00021    -0.69657   3.26771    0.36308    -0.54005   31.09621
G-C        0.00000    0.00000    0.00000    0.00000    0.00000    0.00000    -0.02798   -0.23327   3.41195    -0.70914   3.33382    35.83329
T-A        0.00000    0.00000    0.00000    0.00000    0.00000    0.00000    0.02833    -0.49561   3.23978    -0.13816   0.37932    29.82501
G-C        0.00000    0.00000    0.00000    0.00000    0.00000    0.00000    -0.02214   -0.09549   3.33086    0.12832    4.18934    34.67379
T-A        0.00000    0.00000    0.00000    0.00000    0.00000    0.00000    -0.09979   -0.53015   3.17325    -0.56715   2.46940    30.88440
C-G        0.00000    0.00000    0.00000    0.00000    0.00000    0.00000    0.06091    -0.07185   3.16529    0.37938    0.23006    35.54149
G-C        0.00000    0.00000    0.00000    0.00000    0.00000    0.00000    -0.03177   0.39144    3.26194    -1.09380   10.96811   29.31240
A-T        0.00000    0.00000    0.00000    0.00000    0.00000    0.00000    -0.13143   -0.06949   3.15029    -1.22856   0.61754    35.21132
C-G        0.00000    0.00000    0.00000    0.00000    0.00000    0.00000    -0.14340   -0.80852   3.19289    0.19004    3.12496    31.40199
C-G        0.00000    0.00000    0.00000    0.00000    0.00000    0.00000    0.18640    -0.58621   3.36514    1.11419    7.34574    30.60163
A-T        0.00000    0.00000    0.00000    0.00000    0.00000    0.00000    0.09795    0.56707    3.30154    0.44421    6.83396    33.57721
A-T        0.00000    0.00000    0.00000    0.00000    0.00000    0.00000    0.10815    -0.21177   3.27459    0.93638    -0.01697   34.55513
A-T        0.00000    0.00000    0.00000    0.00000    0.00000    0.00000    0.00925    -0.40262   3.25689    0.17600    -3.23596   36.18564
T-A        0.00000    0.00000    0.00000    0.00000    0.00000    0.00000    0.02431    -0.71977   3.27315    0.11369    -1.20489   31.23069
G-C        0.00000    0.00000    0.00000    0.00000    0.00000    0.00000    -0.26900   -1.09600   3.26800    0.65200    -9.99900   39.98200
T-A        0.00000    0.00000    0.00000    0.00000    0.00000    0.00000    -0.92800   -1.59400   3.28000    -2.06300   -8.64800   31.95400
G-C        0.00000    0.00000    0.00000    0.00000    0.00000    0.00000    -0.32200   -0.59400   3.18100    -1.65300   -0.34900   39.42200
A-T        0.00000    0.00000    0.00000    0.00000    0.00000    0.00000    0.12100    -0.98300   3.10600    2.86200    -6.40900   31.81400
G-C        0.00000    0.00000    0.00000    0.00000    0.00000    0.00000    0.96000    -0.48300   2.89500    -0.86600   -7.57100   33.58100
C-G        0.00000    0.00000    0.00000    0.00000    0.00000    0.00000    -0.71700   -0.08600   3.08700    11.68200   -4.89500   33.31200
G-C        0.00000    0.00000    0.00000    0.00000    0.00000    0.00000    -0.04900   1.55200    5.41000    -0.16800   60.11300   13.23400
C-G        0.00000    0.00000    0.00000    0.00000    0.00000    0.00000    0.67500    -0.12400   3.12600    -12.51800  -5.62800   33.19300
T-A        0.00000    0.00000    0.00000    0.00000    0.00000    0.00000    -0.92900   -0.52900   2.87800    1.16500    -8.56500   33.47300
C-G        0.00000    0.00000    0.00000    0.00000    0.00000    0.00000    -0.13400   -1.01700   3.04900    -2.60200   -6.08500   32.11200
A-T        0.00000    0.00000    0.00000    0.00000    0.00000    0.00000    0.37700    -0.59600   3.22500    2.12500    -0.60700   39.45000
C-G        0.00000    0.00000    0.00000    0.00000    0.00000    0.00000    0.90500    -1.56500   3.20700    2.32500    -8.21100   32.16300
A-T        0.00000    0.00000    0.00000    0.00000    0.00000    0.00000    0.52800    -0.91200   3.45700    1.68300    -11.71700  37.47400
