147 # base pairs
  0 # ***local base-pair & step parameters***
#          Shear      Stretch    Stagger    Buckle     Prop-Tw    Opening    Shift      Slide      Rise       Tilt       Roll       Twist
A-T        0.00000    0.00000    0.00000    0.00000    0.00000    0.00000    0.00000    0.00000    0.00000    0.00000    0.00000    0.00000
G-C        0.00000    0.00000    0.00000    0.00000    0.00000    0.00000    -0.27000   -1.09500   3.26900    0.65500    -9.99300   39.97500
T-A        0.00000    0.00000    0.00000    0.00000    0.00000    0.00000    -0.92900   -1.59400   3.27900    -2.06900   -8.63400   31.93800
G-C        0.00000    0.00000    0.00000    0.00000    0.00000    0.00000    -0.32200   -0.59300   3.18200    -1.66400   -0.37500   39.43600
A-T        0.00000    0.00000    0.00000    0.00000    0.00000    0.00000    0.12100    -0.98400   3.10400    2.85800    -6.38900   31.82300
G-C        0.00000    0.00000    0.00000    0.00000    0.00000    0.00000    0.96000    -0.48500   2.89700    -0.88500   -7.59600   33.57900
C-G        0.00000    0.00000    0.00000    0.00000    0.00000    0.00000    -0.71600   -0.08700   3.08600    11.71000   -4.91700   33.30600
G-C        0.00000    0.00000    0.00000    0.00000    0.00000    0.00000    -0.04800   1.55200    5.41100    -0.14600   60.13700   13.20200
C-G        0.00000    0.00000    0.00000    0.00000    0.00000    0.00000    0.67500    -0.12200   3.12500    -12.51800  -5.63900   33.20600
T-A        0.00000    0.00000    0.00000    0.00000    0.00000    0.00000    -0.92700   -0.52800   2.87800    1.16700    -8.56000   33.49500
C-G        0.00000    0.00000    0.00000    0.00000    0.00000    0.00000    -0.13300   -1.01700   3.05000    -2.61000   -6.08100   32.11700
A-T        0.00000    0.00000    0.00000    0.00000    0.00000    0.00000    0.37700    -0.59600   3.22400    2.15400    -0.57500   39.43500
C-G        0.00000    0.00000    0.00000    0.00000    0.00000    0.00000    0.90400    -1.56500   3.20800    2.29400    -8.21000   32.14300
A-T        0.00000    0.00000    0.00000    0.00000    0.00000    0.00000    0.52900    -0.91300   3.45700    1.67600    -11.72600  37.48400
A-T        0.00000    0.00000    0.00000    0.00000    0.00000    0.00000    0.03628    -0.30796   3.22037    0.27617    1.38494    33.06560
T-A        0.00000    0.00000    0.00000    0.00000    0.00000    0.00000    -0.00064   -0.69778   3.20699    0.23882    0.86586    29.37634
T-A        0.00000    0.00000    0.00000    0.00000    0.00000    0.00000    -0.02812   -0.31812   3.22431    0.32787    0.50462    33.33307
T-A        0.00000    0.00000    0.00000    0.00000    0.00000    0.00000    -0.03598   -0.31712   3.22597    0.27052    0.12632    33.47139
A-T        0.00000    0.00000    0.00000    0.00000    0.00000    0.00000    -0.02232   0.00163    3.31056    0.25049    3.63409    34.33332
T-A        0.00000    0.00000    0.00000    0.00000    0.00000    0.00000    -0.01063   -0.69127   3.21529    0.07786    0.04918    29.66687
T-A        0.00000    0.00000    0.00000    0.00000    0.00000    0.00000    -0.02734   -0.30717   3.22778    -0.01898   -0.27852   33.68451
C-G        0.00000    0.00000    0.00000    0.00000    0.00000    0.00000    0.03360    -0.13071   3.25704    -0.03055   1.95881    34.86866
G-C        0.00000    0.00000    0.00000    0.00000    0.00000    0.00000    0.00187    0.33412    3.29546    -0.33624   6.60652    32.52905
C-G        0.00000    0.00000    0.00000    0.00000    0.00000    0.00000    0.01165    -0.45838   3.26064    -0.20227   2.90127    31.95558
A-T        0.00000    0.00000    0.00000    0.00000    0.00000    0.00000    -0.06234   0.02132    3.31269    -0.05960   6.50434    32.85560
A-T        0.00000    0.00000    0.00000    0.00000    0.00000    0.00000    0.02345    -0.32254   3.22437    -0.17909   0.54759    33.26047
A-T        0.00000    0.00000    0.00000    0.00000    0.00000    0.00000    0.01212    -0.31757   3.22296    -0.17446   0.85735    33.17324
G-C        0.00000    0.00000    0.00000    0.00000    0.00000    0.00000    -0.06197   -0.38425   3.26971    -0.50557   4.56507    30.11484
G-C        0.00000    0.00000    0.00000    0.00000    0.00000    0.00000    -0.02352   -0.41471   3.33902    0.20418    5.97357    31.23576
C-G        0.00000    0.00000    0.00000    0.00000    0.00000    0.00000    0.01039    -0.46375   3.25135    0.45162    3.37187    31.79900
C-G        0.00000    0.00000    0.00000    0.00000    0.00000    0.00000    0.06736    -0.35409   3.33727    0.84728    5.28348    31.63402
G-C        0.00000    0.00000    0.00000    0.00000    0.00000    0.00000    0.09998    0.37551    3.29508    1.38264    6.15119    32.82011
G-C        0.00000    0.00000    0.00000    0.00000    0.00000    0.00000    0.07030    -0.34208   3.34605    0.76610    4.13743    32.09167
C-G        0.00000    0.00000    0.00000    0.00000    0.00000    0.00000    0.03834    -0.42022   3.27988    0.15447    1.81977    32.51483
C-G        0.00000    0.00000    0.00000    0.00000    0.00000    0.00000    0.00758    -0.37220   3.35272    -0.51637   3.90942    32.10257
C-G        0.00000    0.00000    0.00000    0.00000    0.00000    0.00000    -0.06341   -0.41132   3.35212    -1.17192   4.47671    31.80117
G-C        0.00000    0.00000    0.00000    0.00000    0.00000    0.00000    -0.13573   0.26310    3.29960    -1.98613   7.06619    32.31080
A-T        0.00000    0.00000    0.00000    0.00000    0.00000    0.00000    -0.11385   -0.15969   3.24260    -1.11209   3.26114    34.18971
C-G        0.00000    0.00000    0.00000    0.00000    0.00000    0.00000    -0.04082   -0.65136   3.20490    -0.17698   3.26739    29.88464
A-T        0.00000    0.00000    0.00000    0.00000    0.00000    0.00000    -0.10039   -0.06630   3.32546    0.45818    8.77545    31.79834
C-G        0.00000    0.00000    0.00000    0.00000    0.00000    0.00000    -0.00789   -0.64271   3.20810    0.89209    3.12207    29.96800
G-C        0.00000    0.00000    0.00000    0.00000    0.00000    0.00000    0.16150    0.31988    3.29612    2.45495    7.56376    32.22851
A-T        0.00000    0.00000    0.00000    0.00000    0.00000    0.00000    0.07628    -0.13041   3.26532    1.34977    1.57332    35.16472
C-G        0.00000    0.00000    0.00000    0.00000    0.00000    0.00000    0.06220    -0.63377   3.26224    0.90222    0.49426    30.91246
T-A        0.00000    0.00000    0.00000    0.00000    0.00000    0.00000    0.08200    -0.34887   3.29027    0.46531    1.56479    31.20244
T-A        0.00000    0.00000    0.00000    0.00000    0.00000    0.00000    -0.02612   -0.35117   3.23831    -0.55111   -2.39986   34.42922
A-T        0.00000    0.00000    0.00000    0.00000    0.00000    0.00000    -0.05210   0.06631    3.31924    -1.64782   1.65801    35.54391
C-G        0.00000    0.00000    0.00000    0.00000    0.00000    0.00000    -0.03619   -0.64657   3.22412    -1.22103   2.29263    30.36518
T-A        0.00000    0.00000    0.00000    0.00000    0.00000    0.00000    -0.01818   -0.38971   3.26452    -1.25935   5.59356    29.88804
G-C        0.00000    0.00000    0.00000    0.00000    0.00000    0.00000    0.02209    -0.14298   3.33409    -1.02832   9.94907    31.29575
T-A        0.00000    0.00000    0.00000    0.00000    0.00000    0.00000    -0.00812   -0.64486   3.18453    0.15923    4.20561    29.63501
A-T        0.00000    0.00000    0.00000    0.00000    0.00000    0.00000    0.04336    -0.40253   3.29553    1.51741    10.27595   30.72646
G-C        0.00000    0.00000    0.00000    0.00000    0.00000    0.00000    -0.00090   -0.34735   3.27472    1.99058    4.34280    30.53908
G-C        0.00000    0.00000    0.00000    0.00000    0.00000    0.00000    0.22425    -0.35378   3.34801    2.73976    4.12753    32.26682
T-A        0.00000    0.00000    0.00000    0.00000    0.00000    0.00000    0.02581    -0.62419   3.27520    0.89034    -0.21530   31.48220
A-T        0.00000    0.00000    0.00000    0.00000    0.00000    0.00000    0.01770    0.59960    3.33773    0.00134    -5.58831   40.27726
T-A        0.00000    0.00000    0.00000    0.00000    0.00000    0.00000    -0.00095   -0.70721   3.24154    -0.74362   -1.90838   30.62024
C-G        0.00000    0.00000    0.00000    0.00000    0.00000    0.00000    -0.13221   -0.14848   3.27778    -2.22265   1.13578    35.72903
T-A        0.00000    0.00000    0.00000    0.00000    0.00000    0.00000    -0.01700   -0.36387   3.27778    -2.23493   4.61838    30.63383
C-G        0.00000    0.00000    0.00000    0.00000    0.00000    0.00000    -0.10420   -0.14043   3.24163    -1.61301   4.78792    34.22446
G-C        0.00000    0.00000    0.00000    0.00000    0.00000    0.00000    -0.05011   0.14574    3.31471    -0.65803   11.57567   31.10003
A-T        0.00000    0.00000    0.00000    0.00000    0.00000    0.00000    0.05708    -0.13570   3.23350    1.00272    5.36881    33.94408
G-C        0.00000    0.00000    0.00000    0.00000    0.00000    0.00000    0.01410    -0.36429   3.26876    1.94074    5.58453    30.30282
C-G        0.00000    0.00000    0.00000    0.00000    0.00000    0.00000    0.19933    -0.45448   3.26703    2.60665    2.88339    32.40020
T-A        0.00000    0.00000    0.00000    0.00000    0.00000    0.00000    0.07964    -0.35234   3.29048    2.62184    1.95205    31.67143
C-G        0.00000    0.00000    0.00000    0.00000    0.00000    0.00000    0.10745    -0.13632   3.28648    1.06426    -0.97504   36.45922
G-C        0.00000    0.00000    0.00000    0.00000    0.00000    0.00000    -0.07600   0.49079    3.29357    -1.00515   2.14406    34.73427
G-C        0.00000    0.00000    0.00000    0.00000    0.00000    0.00000    -0.23300   -0.28865   3.35481    -2.38982   2.76521    33.00352
G-C        0.00000    0.00000    0.00000    0.00000    0.00000    0.00000    -0.27480   -0.32389   3.34362    -3.05810   4.46483    32.30472
A-T        0.00000    0.00000    0.00000    0.00000    0.00000    0.00000    -0.18251   -0.12624   3.23751    -2.28491   3.56360    34.41158
T-A        0.00000    0.00000    0.00000    0.00000    0.00000    0.00000    -0.00086   -0.67581   3.18328    -0.69799   2.67615    28.97984
C-G        0.00000    0.00000    0.00000    0.00000    0.00000    0.00000    0.01859    -0.13621   3.22781    -0.04221   5.52146    33.75141
C-G        0.00000    0.00000    0.00000    0.00000    0.00000    0.00000    0.11907    -0.44108   3.32861    1.36931    7.94493    30.91665
G-C        0.00000    0.00000    0.00000    0.00000    0.00000    0.00000    0.26743    0.22739    3.31126    3.73323    8.90405    32.14790
C-G        0.00000    0.00000    0.00000    0.00000    0.00000    0.00000    0.18192    -0.45387   3.27396    2.40304    2.64149    32.54772
T-A        0.00000    0.00000    0.00000    0.00000    0.00000    0.00000    0.06264    -0.35842   3.29440    2.28111    1.83755    31.76329
T-A        0.00000    0.00000    0.00000    0.00000    0.00000    0.00000    -0.02631   -0.35154   3.24692    0.56159    -3.78450   35.37636
T-A        0.00000    0.00000    0.00000    0.00000    0.00000    0.00000    -0.05300   -0.34324   3.24636    -0.45990   -3.59193   35.36388
A-T        0.00000    0.00000    0.00000    0.00000    0.00000    0.00000    -0.09457   0.40889    3.33410    -1.85673   -1.52203   38.51190
A-T        0.00000    0.00000    0.00000    0.00000    0.00000    0.00000    -0.01700   -0.27730   3.22875    -1.54857   0.20527    34.28817
C-G        0.00000    0.00000    0.00000    0.00000    0.00000    0.00000    -0.03078   -0.62652   3.21076    -1.10241   3.22908    30.74881
T-A        0.00000    0.00000    0.00000    0.00000    0.00000    0.00000    0.03153    -0.35327   3.26851    -0.48433   6.37456    30.52923
C-G        0.00000    0.00000    0.00000    0.00000    0.00000    0.00000    0.06649    -0.12688   3.24040    0.47083    4.89191    34.44966
A-T        0.00000    0.00000    0.00000    0.00000    0.00000    0.00000    0.02993    -0.06263   3.34282    1.77888    8.77398    32.68927
T-A        0.00000    0.00000    0.00000    0.00000    0.00000    0.00000    0.01532    -0.69069   3.21141    0.94741    0.85534    29.97374
G-C        0.00000    0.00000    0.00000    0.00000    0.00000    0.00000    0.15957    0.15433    3.31568    1.90884    4.95239    34.78505
T-A        0.00000    0.00000    0.00000    0.00000    0.00000    0.00000    -0.01230   -0.63980   3.27709    0.68118    0.23873    31.80428
T-A        0.00000    0.00000    0.00000    0.00000    0.00000    0.00000    -0.03965   -0.33036   3.24679    0.19022    -3.09207   35.47403
A-T        0.00000    0.00000    0.00000    0.00000    0.00000    0.00000    -0.06800   0.51050    3.34433    -0.91731   -2.87440   39.69190
T-A        0.00000    0.00000    0.00000    0.00000    0.00000    0.00000    -0.01541   -0.68645   3.22826    -0.76759   -0.54962   30.58333
A-T        0.00000    0.00000    0.00000    0.00000    0.00000    0.00000    -0.05678   0.12561    3.33015    -1.53961   3.77361    36.05264
A-T        0.00000    0.00000    0.00000    0.00000    0.00000    0.00000    0.01453    -0.24949   3.22379    -0.71094   1.83426    33.98319
C-G        0.00000    0.00000    0.00000    0.00000    0.00000    0.00000    0.01505    -0.64183   3.21568    -0.04335   3.38786    30.87216
G-C        0.00000    0.00000    0.00000    0.00000    0.00000    0.00000    0.08509    0.23195    3.33446    0.85319    9.15215    32.74971
G-C        0.00000    0.00000    0.00000    0.00000    0.00000    0.00000    0.14358    -0.42315   3.35636    1.44047    6.24619    32.23212
A-T        0.00000    0.00000    0.00000    0.00000    0.00000    0.00000    0.06424    -0.14339   3.27817    1.19937    2.23549    35.86026
A-T        0.00000    0.00000    0.00000    0.00000    0.00000    0.00000    0.02893    -0.30618   3.23929    0.74576    -1.00350   34.93116
C-G        0.00000    0.00000    0.00000    0.00000    0.00000    0.00000    -0.01362   -0.64534   3.27320    0.58286    0.68610    31.80351
T-A        0.00000    0.00000    0.00000    0.00000    0.00000    0.00000    0.00841    -0.33323   3.30552    0.29863    2.17860    32.20904
T-A        0.00000    0.00000    0.00000    0.00000    0.00000    0.00000    -0.04443   -0.29275   3.24141    -0.39289   -1.52399   35.18056
T-A        0.00000    0.00000    0.00000    0.00000    0.00000    0.00000    -0.03872   -0.27732   3.23766    -0.64844   -0.66740   34.95880
A-T        0.00000    0.00000    0.00000    0.00000    0.00000    0.00000    -0.01707   0.15481    3.33578    -0.87585   3.28604    36.51449
T-A        0.00000    0.00000    0.00000    0.00000    0.00000    0.00000    0.01490    -0.68032   3.21281    -0.32426   0.86912    30.19605
G-C        0.00000    0.00000    0.00000    0.00000    0.00000    0.00000    0.08526    0.05913    3.33961    -0.34826   7.28941    33.88964
C-G        0.00000    0.00000    0.00000    0.00000    0.00000    0.00000    0.03519    -0.48506   3.27278    0.23728    3.56183    32.71146
T-A        0.00000    0.00000    0.00000    0.00000    0.00000    0.00000    0.03996    -0.36775   3.29316    0.91780    4.42106    31.54778
T-A        0.00000    0.00000    0.00000    0.00000    0.00000    0.00000    -0.01661   -0.28685   3.23366    0.42870    0.27721    34.53396
C-G        0.00000    0.00000    0.00000    0.00000    0.00000    0.00000    0.05047    -0.12717   3.27649    0.61519    1.83602    35.96792
C-G        0.00000    0.00000    0.00000    0.00000    0.00000    0.00000    0.02129    -0.32704   3.36171    0.49356    4.41830    33.06370
G-C        0.00000    0.00000    0.00000    0.00000    0.00000    0.00000    -0.00045   0.40721    3.32749    0.26311    5.45684    34.27171
G-C        0.00000    0.00000    0.00000    0.00000    0.00000    0.00000    -0.03424   -0.29310   3.35905    -0.16035   4.18692    33.19187
C-G        0.00000    0.00000    0.00000    0.00000    0.00000    0.00000    -0.01031   -0.42493   3.29115    -0.25357   2.20600    33.25134
T-A        0.00000    0.00000    0.00000    0.00000    0.00000    0.00000    0.05361    -0.32766   3.30052    -0.09390   3.22993    31.95620
C-G        0.00000    0.00000    0.00000    0.00000    0.00000    0.00000    0.01284    -0.12345   3.27773    -0.37086   1.93113    35.99693
G-C        0.00000    0.00000    0.00000    0.00000    0.00000    0.00000    -0.03313   0.30822    3.33345    -0.76468   6.94807    33.65360
T-A        0.00000    0.00000    0.00000    0.00000    0.00000    0.00000    0.00685    -0.65680   3.24423    -0.46680   2.24261    31.32478
A-T        0.00000    0.00000    0.00000    0.00000    0.00000    0.00000    -0.01462   -0.08883   3.33473    -0.14477   5.39007    34.99557
T-A        0.00000    0.00000    0.00000    0.00000    0.00000    0.00000    -0.01335   -0.68715   3.21373    0.06522    0.86748    30.14214
A-T        0.00000    0.00000    0.00000    0.00000    0.00000    0.00000    -0.01696   -0.00397   3.33407    0.36853    4.83708    35.42984
A-T        0.00000    0.00000    0.00000    0.00000    0.00000    0.00000    0.01708    -0.27082   3.23290    0.46910    0.36733    34.56168
T-A        0.00000    0.00000    0.00000    0.00000    0.00000    0.00000    -0.00467   -0.68311   3.22248    0.34666    0.03898    30.43436
G-C        0.00000    0.00000    0.00000    0.00000    0.00000    0.00000    0.09514    0.24922    3.31751    0.61721    4.82179    35.11426
T-A        0.00000    0.00000    0.00000    0.00000    0.00000    0.00000    0.02159    -0.62885   3.26616    0.03610    0.90903    31.77721
G-C        0.00000    0.00000    0.00000    0.00000    0.00000    0.00000    0.07697    0.23112    3.31719    -0.15250   4.27906    35.23027
T-A        0.00000    0.00000    0.00000    0.00000    0.00000    0.00000    0.01238    -0.64757   3.26743    -0.62966   1.03336    31.71691
C-G        0.00000    0.00000    0.00000    0.00000    0.00000    0.00000    -0.02583   -0.14017   3.28179    -0.81921   1.68468    36.03553
G-C        0.00000    0.00000    0.00000    0.00000    0.00000    0.00000    -0.12155   0.28015    3.33301    -1.71860   7.25223    33.44793
A-T        0.00000    0.00000    0.00000    0.00000    0.00000    0.00000    -0.08766   -0.13481   3.26150    -0.78162   3.21117    35.30284
C-G        0.00000    0.00000    0.00000    0.00000    0.00000    0.00000    -0.04357   -0.64890   3.22362    0.09754    3.07784    30.98013
C-G        0.00000    0.00000    0.00000    0.00000    0.00000    0.00000    0.00778    -0.37282   3.34839    0.49553    6.44955    32.23703
A-T        0.00000    0.00000    0.00000    0.00000    0.00000    0.00000    -0.02278   0.10924    3.33434    1.28046    7.04195    33.92936
A-T        0.00000    0.00000    0.00000    0.00000    0.00000    0.00000    0.04383    -0.26948   3.23428    0.97598    -0.04502   34.72955
A-T        0.00000    0.00000    0.00000    0.00000    0.00000    0.00000    0.05283    -0.29184   3.24037    0.78961    -1.41707   35.10433
T-A        0.00000    0.00000    0.00000    0.00000    0.00000    0.00000    0.02141    -0.69556   3.23900    0.26635    -1.35579   30.82235
G-C        0.00000    0.00000    0.00000    0.00000    0.00000    0.00000    -0.26900   -1.09600   3.26800    0.65200    -9.99900   39.98200
T-A        0.00000    0.00000    0.00000    0.00000    0.00000    0.00000    -0.92800   -1.59400   3.28000    -2.06300   -8.64800   31.95400
G-C        0.00000    0.00000    0.00000    0.00000    0.00000    0.00000    -0.32200   -0.59400   3.18100    -1.65300   -0.34900   39.42200
A-T        0.00000    0.00000    0.00000    0.00000    0.00000    0.00000    0.12100    -0.98300   3.10600    2.86200    -6.40900   31.81400
G-C        0.00000    0.00000    0.00000    0.00000    0.00000    0.00000    0.96000    -0.48300   2.89500    -0.86600   -7.57100   33.58100
C-G        0.00000    0.00000    0.00000    0.00000    0.00000    0.00000    -0.71700   -0.08600   3.08700    11.68200   -4.89500   33.31200
G-C        0.00000    0.00000    0.00000    0.00000    0.00000    0.00000    -0.04900   1.55200    5.41000    -0.16800   60.11300   13.23400
C-G        0.00000    0.00000    0.00000    0.00000    0.00000    0.00000    0.67500    -0.12400   3.12600    -12.51800  -5.62800   33.19300
T-A        0.00000    0.00000    0.00000    0.00000    0.00000    0.00000    -0.92900   -0.52900   2.87800    1.16500    -8.56500   33.47300
C-G        0.00000    0.00000    0.00000    0.00000    0.00000    0.00000    -0.13400   -1.01700   3.04900    -2.60200   -6.08500   32.11200
A-T        0.00000    0.00000    0.00000    0.00000    0.00000    0.00000    0.37700    -0.59600   3.22500    2.12500    -0.60700   39.45000
C-G        0.00000    0.00000    0.00000    0.00000    0.00000    0.00000    0.90500    -1.56500   3.20700    2.32500    -8.21100   32.16300
A-T        0.00000    0.00000    0.00000    0.00000    0.00000    0.00000    0.52800    -0.91200   3.45700    1.68300    -11.71700  37.47400
