147 # base pairs
  0 # ***local base-pair & step parameters***
#          Shear      Stretch    Stagger    Buckle     Prop-Tw    Opening    Shift      Slide      Rise       Tilt       Roll       Twist
A-T        0.00000    0.00000    0.00000    0.00000    0.00000    0.00000    0.00000    0.00000    0.00000    0.00000    0.00000    0.00000
G-C        0.00000    0.00000    0.00000    0.00000    0.00000    0.00000    -0.27000   -1.09500   3.26900    0.65500    -9.99300   39.97500
T-A        0.00000    0.00000    0.00000    0.00000    0.00000    0.00000    -0.92900   -1.59400   3.27900    -2.06900   -8.63400   31.93800
G-C        0.00000    0.00000    0.00000    0.00000    0.00000    0.00000    -0.32200   -0.59300   3.18200    -1.66400   -0.37500   39.43600
A-T        0.00000    0.00000    0.00000    0.00000    0.00000    0.00000    0.12100    -0.98400   3.10400    2.85800    -6.38900   31.82300
G-C        0.00000    0.00000    0.00000    0.00000    0.00000    0.00000    0.96000    -0.48500   2.89700    -0.88500   -7.59600   33.57900
C-G        0.00000    0.00000    0.00000    0.00000    0.00000    0.00000    -0.71600   -0.08700   3.08600    11.71000   -4.91700   33.30600
G-C        0.00000    0.00000    0.00000    0.00000    0.00000    0.00000    -0.04800   1.55200    5.41100    -0.14600   60.13700   13.20200
C-G        0.00000    0.00000    0.00000    0.00000    0.00000    0.00000    0.67500    -0.12200   3.12500    -12.51800  -5.63900   33.20600
T-A        0.00000    0.00000    0.00000    0.00000    0.00000    0.00000    -0.92700   -0.52800   2.87800    1.16700    -8.56000   33.49500
C-G        0.00000    0.00000    0.00000    0.00000    0.00000    0.00000    -0.13300   -1.01700   3.05000    -2.61000   -6.08100   32.11700
A-T        0.00000    0.00000    0.00000    0.00000    0.00000    0.00000    0.37700    -0.59600   3.22400    2.15400    -0.57500   39.43500
C-G        0.00000    0.00000    0.00000    0.00000    0.00000    0.00000    0.90400    -1.56500   3.20800    2.29400    -8.21000   32.14300
A-T        0.00000    0.00000    0.00000    0.00000    0.00000    0.00000    0.52900    -0.91300   3.45700    1.67600    -11.72600  37.48400
A-T        0.00000    0.00000    0.00000    0.00000    0.00000    0.00000    -0.04672   -0.12413   3.23899    -0.19822   2.21022    34.67738
T-A        0.00000    0.00000    0.00000    0.00000    0.00000    0.00000    0.00188    -0.77011   3.29936    0.13506    -2.00374   32.36198
T-A        0.00000    0.00000    0.00000    0.00000    0.00000    0.00000    -0.01072   -0.41439   3.26090    0.44978    -2.13605   35.75922
T-A        0.00000    0.00000    0.00000    0.00000    0.00000    0.00000    -0.03924   -0.27037   3.22877    0.10840    0.53773    33.87834
A-T        0.00000    0.00000    0.00000    0.00000    0.00000    0.00000    0.01684    0.20460    3.34044    -0.01637   2.58862    35.32842
T-A        0.00000    0.00000    0.00000    0.00000    0.00000    0.00000    -0.06263   -0.69842   3.24995    -0.14597   -1.48061   30.88906
T-A        0.00000    0.00000    0.00000    0.00000    0.00000    0.00000    -0.01904   -0.30248   3.25762    0.41065    -0.61693   34.54877
C-G        0.00000    0.00000    0.00000    0.00000    0.00000    0.00000    -0.02516   -0.04881   3.27970    0.06487    1.92410    35.22678
G-C        0.00000    0.00000    0.00000    0.00000    0.00000    0.00000    -0.01724   0.58231    3.31993    -0.80567   8.54055    33.38091
C-G        0.00000    0.00000    0.00000    0.00000    0.00000    0.00000    -0.12345   -0.41466   3.23760    -1.25427   3.27641    31.27706
A-T        0.00000    0.00000    0.00000    0.00000    0.00000    0.00000    -0.13141   0.27564    3.26529    -1.19769   5.33127    33.32004
A-T        0.00000    0.00000    0.00000    0.00000    0.00000    0.00000    0.04612    -0.21998   3.26868    0.14371    1.15218    33.68944
A-T        0.00000    0.00000    0.00000    0.00000    0.00000    0.00000    -0.05021   -0.41401   3.22311    -0.12807   -0.10318   34.38656
G-C        0.00000    0.00000    0.00000    0.00000    0.00000    0.00000    -0.01198   -0.52284   3.32661    0.71250    4.20895    31.25507
G-C        0.00000    0.00000    0.00000    0.00000    0.00000    0.00000    0.04236    -0.43748   3.41740    0.10137    4.99715    33.51856
C-G        0.00000    0.00000    0.00000    0.00000    0.00000    0.00000    0.08424    -0.43747   3.23699    0.86443    3.40261    32.66881
C-G        0.00000    0.00000    0.00000    0.00000    0.00000    0.00000    -0.21818   -0.30563   3.33052    0.26737    4.14438    33.20087
G-C        0.00000    0.00000    0.00000    0.00000    0.00000    0.00000    0.10366    0.29192    3.04141    1.04609    5.40220    30.11896
G-C        0.00000    0.00000    0.00000    0.00000    0.00000    0.00000    0.37022    -0.30798   3.34653    1.33762    3.08784    33.20919
C-G        0.00000    0.00000    0.00000    0.00000    0.00000    0.00000    -0.00253   -0.38370   3.24683    -0.20203   2.11357    33.15745
C-G        0.00000    0.00000    0.00000    0.00000    0.00000    0.00000    0.18922    -0.40556   3.37110    -0.47385   3.05057    33.38362
C-G        0.00000    0.00000    0.00000    0.00000    0.00000    0.00000    -0.03569   -0.35194   3.34374    -0.25080   3.37316    32.55135
G-C        0.00000    0.00000    0.00000    0.00000    0.00000    0.00000    -0.32046   0.66510    3.24709    -2.35035   5.37364    32.34377
A-T        0.00000    0.00000    0.00000    0.00000    0.00000    0.00000    -0.17716   -0.06757   3.13859    -1.76517   0.80096    34.91125
C-G        0.00000    0.00000    0.00000    0.00000    0.00000    0.00000    0.10879    -0.49936   3.14651    -0.00913   4.07791    30.29090
A-T        0.00000    0.00000    0.00000    0.00000    0.00000    0.00000    -0.00722   -0.15619   3.32617    0.42699    7.29184    32.81547
C-G        0.00000    0.00000    0.00000    0.00000    0.00000    0.00000    0.21314    -0.51934   3.23723    0.77999    3.44413    30.08283
G-C        0.00000    0.00000    0.00000    0.00000    0.00000    0.00000    0.11142    0.46879    3.28580    2.99766    4.24621    34.98213
A-T        0.00000    0.00000    0.00000    0.00000    0.00000    0.00000    0.00129    -0.06357   3.17290    0.14106    -0.50120   35.81885
C-G        0.00000    0.00000    0.00000    0.00000    0.00000    0.00000    0.01739    -0.66697   3.25800    0.53987    1.34103    31.68836
T-A        0.00000    0.00000    0.00000    0.00000    0.00000    0.00000    0.13447    -0.80949   3.55263    -0.64795   -0.55121   33.29785
T-A        0.00000    0.00000    0.00000    0.00000    0.00000    0.00000    -0.10006   -0.46971   3.22131    -1.42136   -2.15290   30.68041
A-T        0.00000    0.00000    0.00000    0.00000    0.00000    0.00000    -0.05660   -0.16372   3.30872    -1.41060   5.38686    33.50358
C-G        0.00000    0.00000    0.00000    0.00000    0.00000    0.00000    -0.14712   -0.69027   3.20661    -0.95060   3.03038    31.00796
T-A        0.00000    0.00000    0.00000    0.00000    0.00000    0.00000    -0.08024   -0.49597   3.30801    0.28948    6.02565    30.74863
G-C        0.00000    0.00000    0.00000    0.00000    0.00000    0.00000    0.09928    -0.18121   3.41366    -0.09174   11.24328   32.22741
T-A        0.00000    0.00000    0.00000    0.00000    0.00000    0.00000    -0.06821   -0.56463   3.13676    0.42497    5.03780    28.01673
A-T        0.00000    0.00000    0.00000    0.00000    0.00000    0.00000    0.13176    -0.41852   3.27508    2.34008    9.85207    31.77906
G-C        0.00000    0.00000    0.00000    0.00000    0.00000    0.00000    -0.09851   -0.37070   3.19758    2.22696    4.60447    29.45811
G-C        0.00000    0.00000    0.00000    0.00000    0.00000    0.00000    0.05430    -0.88614   3.55186    1.66138    2.89123    32.65344
T-A        0.00000    0.00000    0.00000    0.00000    0.00000    0.00000    0.15936    -0.49655   3.26925    0.98882    -1.44975   31.40159
A-T        0.00000    0.00000    0.00000    0.00000    0.00000    0.00000    -0.00720   -0.37989   3.35714    -0.00202   -0.87381   36.62457
T-A        0.00000    0.00000    0.00000    0.00000    0.00000    0.00000    -0.06267   -0.68625   3.27532    -1.38660   -3.33897   31.82965
T-A        0.00000    0.00000    0.00000    0.00000    0.00000    0.00000    -0.08088   -0.32020   3.25091    -1.60596   -0.26435   34.37118
C-G        0.00000    0.00000    0.00000    0.00000    0.00000    0.00000    -0.21323   0.19513    3.28955    -2.40979   4.67072    35.18463
A-T        0.00000    0.00000    0.00000    0.00000    0.00000    0.00000    -0.38980   -0.20337   3.37328    -0.03303   9.15352    31.94308
T-A        0.00000    0.00000    0.00000    0.00000    0.00000    0.00000    -0.01247   -0.48060   3.18471    -0.03538   5.51978    28.75938
G-C        0.00000    0.00000    0.00000    0.00000    0.00000    0.00000    0.06840    -0.25318   3.46910    1.19444    10.06869   34.03460
T-A        0.00000    0.00000    0.00000    0.00000    0.00000    0.00000    0.04737    -0.66833   3.27346    1.97951    2.36674    31.14899
T-A        0.00000    0.00000    0.00000    0.00000    0.00000    0.00000    0.03141    -0.19404   3.18513    2.71707    -0.02358   33.36566
A-T        0.00000    0.00000    0.00000    0.00000    0.00000    0.00000    0.07610    0.32745    3.41945    1.31968    -3.19204   40.29803
T-A        0.00000    0.00000    0.00000    0.00000    0.00000    0.00000    0.00394    -0.70072   3.19009    0.36271    -3.22198   30.01250
A-T        0.00000    0.00000    0.00000    0.00000    0.00000    0.00000    -0.05181   0.36295    3.43989    -0.53567   -5.09922   41.50094
A-T        0.00000    0.00000    0.00000    0.00000    0.00000    0.00000    -0.02275   -0.19419   3.20511    -2.69524   -1.89274   34.18637
C-G        0.00000    0.00000    0.00000    0.00000    0.00000    0.00000    -0.12382   -0.70261   3.31894    -2.19970   1.05411    32.57979
G-C        0.00000    0.00000    0.00000    0.00000    0.00000    0.00000    0.02831    0.30799    3.22358    -3.89329   12.41403   29.99712
G-C        0.00000    0.00000    0.00000    0.00000    0.00000    0.00000    0.30711    -0.22022   3.24859    1.22991    9.05590    30.17589
A-T        0.00000    0.00000    0.00000    0.00000    0.00000    0.00000    0.19456    -0.18247   3.22636    1.46032    6.27346    34.34304
C-G        0.00000    0.00000    0.00000    0.00000    0.00000    0.00000    -0.20183   -0.72324   3.19733    1.32567    5.12141    30.89305
T-A        0.00000    0.00000    0.00000    0.00000    0.00000    0.00000    -0.11073   -0.79577   3.29352    3.46472    6.47047    31.52879
C-G        0.00000    0.00000    0.00000    0.00000    0.00000    0.00000    0.39245    0.33557    3.19685    5.08215    2.04958    35.52053
G-C        0.00000    0.00000    0.00000    0.00000    0.00000    0.00000    0.06307    0.62482    3.20442    2.51616    2.06784    32.63413
A-T        0.00000    0.00000    0.00000    0.00000    0.00000    0.00000    -0.12956   0.20764    3.29260    -0.90078   -0.67988   37.03263
G-C        0.00000    0.00000    0.00000    0.00000    0.00000    0.00000    -0.03817   -0.12317   3.28204    -2.21237   -0.68448   32.40831
C-G        0.00000    0.00000    0.00000    0.00000    0.00000    0.00000    -0.11750   -0.46424   3.38908    -1.76116   1.70729    35.51082
T-A        0.00000    0.00000    0.00000    0.00000    0.00000    0.00000    -0.08953   -0.33051   3.30745    -2.08731   3.98827    30.67738
C-G        0.00000    0.00000    0.00000    0.00000    0.00000    0.00000    -0.02672   -0.10846   3.34094    -0.76549   4.28152    33.75425
G-C        0.00000    0.00000    0.00000    0.00000    0.00000    0.00000    0.24753    0.41710    3.18844    0.46235    7.49211    31.10717
G-C        0.00000    0.00000    0.00000    0.00000    0.00000    0.00000    0.07292    -0.33606   3.31486    -0.16148   5.62770    32.24512
G-C        0.00000    0.00000    0.00000    0.00000    0.00000    0.00000    0.16713    -0.37577   3.34830    2.16860    7.30959    32.15204
A-T        0.00000    0.00000    0.00000    0.00000    0.00000    0.00000    -0.01094   -0.26860   3.30362    1.55181    0.97102    36.08378
T-A        0.00000    0.00000    0.00000    0.00000    0.00000    0.00000    0.00794    -0.62997   3.24949    0.68684    0.47858    31.23187
C-G        0.00000    0.00000    0.00000    0.00000    0.00000    0.00000    0.07568    -0.30337   3.34404    0.27223    -1.19677   37.09121
C-G        0.00000    0.00000    0.00000    0.00000    0.00000    0.00000    -0.12019   -0.19042   3.28477    -0.82822   4.36454    31.58916
G-C        0.00000    0.00000    0.00000    0.00000    0.00000    0.00000    -0.02626   0.45958    3.25271    -1.39583   4.97098    33.85568
C-G        0.00000    0.00000    0.00000    0.00000    0.00000    0.00000    -0.15015   -0.50986   3.41837    -1.88843   1.05554    34.81230
T-A        0.00000    0.00000    0.00000    0.00000    0.00000    0.00000    -0.04870   -0.45086   3.39966    -0.44305   3.06005    33.90068
T-A        0.00000    0.00000    0.00000    0.00000    0.00000    0.00000    0.05218    -0.41136   3.21261    -0.81363   1.15541    34.07623
T-A        0.00000    0.00000    0.00000    0.00000    0.00000    0.00000    -0.01223   -0.17727   3.21604    -0.26988   3.75289    33.26250
A-T        0.00000    0.00000    0.00000    0.00000    0.00000    0.00000    0.07240    0.01024    3.34484    0.64772    8.79360    33.68295
A-T        0.00000    0.00000    0.00000    0.00000    0.00000    0.00000    0.00219    -0.23981   3.15103    1.08767    3.02204    32.50180
C-G        0.00000    0.00000    0.00000    0.00000    0.00000    0.00000    0.03799    -0.68513   3.28047    1.21428    0.32953    31.61944
A-T        0.00000    0.00000    0.00000    0.00000    0.00000    0.00000    0.07325    -0.11265   3.33708    0.43297    3.80514    34.83093
C-G        0.00000    0.00000    0.00000    0.00000    0.00000    0.00000    0.05456    -0.70960   3.31701    0.29154    0.58383    31.43132
T-A        0.00000    0.00000    0.00000    0.00000    0.00000    0.00000    0.09466    -0.77837   3.54974    -0.43911   0.19850    33.74049
T-A        0.00000    0.00000    0.00000    0.00000    0.00000    0.00000    0.03762    -0.39383   3.23406    -0.13813   -2.31847   35.34807
T-A        0.00000    0.00000    0.00000    0.00000    0.00000    0.00000    -0.04571   -0.27127   3.24522    -0.65565   -0.34223   34.51558
A-T        0.00000    0.00000    0.00000    0.00000    0.00000    0.00000    0.01354    0.21290    3.32885    -1.53473   3.76245    34.90378
T-A        0.00000    0.00000    0.00000    0.00000    0.00000    0.00000    0.05156    -0.73789   3.14819    -0.53040   3.31576    27.73107
G-C        0.00000    0.00000    0.00000    0.00000    0.00000    0.00000    0.01541    -0.27009   3.32889    0.29281    6.51533    36.96608
C-G        0.00000    0.00000    0.00000    0.00000    0.00000    0.00000    0.26090    -0.46060   3.22431    -0.72460   3.87591    32.43689
T-A        0.00000    0.00000    0.00000    0.00000    0.00000    0.00000    0.27099    -0.46719   3.42653    2.84364    2.29493    34.11926
T-A        0.00000    0.00000    0.00000    0.00000    0.00000    0.00000    -0.01494   -0.25224   3.19643    1.02462    2.76106    33.72883
C-G        0.00000    0.00000    0.00000    0.00000    0.00000    0.00000    0.09690    -0.24726   3.32184    0.77255    1.45879    35.33725
C-G        0.00000    0.00000    0.00000    0.00000    0.00000    0.00000    -0.09845   -0.20072   3.28157    -0.36965   5.27346    31.44628
G-C        0.00000    0.00000    0.00000    0.00000    0.00000    0.00000    -0.02714   0.31303    3.05029    -0.05213   5.01869    30.62608
G-C        0.00000    0.00000    0.00000    0.00000    0.00000    0.00000    0.25695    -0.28213   3.34297    0.25285    3.39907    33.61264
C-G        0.00000    0.00000    0.00000    0.00000    0.00000    0.00000    0.09201    -0.58743   3.29704    -0.64167   2.17843    33.12510
T-A        0.00000    0.00000    0.00000    0.00000    0.00000    0.00000    -0.03140   -0.27095   3.30159    -0.46448   2.70139    31.21810
C-G        0.00000    0.00000    0.00000    0.00000    0.00000    0.00000    0.06512    0.00237    3.31784    0.26642    2.77100    34.79921
G-C        0.00000    0.00000    0.00000    0.00000    0.00000    0.00000    -0.01251   0.46422    3.29188    -0.99453   5.34085    34.80243
T-A        0.00000    0.00000    0.00000    0.00000    0.00000    0.00000    0.23849    -0.67438   3.21726    -0.30184   3.34493    31.59479
A-T        0.00000    0.00000    0.00000    0.00000    0.00000    0.00000    0.01499    -0.65082   3.38164    0.73960    6.31987    33.77512
T-A        0.00000    0.00000    0.00000    0.00000    0.00000    0.00000    -0.01538   -0.72965   3.16230    0.41132    -0.09346   29.73398
A-T        0.00000    0.00000    0.00000    0.00000    0.00000    0.00000    -0.02869   0.18625    3.34373    1.15002    2.84713    35.52440
A-T        0.00000    0.00000    0.00000    0.00000    0.00000    0.00000    -0.00102   -0.35876   3.21967    0.50090    0.76615    34.11373
T-A        0.00000    0.00000    0.00000    0.00000    0.00000    0.00000    0.00331    -0.69808   3.26873    0.39495    -0.60389   31.15969
G-C        0.00000    0.00000    0.00000    0.00000    0.00000    0.00000    -0.02929   -0.23216   3.41110    -0.70465   3.14744    35.97150
T-A        0.00000    0.00000    0.00000    0.00000    0.00000    0.00000    0.02108    -0.49783   3.24339    -0.18695   0.29256    29.93540
G-C        0.00000    0.00000    0.00000    0.00000    0.00000    0.00000    -0.03176   -0.09568   3.33399    0.05619    4.12726    34.78069
T-A        0.00000    0.00000    0.00000    0.00000    0.00000    0.00000    -0.10436   -0.52985   3.17289    -0.62990   2.49173    30.92616
C-G        0.00000    0.00000    0.00000    0.00000    0.00000    0.00000    0.05493    -0.07167   3.16685    0.31691    0.26738    35.57946
G-C        0.00000    0.00000    0.00000    0.00000    0.00000    0.00000    -0.03475   0.39365    3.26595    -1.09639   11.24937   29.33384
A-T        0.00000    0.00000    0.00000    0.00000    0.00000    0.00000    -0.12775   -0.06873   3.15154    -1.17160   0.66018    35.24777
C-G        0.00000    0.00000    0.00000    0.00000    0.00000    0.00000    -0.14514   -0.80931   3.19217    0.26419    3.15029    31.43268
C-G        0.00000    0.00000    0.00000    0.00000    0.00000    0.00000    0.18931    -0.57908   3.36689    1.23105    7.27165    30.70321
A-T        0.00000    0.00000    0.00000    0.00000    0.00000    0.00000    0.09236    0.59323    3.30124    0.54999    6.39515    33.94237
A-T        0.00000    0.00000    0.00000    0.00000    0.00000    0.00000    0.11432    -0.21506   3.27607    0.93619    -0.24226   34.67965
A-T        0.00000    0.00000    0.00000    0.00000    0.00000    0.00000    0.00948    -0.40377   3.25603    0.13376    -3.33533   36.22076
T-A        0.00000    0.00000    0.00000    0.00000    0.00000    0.00000    0.02405    -0.72115   3.27444    0.02946    -1.27798   31.29594
G-C        0.00000    0.00000    0.00000    0.00000    0.00000    0.00000    -0.26900   -1.09600   3.26800    0.65200    -9.99900   39.98200
T-A        0.00000    0.00000    0.00000    0.00000    0.00000    0.00000    -0.92800   -1.59400   3.28000    -2.06300   -8.64800   31.95400
G-C        0.00000    0.00000    0.00000    0.00000    0.00000    0.00000    -0.32200   -0.59400   3.18100    -1.65300   -0.34900   39.42200
A-T        0.00000    0.00000    0.00000    0.00000    0.00000    0.00000    0.12100    -0.98300   3.10600    2.86200    -6.40900   31.81400
G-C        0.00000    0.00000    0.00000    0.00000    0.00000    0.00000    0.96000    -0.48300   2.89500    -0.86600   -7.57100   33.58100
C-G        0.00000    0.00000    0.00000    0.00000    0.00000    0.00000    -0.71700   -0.08600   3.08700    11.68200   -4.89500   33.31200
G-C        0.00000    0.00000    0.00000    0.00000    0.00000    0.00000    -0.04900   1.55200    5.41000    -0.16800   60.11300   13.23400
C-G        0.00000    0.00000    0.00000    0.00000    0.00000    0.00000    0.67500    -0.12400   3.12600    -12.51800  -5.62800   33.19300
T-A        0.00000    0.00000    0.00000    0.00000    0.00000    0.00000    -0.92900   -0.52900   2.87800    1.16500    -8.56500   33.47300
C-G        0.00000    0.00000    0.00000    0.00000    0.00000    0.00000    -0.13400   -1.01700   3.04900    -2.60200   -6.08500   32.11200
A-T        0.00000    0.00000    0.00000    0.00000    0.00000    0.00000    0.37700    -0.59600   3.22500    2.12500    -0.60700   39.45000
C-G        0.00000    0.00000    0.00000    0.00000    0.00000    0.00000    0.90500    -1.56500   3.20700    2.32500    -8.21100   32.16300
A-T        0.00000    0.00000    0.00000    0.00000    0.00000    0.00000    0.52800    -0.91200   3.45700    1.68300    -11.71700  37.47400
