147 # base pairs
  0 # ***local base-pair & step parameters***
#          Shear      Stretch    Stagger    Buckle     Prop-Tw    Opening    Shift      Slide      Rise       Tilt       Roll       Twist
A-T        0.00000    0.00000    0.00000    0.00000    0.00000    0.00000    0.00000    0.00000    0.00000    0.00000    0.00000    0.00000
G-C        0.00000    0.00000    0.00000    0.00000    0.00000    0.00000    -0.27000   -1.09500   3.26900    0.65500    -9.99300   39.97500
T-A        0.00000    0.00000    0.00000    0.00000    0.00000    0.00000    -0.92900   -1.59400   3.27900    -2.06900   -8.63400   31.93800
G-C        0.00000    0.00000    0.00000    0.00000    0.00000    0.00000    -0.32200   -0.59300   3.18200    -1.66400   -0.37500   39.43600
A-T        0.00000    0.00000    0.00000    0.00000    0.00000    0.00000    0.12100    -0.98400   3.10400    2.85800    -6.38900   31.82300
G-C        0.00000    0.00000    0.00000    0.00000    0.00000    0.00000    0.96000    -0.48500   2.89700    -0.88500   -7.59600   33.57900
C-G        0.00000    0.00000    0.00000    0.00000    0.00000    0.00000    -0.71600   -0.08700   3.08600    11.71000   -4.91700   33.30600
G-C        0.00000    0.00000    0.00000    0.00000    0.00000    0.00000    -0.04800   1.55200    5.41100    -0.14600   60.13700   13.20200
C-G        0.00000    0.00000    0.00000    0.00000    0.00000    0.00000    0.67500    -0.12200   3.12500    -12.51800  -5.63900   33.20600
T-A        0.00000    0.00000    0.00000    0.00000    0.00000    0.00000    -0.92700   -0.52800   2.87800    1.16700    -8.56000   33.49500
C-G        0.00000    0.00000    0.00000    0.00000    0.00000    0.00000    -0.13300   -1.01700   3.05000    -2.61000   -6.08100   32.11700
A-T        0.00000    0.00000    0.00000    0.00000    0.00000    0.00000    0.37700    -0.59600   3.22400    2.15400    -0.57500   39.43500
C-G        0.00000    0.00000    0.00000    0.00000    0.00000    0.00000    0.90400    -1.56500   3.20800    2.29400    -8.21000   32.14300
A-T        0.00000    0.00000    0.00000    0.00000    0.00000    0.00000    0.52900    -0.91300   3.45700    1.67600    -11.72600  37.48400
A-T        0.00000    0.00000    0.00000    0.00000    0.00000    0.00000    -0.04968   -0.13126   3.23833    -0.15648   2.22541    34.47376
T-A        0.00000    0.00000    0.00000    0.00000    0.00000    0.00000    0.00240    -0.77286   3.29882    0.15053    -2.02741   32.22286
T-A        0.00000    0.00000    0.00000    0.00000    0.00000    0.00000    -0.01114   -0.41851   3.26032    0.45619    -2.18007   35.65910
T-A        0.00000    0.00000    0.00000    0.00000    0.00000    0.00000    -0.04374   -0.27801   3.22498    0.07889    0.55165    33.66353
A-T        0.00000    0.00000    0.00000    0.00000    0.00000    0.00000    0.01267    0.18145    3.32752    -0.12661   3.17316    34.44637
T-A        0.00000    0.00000    0.00000    0.00000    0.00000    0.00000    -0.06447   -0.70161   3.24687    -0.15990   -1.33404   30.63726
T-A        0.00000    0.00000    0.00000    0.00000    0.00000    0.00000    -0.02549   -0.30981   3.25856    0.32215    -0.34037   34.17064
C-G        0.00000    0.00000    0.00000    0.00000    0.00000    0.00000    -0.02497   -0.05641   3.27651    0.06390    2.05303    34.96265
G-C        0.00000    0.00000    0.00000    0.00000    0.00000    0.00000    0.00796    0.58147    3.31792    -0.58350   8.57401    33.28973
C-G        0.00000    0.00000    0.00000    0.00000    0.00000    0.00000    -0.11550   -0.41326   3.23535    -1.19465   3.27565    31.21061
A-T        0.00000    0.00000    0.00000    0.00000    0.00000    0.00000    -0.11610   0.26185    3.26256    -1.08103   5.27870    33.05425
A-T        0.00000    0.00000    0.00000    0.00000    0.00000    0.00000    0.05129    -0.23161   3.26844    0.15043    0.98182    33.51971
A-T        0.00000    0.00000    0.00000    0.00000    0.00000    0.00000    -0.04908   -0.42114   3.22187    -0.17489   -0.25169   34.26943
G-C        0.00000    0.00000    0.00000    0.00000    0.00000    0.00000    -0.01161   -0.52636   3.32417    0.66743    4.17641    31.10540
G-C        0.00000    0.00000    0.00000    0.00000    0.00000    0.00000    0.03159    -0.44628   3.41520    -0.06306   5.11930    33.23928
C-G        0.00000    0.00000    0.00000    0.00000    0.00000    0.00000    0.06502    -0.45068   3.23251    0.71675    3.55290    32.40278
C-G        0.00000    0.00000    0.00000    0.00000    0.00000    0.00000    -0.22724   -0.31598   3.32519    0.19003    4.37097    32.95439
G-C        0.00000    0.00000    0.00000    0.00000    0.00000    0.00000    0.11082    0.27827    3.03571    1.16592    5.65616    29.80553
G-C        0.00000    0.00000    0.00000    0.00000    0.00000    0.00000    0.39321    -0.31416   3.34205    1.60986    3.19637    32.97349
C-G        0.00000    0.00000    0.00000    0.00000    0.00000    0.00000    0.02705    -0.38557   3.24318    0.04716    2.09659    32.96383
C-G        0.00000    0.00000    0.00000    0.00000    0.00000    0.00000    0.20375    -0.40098   3.36974    -0.20762   2.81286    33.28176
C-G        0.00000    0.00000    0.00000    0.00000    0.00000    0.00000    -0.02442   -0.35042   3.34012    -0.19042   3.17531    32.33266
G-C        0.00000    0.00000    0.00000    0.00000    0.00000    0.00000    -0.31641   0.67249    3.24671    -2.40589   5.20543    32.23508
A-T        0.00000    0.00000    0.00000    0.00000    0.00000    0.00000    -0.19066   -0.06846   3.13341    -1.95621   0.75016    34.75261
C-G        0.00000    0.00000    0.00000    0.00000    0.00000    0.00000    0.10820    -0.50217   3.14612    -0.18547   4.09503    30.11000
A-T        0.00000    0.00000    0.00000    0.00000    0.00000    0.00000    -0.02998   -0.17460   3.31767    0.26462    7.60284    32.36011
C-G        0.00000    0.00000    0.00000    0.00000    0.00000    0.00000    0.20923    -0.52165   3.22756    0.66908    3.76109    29.80130
G-C        0.00000    0.00000    0.00000    0.00000    0.00000    0.00000    0.10831    0.46602    3.28589    3.06659    4.71507    34.57675
A-T        0.00000    0.00000    0.00000    0.00000    0.00000    0.00000    0.00938    -0.06495   3.17048    0.25943    -0.37022   35.64763
C-G        0.00000    0.00000    0.00000    0.00000    0.00000    0.00000    0.01417    -0.67186   3.25554    0.67784    1.42938    31.50382
T-A        0.00000    0.00000    0.00000    0.00000    0.00000    0.00000    0.15006    -0.82051   3.55388    -0.38017   -0.83975   33.01470
T-A        0.00000    0.00000    0.00000    0.00000    0.00000    0.00000    -0.11392   -0.50287   3.22592    -1.26556   -2.52908   30.31397
A-T        0.00000    0.00000    0.00000    0.00000    0.00000    0.00000    -0.05522   -0.13469   3.30926    -1.40714   4.67996    33.69648
C-G        0.00000    0.00000    0.00000    0.00000    0.00000    0.00000    -0.14260   -0.69117   3.21072    -1.06544   2.71077    30.93083
T-A        0.00000    0.00000    0.00000    0.00000    0.00000    0.00000    0.07821    -0.68977   3.50435    -2.01356   5.14355    33.14908
T-A        0.00000    0.00000    0.00000    0.00000    0.00000    0.00000    -0.08362   -0.22175   3.17519    0.21603    5.73990    32.32271
C-G        0.00000    0.00000    0.00000    0.00000    0.00000    0.00000    0.23871    0.22845    3.17255    1.67599    6.58257    33.16712
A-T        0.00000    0.00000    0.00000    0.00000    0.00000    0.00000    -0.25207   -0.70563   3.38500    5.81759    9.15211    29.24527
T-A        0.00000    0.00000    0.00000    0.00000    0.00000    0.00000    0.01439    -0.50071   3.20075    0.87482    2.60873    29.14535
G-C        0.00000    0.00000    0.00000    0.00000    0.00000    0.00000    0.03563    -0.25188   3.35926    1.40646    2.46043    35.79160
T-A        0.00000    0.00000    0.00000    0.00000    0.00000    0.00000    -0.01190   -0.60993   3.32496    0.26124    -1.53183   32.79197
T-A        0.00000    0.00000    0.00000    0.00000    0.00000    0.00000    0.01915    -0.21261   3.21616    0.42651    -3.37596   34.80879
A-T        0.00000    0.00000    0.00000    0.00000    0.00000    0.00000    -0.00777   0.26642    3.39330    -2.25704   -2.14961   38.45588
T-A        0.00000    0.00000    0.00000    0.00000    0.00000    0.00000    -0.00248   -0.72477   3.16236    -1.73007   -0.85090   29.57460
A-T        0.00000    0.00000    0.00000    0.00000    0.00000    0.00000    -0.08438   0.03383    3.29951    -1.68063   6.70116    32.61627
A-T        0.00000    0.00000    0.00000    0.00000    0.00000    0.00000    -0.05795   -0.22426   3.11794    -1.11748   5.64312    30.48795
C-G        0.00000    0.00000    0.00000    0.00000    0.00000    0.00000    0.03784    -0.77843   3.25472    -0.40726   4.54695    31.13881
G-C        0.00000    0.00000    0.00000    0.00000    0.00000    0.00000    0.24998    0.37163    3.22298    1.99742    13.79354   28.79648
G-C        0.00000    0.00000    0.00000    0.00000    0.00000    0.00000    0.66485    -0.14399   3.24174    4.63842    8.96968    30.43833
A-T        0.00000    0.00000    0.00000    0.00000    0.00000    0.00000    0.43719    -0.10217   3.22759    4.42633    1.05509    35.44500
G-C        0.00000    0.00000    0.00000    0.00000    0.00000    0.00000    0.17684    -0.43070   3.34150    2.71756    3.05733    33.08100
T-A        0.00000    0.00000    0.00000    0.00000    0.00000    0.00000    -0.03768   -0.69147   3.32412    0.25057    -1.68664   32.64696
A-T        0.00000    0.00000    0.00000    0.00000    0.00000    0.00000    -0.10782   1.19337    3.30442    -0.51792   -9.16075   43.22550
G-C        0.00000    0.00000    0.00000    0.00000    0.00000    0.00000    -0.21107   -0.17174   3.24232    -3.32952   2.67894    30.38908
G-C        0.00000    0.00000    0.00000    0.00000    0.00000    0.00000    -0.11599   -0.82493   3.48615    -2.50685   4.58464    32.16240
T-A        0.00000    0.00000    0.00000    0.00000    0.00000    0.00000    0.01338    -0.43362   3.18674    -1.88884   2.89800    30.35628
A-T        0.00000    0.00000    0.00000    0.00000    0.00000    0.00000    -0.01932   -0.75459   3.39818    -0.76554   10.39243   32.54134
T-A        0.00000    0.00000    0.00000    0.00000    0.00000    0.00000    -0.01156   -0.67056   3.16962    0.29077    4.27827    28.72644
C-G        0.00000    0.00000    0.00000    0.00000    0.00000    0.00000    0.10470    -0.31121   3.43578    1.33027    4.43949    37.35902
T-A        0.00000    0.00000    0.00000    0.00000    0.00000    0.00000    0.09722    -0.29575   3.25477    1.95045    5.02400    31.21042
C-G        0.00000    0.00000    0.00000    0.00000    0.00000    0.00000    0.42511    0.34908    3.18760    5.58063    2.45728    35.40081
G-C        0.00000    0.00000    0.00000    0.00000    0.00000    0.00000    0.08566    0.61999    3.21005    3.18698    2.36689    32.72431
A-T        0.00000    0.00000    0.00000    0.00000    0.00000    0.00000    -0.08299   0.17787    3.31118    -0.25017   -1.00052   37.32102
G-C        0.00000    0.00000    0.00000    0.00000    0.00000    0.00000    -0.05160   -0.10278   3.28595    -2.05800   -1.13594   32.63009
C-G        0.00000    0.00000    0.00000    0.00000    0.00000    0.00000    -0.11885   -0.44877   3.39888    -1.75408   1.34331    35.78037
T-A        0.00000    0.00000    0.00000    0.00000    0.00000    0.00000    -0.08371   -0.30685   3.31053    -2.19152   3.52292    30.92493
C-G        0.00000    0.00000    0.00000    0.00000    0.00000    0.00000    -0.06818   -0.11910   3.35591    -1.30039   3.92167    34.10635
G-C        0.00000    0.00000    0.00000    0.00000    0.00000    0.00000    0.22326    0.42558    3.19066    0.10660    7.43207    31.25294
G-C        0.00000    0.00000    0.00000    0.00000    0.00000    0.00000    0.05647    -0.32072   3.31411    -0.50603   5.79639    32.41921
G-C        0.00000    0.00000    0.00000    0.00000    0.00000    0.00000    0.16667    -0.37942   3.34945    2.09648    7.51979    32.19019
A-T        0.00000    0.00000    0.00000    0.00000    0.00000    0.00000    -0.00499   -0.26484   3.30167    1.57311    1.29739    36.06149
T-A        0.00000    0.00000    0.00000    0.00000    0.00000    0.00000    0.01130    -0.63066   3.24829    0.77229    0.62010    31.28209
C-G        0.00000    0.00000    0.00000    0.00000    0.00000    0.00000    0.08144    -0.30525   3.34742    0.47281    -1.16146   37.20119
C-G        0.00000    0.00000    0.00000    0.00000    0.00000    0.00000    -0.07570   -0.19372   3.28883    -0.49540   4.11207    31.76982
G-C        0.00000    0.00000    0.00000    0.00000    0.00000    0.00000    -0.02613   0.46470    3.25410    -1.28842   4.49809    34.26101
C-G        0.00000    0.00000    0.00000    0.00000    0.00000    0.00000    -0.15456   -0.50441   3.42101    -1.93400   0.91941    34.93961
T-A        0.00000    0.00000    0.00000    0.00000    0.00000    0.00000    -0.06680   -0.44602   3.40181    -0.59757   2.93531    34.07656
T-A        0.00000    0.00000    0.00000    0.00000    0.00000    0.00000    0.05168    -0.40688   3.21384    -0.90273   1.07162    34.20206
T-A        0.00000    0.00000    0.00000    0.00000    0.00000    0.00000    -0.01249   -0.16877   3.21845    -0.35584   3.85086    33.37753
A-T        0.00000    0.00000    0.00000    0.00000    0.00000    0.00000    0.06818    -0.00023   3.35303    0.55748    9.41416    33.79331
A-T        0.00000    0.00000    0.00000    0.00000    0.00000    0.00000    0.00796    -0.23965   3.14973    1.11788    3.29701    32.55810
C-G        0.00000    0.00000    0.00000    0.00000    0.00000    0.00000    0.03900    -0.68682   3.28108    1.23468    0.43521    31.69031
A-T        0.00000    0.00000    0.00000    0.00000    0.00000    0.00000    0.08463    -0.11210   3.34339    0.58012    3.91284    34.96912
C-G        0.00000    0.00000    0.00000    0.00000    0.00000    0.00000    0.05955    -0.70652   3.31909    0.41594    0.57984    31.58580
T-A        0.00000    0.00000    0.00000    0.00000    0.00000    0.00000    0.08751    -0.77691   3.55255    -0.29160   0.09167    33.94792
T-A        0.00000    0.00000    0.00000    0.00000    0.00000    0.00000    0.03691    -0.38747   3.23755    -0.03092   -2.57712   35.55764
T-A        0.00000    0.00000    0.00000    0.00000    0.00000    0.00000    -0.04674   -0.27569   3.24963    -0.65347   -0.70076   34.73622
A-T        0.00000    0.00000    0.00000    0.00000    0.00000    0.00000    0.01145    0.24336    3.34030    -1.58006   3.07164    35.70045
T-A        0.00000    0.00000    0.00000    0.00000    0.00000    0.00000    0.05905    -0.73498   3.14946    -0.62879   3.23454    27.87973
G-C        0.00000    0.00000    0.00000    0.00000    0.00000    0.00000    0.01363    -0.26750   3.32892    0.25037    6.50316    37.02008
C-G        0.00000    0.00000    0.00000    0.00000    0.00000    0.00000    0.26166    -0.46105   3.22400    -0.80802   3.92932    32.50400
T-A        0.00000    0.00000    0.00000    0.00000    0.00000    0.00000    0.26145    -0.46584   3.42894    2.75561    2.39919    34.22999
T-A        0.00000    0.00000    0.00000    0.00000    0.00000    0.00000    -0.01229   -0.25067   3.19668    1.08163    2.91042    33.79268
C-G        0.00000    0.00000    0.00000    0.00000    0.00000    0.00000    0.09791    -0.24408   3.32397    0.81667    1.53980    35.48402
C-G        0.00000    0.00000    0.00000    0.00000    0.00000    0.00000    -0.08378   -0.19844   3.28378    -0.24519   5.24476    31.60615
G-C        0.00000    0.00000    0.00000    0.00000    0.00000    0.00000    -0.01929   0.32218    3.05554    0.07994    4.95655    30.83483
G-C        0.00000    0.00000    0.00000    0.00000    0.00000    0.00000    0.25703    -0.27216   3.34578    0.29441    3.28898    33.76628
C-G        0.00000    0.00000    0.00000    0.00000    0.00000    0.00000    0.09185    -0.58137   3.29857    -0.61878   2.12226    33.30220
T-A        0.00000    0.00000    0.00000    0.00000    0.00000    0.00000    -0.02425   -0.25290   3.30466    -0.44687   2.52059    31.46149
C-G        0.00000    0.00000    0.00000    0.00000    0.00000    0.00000    0.05331    0.00802    3.32439    0.13350    2.56701    35.11144
G-C        0.00000    0.00000    0.00000    0.00000    0.00000    0.00000    -0.01929   0.46675    3.29472    -1.16146   5.28588    35.05885
T-A        0.00000    0.00000    0.00000    0.00000    0.00000    0.00000    0.24360    -0.69645   3.22402    -0.42029   3.37271    31.82820
A-T        0.00000    0.00000    0.00000    0.00000    0.00000    0.00000    0.01201    -0.64200   3.38456    0.65443    6.40166    33.98319
T-A        0.00000    0.00000    0.00000    0.00000    0.00000    0.00000    -0.01567   -0.72970   3.16543    0.40119    0.00750    29.90162
A-T        0.00000    0.00000    0.00000    0.00000    0.00000    0.00000    -0.02904   0.19058    3.34811    1.16173    2.81504    35.83753
A-T        0.00000    0.00000    0.00000    0.00000    0.00000    0.00000    -0.00622   -0.35274   3.22119    0.56875    0.87489    34.25258
T-A        0.00000    0.00000    0.00000    0.00000    0.00000    0.00000    0.00396    -0.69504   3.26987    0.46467    -0.62068   31.29387
G-C        0.00000    0.00000    0.00000    0.00000    0.00000    0.00000    -0.02982   -0.21401   3.41078    -0.58767   2.96099    36.30684
T-A        0.00000    0.00000    0.00000    0.00000    0.00000    0.00000    0.01955    -0.49889   3.24885    -0.14726   0.13552    30.19636
G-C        0.00000    0.00000    0.00000    0.00000    0.00000    0.00000    -0.03812   -0.08253   3.33936    0.07816    3.84357    35.15240
T-A        0.00000    0.00000    0.00000    0.00000    0.00000    0.00000    -0.10142   -0.52954   3.17524    -0.69096   2.38951    31.09020
C-G        0.00000    0.00000    0.00000    0.00000    0.00000    0.00000    0.04587    -0.07140   3.17133    0.19534    0.23045    35.73261
G-C        0.00000    0.00000    0.00000    0.00000    0.00000    0.00000    -0.04169   0.40173    3.27250    -1.32261   11.26297   29.63477
A-T        0.00000    0.00000    0.00000    0.00000    0.00000    0.00000    -0.13355   -0.06789   3.15290    -1.22609   0.70355    35.33343
C-G        0.00000    0.00000    0.00000    0.00000    0.00000    0.00000    -0.14827   -0.80927   3.19152    0.26620    3.21282    31.51844
C-G        0.00000    0.00000    0.00000    0.00000    0.00000    0.00000    0.18835    -0.57496   3.36812    1.26917    7.34614    30.83180
A-T        0.00000    0.00000    0.00000    0.00000    0.00000    0.00000    0.09827    0.60427    3.30615    0.70337    6.42480    34.19425
A-T        0.00000    0.00000    0.00000    0.00000    0.00000    0.00000    0.11915    -0.20992   3.27691    1.01201    -0.25564   34.85140
A-T        0.00000    0.00000    0.00000    0.00000    0.00000    0.00000    0.00969    -0.40097   3.25630    0.21584    -3.39649   36.31149
T-A        0.00000    0.00000    0.00000    0.00000    0.00000    0.00000    0.02697    -0.72322   3.27668    0.07734    -1.44183   31.45613
G-C        0.00000    0.00000    0.00000    0.00000    0.00000    0.00000    -0.26900   -1.09600   3.26800    0.65200    -9.99900   39.98200
T-A        0.00000    0.00000    0.00000    0.00000    0.00000    0.00000    -0.92800   -1.59400   3.28000    -2.06300   -8.64800   31.95400
G-C        0.00000    0.00000    0.00000    0.00000    0.00000    0.00000    -0.32200   -0.59400   3.18100    -1.65300   -0.34900   39.42200
A-T        0.00000    0.00000    0.00000    0.00000    0.00000    0.00000    0.12100    -0.98300   3.10600    2.86200    -6.40900   31.81400
G-C        0.00000    0.00000    0.00000    0.00000    0.00000    0.00000    0.96000    -0.48300   2.89500    -0.86600   -7.57100   33.58100
C-G        0.00000    0.00000    0.00000    0.00000    0.00000    0.00000    -0.71700   -0.08600   3.08700    11.68200   -4.89500   33.31200
G-C        0.00000    0.00000    0.00000    0.00000    0.00000    0.00000    -0.04900   1.55200    5.41000    -0.16800   60.11300   13.23400
C-G        0.00000    0.00000    0.00000    0.00000    0.00000    0.00000    0.67500    -0.12400   3.12600    -12.51800  -5.62800   33.19300
T-A        0.00000    0.00000    0.00000    0.00000    0.00000    0.00000    -0.92900   -0.52900   2.87800    1.16500    -8.56500   33.47300
C-G        0.00000    0.00000    0.00000    0.00000    0.00000    0.00000    -0.13400   -1.01700   3.04900    -2.60200   -6.08500   32.11200
A-T        0.00000    0.00000    0.00000    0.00000    0.00000    0.00000    0.37700    -0.59600   3.22500    2.12500    -0.60700   39.45000
C-G        0.00000    0.00000    0.00000    0.00000    0.00000    0.00000    0.90500    -1.56500   3.20700    2.32500    -8.21100   32.16300
A-T        0.00000    0.00000    0.00000    0.00000    0.00000    0.00000    0.52800    -0.91200   3.45700    1.68300    -11.71700  37.47400
