147 # base pairs
  0 # ***local base-pair & step parameters***
#          Shear      Stretch    Stagger    Buckle     Prop-Tw    Opening    Shift      Slide      Rise       Tilt       Roll       Twist
A-T        0.00000    0.00000    0.00000    0.00000    0.00000    0.00000    0.00000    0.00000    0.00000    0.00000    0.00000    0.00000
G-C        0.00000    0.00000    0.00000    0.00000    0.00000    0.00000    -0.27000   -1.09500   3.26900    0.65500    -9.99300   39.97500
T-A        0.00000    0.00000    0.00000    0.00000    0.00000    0.00000    -0.92900   -1.59400   3.27900    -2.06900   -8.63400   31.93800
G-C        0.00000    0.00000    0.00000    0.00000    0.00000    0.00000    -0.32200   -0.59300   3.18200    -1.66400   -0.37500   39.43600
A-T        0.00000    0.00000    0.00000    0.00000    0.00000    0.00000    0.12100    -0.98400   3.10400    2.85800    -6.38900   31.82300
G-C        0.00000    0.00000    0.00000    0.00000    0.00000    0.00000    0.96000    -0.48500   2.89700    -0.88500   -7.59600   33.57900
C-G        0.00000    0.00000    0.00000    0.00000    0.00000    0.00000    -0.71600   -0.08700   3.08600    11.71000   -4.91700   33.30600
G-C        0.00000    0.00000    0.00000    0.00000    0.00000    0.00000    -0.04800   1.55200    5.41100    -0.14600   60.13700   13.20200
C-G        0.00000    0.00000    0.00000    0.00000    0.00000    0.00000    0.67500    -0.12200   3.12500    -12.51800  -5.63900   33.20600
T-A        0.00000    0.00000    0.00000    0.00000    0.00000    0.00000    -0.92700   -0.52800   2.87800    1.16700    -8.56000   33.49500
C-G        0.00000    0.00000    0.00000    0.00000    0.00000    0.00000    -0.13300   -1.01700   3.05000    -2.61000   -6.08100   32.11700
A-T        0.00000    0.00000    0.00000    0.00000    0.00000    0.00000    0.37700    -0.59600   3.22400    2.15400    -0.57500   39.43500
C-G        0.00000    0.00000    0.00000    0.00000    0.00000    0.00000    0.90400    -1.56500   3.20800    2.29400    -8.21000   32.14300
A-T        0.00000    0.00000    0.00000    0.00000    0.00000    0.00000    0.52900    -0.91300   3.45700    1.67600    -11.72600  37.48400
A-T        0.00000    0.00000    0.00000    0.00000    0.00000    0.00000    0.03458    -0.29843   3.22142    0.26214    1.51153    33.26714
T-A        0.00000    0.00000    0.00000    0.00000    0.00000    0.00000    -0.00057   -0.69533   3.20753    0.26157    0.94333    29.52127
T-A        0.00000    0.00000    0.00000    0.00000    0.00000    0.00000    -0.02530   -0.30975   3.22575    0.39986    0.54435    33.56010
T-A        0.00000    0.00000    0.00000    0.00000    0.00000    0.00000    -0.03258   -0.31071   3.22801    0.36723    0.03488    33.73611
A-T        0.00000    0.00000    0.00000    0.00000    0.00000    0.00000    -0.01720   0.06930    3.31724    0.35204    2.90699    35.13605
T-A        0.00000    0.00000    0.00000    0.00000    0.00000    0.00000    -0.00976   -0.69082   3.21917    0.09512    -0.14719   29.89211
T-A        0.00000    0.00000    0.00000    0.00000    0.00000    0.00000    -0.02660   -0.30439   3.23084    -0.03588   -0.57935   34.01040
C-G        0.00000    0.00000    0.00000    0.00000    0.00000    0.00000    0.02600    -0.12717   3.26283    -0.13766   1.76985    35.17242
G-C        0.00000    0.00000    0.00000    0.00000    0.00000    0.00000    -0.01596   0.34050    3.30218    -0.59078   6.49330    32.82235
C-G        0.00000    0.00000    0.00000    0.00000    0.00000    0.00000    -0.00051   -0.46004   3.26436    -0.34935   2.93172    32.13315
A-T        0.00000    0.00000    0.00000    0.00000    0.00000    0.00000    -0.06959   0.02426    3.31777    -0.17353   6.65888    33.04514
A-T        0.00000    0.00000    0.00000    0.00000    0.00000    0.00000    0.02128    -0.31242   3.22464    -0.16533   0.79453    33.38839
A-T        0.00000    0.00000    0.00000    0.00000    0.00000    0.00000    0.01230    -0.30777   3.22349    -0.08475   1.05096    33.32005
G-C        0.00000    0.00000    0.00000    0.00000    0.00000    0.00000    -0.05843   -0.37804   3.27375    -0.31520   4.59356    30.35196
G-C        0.00000    0.00000    0.00000    0.00000    0.00000    0.00000    -0.00398   -0.40331   3.34236    0.42243    5.85897    31.50481
C-G        0.00000    0.00000    0.00000    0.00000    0.00000    0.00000    0.02220    -0.45711   3.25871    0.58492    3.17035    32.07083
C-G        0.00000    0.00000    0.00000    0.00000    0.00000    0.00000    0.07704    -0.33728   3.34190    0.91347    4.96647    31.98631
G-C        0.00000    0.00000    0.00000    0.00000    0.00000    0.00000    0.09099    0.39373    3.30080    1.22073    5.73573    33.21737
G-C        0.00000    0.00000    0.00000    0.00000    0.00000    0.00000    0.05010    -0.33105   3.35019    0.50773    3.95667    32.38114
C-G        0.00000    0.00000    0.00000    0.00000    0.00000    0.00000    0.02114    -0.42135   3.28408    -0.07400   1.81243    32.69138
C-G        0.00000    0.00000    0.00000    0.00000    0.00000    0.00000    -0.01616   -0.37471   3.35523    -0.75087   4.07800    32.23459
C-G        0.00000    0.00000    0.00000    0.00000    0.00000    0.00000    -0.07896   -0.41416   3.35370    -1.28557   4.74902    31.89482
G-C        0.00000    0.00000    0.00000    0.00000    0.00000    0.00000    -0.13321   0.25333    3.30654    -1.90629   7.45022    32.38282
A-T        0.00000    0.00000    0.00000    0.00000    0.00000    0.00000    -0.10120   -0.15465   3.24458    -0.93248   3.44546    34.32001
C-G        0.00000    0.00000    0.00000    0.00000    0.00000    0.00000    -0.03905   -0.65098   3.20721    0.01164    3.29522    30.06125
A-T        0.00000    0.00000    0.00000    0.00000    0.00000    0.00000    -0.08294   -0.03853   3.32757    0.70436    8.50878    32.15025
C-G        0.00000    0.00000    0.00000    0.00000    0.00000    0.00000    -0.00192   -0.64121   3.21664    1.01155    2.85020    30.26309
G-C        0.00000    0.00000    0.00000    0.00000    0.00000    0.00000    0.16870    0.34759    3.30113    2.50926    6.96591    32.69157
A-T        0.00000    0.00000    0.00000    0.00000    0.00000    0.00000    0.06957    -0.12642   3.27197    1.22383    1.18462    35.51680
C-G        0.00000    0.00000    0.00000    0.00000    0.00000    0.00000    0.05947    -0.63327   3.26866    0.70715    0.30735    31.16991
T-A        0.00000    0.00000    0.00000    0.00000    0.00000    0.00000    0.07677    -0.34674   3.29538    0.14585    1.54973    31.43902
T-A        0.00000    0.00000    0.00000    0.00000    0.00000    0.00000    -0.03008   -0.34257   3.23860    -0.73283   -2.12114   34.54104
A-T        0.00000    0.00000    0.00000    0.00000    0.00000    0.00000    -0.05925   0.02380    3.32217    -1.73002   2.52878    35.36771
C-G        0.00000    0.00000    0.00000    0.00000    0.00000    0.00000    -0.04272   -0.64807   3.22123    -1.14842   2.58100    30.45640
T-A        0.00000    0.00000    0.00000    0.00000    0.00000    0.00000    -0.02052   -0.38663   3.26607    -1.00464   5.84198    30.04927
G-C        0.00000    0.00000    0.00000    0.00000    0.00000    0.00000    0.03565    -0.12073   3.33738    -0.67685   9.91909    31.60717
T-A        0.00000    0.00000    0.00000    0.00000    0.00000    0.00000    -0.00199   -0.64084   3.19017    0.37886    4.04084    29.91397
A-T        0.00000    0.00000    0.00000    0.00000    0.00000    0.00000    0.05281    -0.28094   3.30349    1.70978    8.82979    31.95503
G-C        0.00000    0.00000    0.00000    0.00000    0.00000    0.00000    0.00114    -0.33783   3.28246    2.02075    3.83414    30.95470
G-C        0.00000    0.00000    0.00000    0.00000    0.00000    0.00000    0.20829    -0.33205   3.35302    2.51688    3.65330    32.65877
T-A        0.00000    0.00000    0.00000    0.00000    0.00000    0.00000    0.02486    -0.62544   3.28324    0.66326    -0.45101   31.74268
A-T        0.00000    0.00000    0.00000    0.00000    0.00000    0.00000    0.00686    0.62432    3.34332    -0.35282   -5.79587   40.73469
T-A        0.00000    0.00000    0.00000    0.00000    0.00000    0.00000    -0.00191   -0.70511   3.24061    -0.88598   -1.69663   30.71624
C-G        0.00000    0.00000    0.00000    0.00000    0.00000    0.00000    -0.14516   -0.14580   3.27890    -2.35444   1.52897    35.82665
T-A        0.00000    0.00000    0.00000    0.00000    0.00000    0.00000    -0.02373   -0.36355   3.27922    -2.13529   5.06188    30.78197
C-G        0.00000    0.00000    0.00000    0.00000    0.00000    0.00000    -0.09277   -0.13408   3.24232    -1.38267   5.07315    34.35132
G-C        0.00000    0.00000    0.00000    0.00000    0.00000    0.00000    -0.01251   0.15227    3.32254    -0.06344   11.62545   31.38355
A-T        0.00000    0.00000    0.00000    0.00000    0.00000    0.00000    0.08068    -0.12836   3.24087    1.34164    5.13432    34.33519
G-C        0.00000    0.00000    0.00000    0.00000    0.00000    0.00000    0.01683    -0.35189   3.27741    2.19330    5.12803    30.78154
C-G        0.00000    0.00000    0.00000    0.00000    0.00000    0.00000    0.20600    -0.43892   3.27930    2.66569    2.41956    32.81992
T-A        0.00000    0.00000    0.00000    0.00000    0.00000    0.00000    0.08309    -0.34139   3.29968    2.44839    1.40084    32.16178
C-G        0.00000    0.00000    0.00000    0.00000    0.00000    0.00000    0.08623    -0.13236   3.29484    0.73223    -1.34418   36.87856
G-C        0.00000    0.00000    0.00000    0.00000    0.00000    0.00000    -0.12216   0.49517    3.30088    -1.70764   2.07630    35.04344
G-C        0.00000    0.00000    0.00000    0.00000    0.00000    0.00000    -0.26528   -0.28688   3.35670    -2.82192   3.02060    33.16852
G-C        0.00000    0.00000    0.00000    0.00000    0.00000    0.00000    -0.28942   -0.32942   3.34437    -3.27110   4.93092    32.37331
A-T        0.00000    0.00000    0.00000    0.00000    0.00000    0.00000    -0.17703   -0.12283   3.23646    -2.22101   4.07587    34.43157
T-A        0.00000    0.00000    0.00000    0.00000    0.00000    0.00000    -0.00166   -0.67215   3.18024    -0.56250   3.01987    29.01427
C-G        0.00000    0.00000    0.00000    0.00000    0.00000    0.00000    0.04283    -0.12984   3.22854    0.34047    5.65906    33.89759
C-G        0.00000    0.00000    0.00000    0.00000    0.00000    0.00000    0.16270    -0.42075   3.33173    1.91036    7.74232    31.25703
G-C        0.00000    0.00000    0.00000    0.00000    0.00000    0.00000    0.30199    0.26016    3.31618    4.24275    8.22819    32.67995
C-G        0.00000    0.00000    0.00000    0.00000    0.00000    0.00000    0.18801    -0.43771   3.28644    2.48258    2.14131    32.96330
T-A        0.00000    0.00000    0.00000    0.00000    0.00000    0.00000    0.06322    -0.34762   3.30341    2.10412    1.23235    32.24980
T-A        0.00000    0.00000    0.00000    0.00000    0.00000    0.00000    -0.03078   -0.34981   3.25093    0.32501    -4.29370   35.81167
T-A        0.00000    0.00000    0.00000    0.00000    0.00000    0.00000    -0.05795   -0.33533   3.24859    -0.75590   -3.68815   35.69425
T-A        0.00000    0.00000    0.00000    0.00000    0.00000    0.00000    -0.06986   -0.30053   3.24029    -1.52268   -1.75806   35.21386
C-G        0.00000    0.00000    0.00000    0.00000    0.00000    0.00000    -0.14464   -0.11278   3.27407    -2.24756   2.57350    35.83909
A-T        0.00000    0.00000    0.00000    0.00000    0.00000    0.00000    -0.15519   0.05312    3.33744    -1.65175   8.66119    33.38813
T-A        0.00000    0.00000    0.00000    0.00000    0.00000    0.00000    0.01332    -0.66883   3.18619    -0.27754   2.80023    29.41764
G-C        0.00000    0.00000    0.00000    0.00000    0.00000    0.00000    0.14693    -0.06146   3.34870    0.55333    9.75125    32.66849
T-A        0.00000    0.00000    0.00000    0.00000    0.00000    0.00000    0.06806    -0.64660   3.21330    1.01580    3.39448    30.88595
T-A        0.00000    0.00000    0.00000    0.00000    0.00000    0.00000    0.01881    -0.28949   3.22968    1.44148    0.47672    34.31271
A-T        0.00000    0.00000    0.00000    0.00000    0.00000    0.00000    0.05759    0.25135    3.34059    1.74042    -0.17346   37.92002
T-A        0.00000    0.00000    0.00000    0.00000    0.00000    0.00000    -0.01231   -0.70428   3.24292    0.46515    -1.70888   30.85094
A-T        0.00000    0.00000    0.00000    0.00000    0.00000    0.00000    -0.04515   0.56136    3.34614    -0.26462   -4.18282   40.24867
A-T        0.00000    0.00000    0.00000    0.00000    0.00000    0.00000    -0.01108   -0.30952   3.24270    -0.96970   -2.28153   35.22745
C-G        0.00000    0.00000    0.00000    0.00000    0.00000    0.00000    -0.03798   -0.61855   3.25026    -1.10267   1.37699    31.48853
G-C        0.00000    0.00000    0.00000    0.00000    0.00000    0.00000    -0.17752   0.33484    3.32317    -2.70068   7.64921    33.19940
G-C        0.00000    0.00000    0.00000    0.00000    0.00000    0.00000    -0.05529   -0.37254   3.34142    -1.02806   6.73789    31.93577
A-T        0.00000    0.00000    0.00000    0.00000    0.00000    0.00000    -0.00102   -0.12543   3.25080    -0.07180   4.19024    34.77757
A-T        0.00000    0.00000    0.00000    0.00000    0.00000    0.00000    0.04781    -0.26773   3.22106    0.61895    2.31166    33.53566
A-T        0.00000    0.00000    0.00000    0.00000    0.00000    0.00000    0.04784    -0.28789   3.22638    0.92398    1.22654    33.86079
C-G        0.00000    0.00000    0.00000    0.00000    0.00000    0.00000    0.01973    -0.66113   3.25048    1.15625    1.76093    31.13492
A-T        0.00000    0.00000    0.00000    0.00000    0.00000    0.00000    -0.02764   0.13664    3.31733    1.14152    4.78629    34.46870
C-G        0.00000    0.00000    0.00000    0.00000    0.00000    0.00000    -0.01441   -0.64208   3.27056    0.49016    0.61301    31.58732
T-A        0.00000    0.00000    0.00000    0.00000    0.00000    0.00000    0.00969    -0.33449   3.30038    0.13918    2.18263    31.90953
T-A        0.00000    0.00000    0.00000    0.00000    0.00000    0.00000    -0.04483   -0.29720   3.23880    -0.49040   -1.35703   34.87999
T-A        0.00000    0.00000    0.00000    0.00000    0.00000    0.00000    -0.03794   -0.28159   3.23457    -0.72259   -0.39660   34.62118
A-T        0.00000    0.00000    0.00000    0.00000    0.00000    0.00000    -0.01372   0.06351    3.32801    -0.90244   4.26797    35.50597
T-A        0.00000    0.00000    0.00000    0.00000    0.00000    0.00000    0.01610    -0.68197   3.20877    -0.30979   1.06640    29.93805
G-C        0.00000    0.00000    0.00000    0.00000    0.00000    0.00000    0.09158    0.02345    3.33688    -0.29712   7.60092    33.42442
C-G        0.00000    0.00000    0.00000    0.00000    0.00000    0.00000    0.04118    -0.48908   3.26637    0.34826    3.66278    32.44057
T-A        0.00000    0.00000    0.00000    0.00000    0.00000    0.00000    0.03900    -0.37446   3.28768    1.03828    4.44441    31.23332
T-A        0.00000    0.00000    0.00000    0.00000    0.00000    0.00000    -0.01824   -0.29526   3.23209    0.49033    0.21731    34.29521
C-G        0.00000    0.00000    0.00000    0.00000    0.00000    0.00000    0.05257    -0.13093   3.27267    0.64499    1.77100    35.73515
C-G        0.00000    0.00000    0.00000    0.00000    0.00000    0.00000    0.01944    -0.33096   3.35793    0.45014    4.34983    32.81651
G-C        0.00000    0.00000    0.00000    0.00000    0.00000    0.00000    -0.00568   0.40667    3.31911    0.16297    5.41685    33.99122
G-C        0.00000    0.00000    0.00000    0.00000    0.00000    0.00000    -0.03856   -0.30130   3.35513    -0.23783   4.20259    32.90825
C-G        0.00000    0.00000    0.00000    0.00000    0.00000    0.00000    -0.01363   -0.42718   3.28509    -0.33158   2.27288    32.99021
T-A        0.00000    0.00000    0.00000    0.00000    0.00000    0.00000    0.05489    -0.33536   3.29474    -0.17252   3.34379    31.59301
C-G        0.00000    0.00000    0.00000    0.00000    0.00000    0.00000    0.01155    -0.13086   3.27194    -0.40189   2.11133    35.65168
G-C        0.00000    0.00000    0.00000    0.00000    0.00000    0.00000    -0.03375   0.28979    3.32600    -0.75708   7.23004    33.23484
T-A        0.00000    0.00000    0.00000    0.00000    0.00000    0.00000    0.00386    -0.65756   3.23797    -0.42796   2.37170    31.01666
A-T        0.00000    0.00000    0.00000    0.00000    0.00000    0.00000    -0.01341   -0.14995   3.32739    -0.05879   5.97220    34.20592
T-A        0.00000    0.00000    0.00000    0.00000    0.00000    0.00000    -0.01376   -0.68873   3.21153    0.11364    0.90442    29.93866
A-T        0.00000    0.00000    0.00000    0.00000    0.00000    0.00000    -0.01456   -0.03592   3.32761    0.44126    5.00841    34.88901
A-T        0.00000    0.00000    0.00000    0.00000    0.00000    0.00000    0.01886    -0.27979   3.23142    0.48349    0.28616    34.32275
T-A        0.00000    0.00000    0.00000    0.00000    0.00000    0.00000    -0.00418   -0.68527   3.22140    0.32856    -0.01213   30.26363
G-C        0.00000    0.00000    0.00000    0.00000    0.00000    0.00000    0.09290    0.23285    3.31273    0.50742    4.85492    34.77037
T-A        0.00000    0.00000    0.00000    0.00000    0.00000    0.00000    0.01832    -0.62977   3.26198    -0.03551   0.94798    31.50640
G-C        0.00000    0.00000    0.00000    0.00000    0.00000    0.00000    0.07465    0.20324    3.31376    -0.27504   4.50352    34.79240
T-A        0.00000    0.00000    0.00000    0.00000    0.00000    0.00000    0.00979    -0.64869   3.26114    -0.66434   1.17115    31.40739
C-G        0.00000    0.00000    0.00000    0.00000    0.00000    0.00000    -0.02443   -0.14615   3.27554    -0.80659   1.88693    35.67899
G-C        0.00000    0.00000    0.00000    0.00000    0.00000    0.00000    -0.11473   0.26531    3.32527    -1.61733   7.50254    33.04023
A-T        0.00000    0.00000    0.00000    0.00000    0.00000    0.00000    -0.08261   -0.14092   3.25633    -0.69809   3.32534    34.98503
C-G        0.00000    0.00000    0.00000    0.00000    0.00000    0.00000    -0.03910   -0.64963   3.21982    0.16704    3.09383    30.70908
C-G        0.00000    0.00000    0.00000    0.00000    0.00000    0.00000    0.01547    -0.38150   3.34486    0.56937    6.41641    31.95829
A-T        0.00000    0.00000    0.00000    0.00000    0.00000    0.00000    -0.02216   0.09649    3.32903    1.33314    6.99662    33.62291
A-T        0.00000    0.00000    0.00000    0.00000    0.00000    0.00000    0.04403    -0.27936   3.23291    0.94559    -0.14205   34.49232
A-T        0.00000    0.00000    0.00000    0.00000    0.00000    0.00000    0.05163    -0.30045   3.23867    0.71539    -1.44095   34.84671
T-A        0.00000    0.00000    0.00000    0.00000    0.00000    0.00000    0.02035    -0.69695   3.23656    0.20284    -1.28959   30.61971
G-C        0.00000    0.00000    0.00000    0.00000    0.00000    0.00000    -0.26900   -1.09600   3.26800    0.65200    -9.99900   39.98200
T-A        0.00000    0.00000    0.00000    0.00000    0.00000    0.00000    -0.92800   -1.59400   3.28000    -2.06300   -8.64800   31.95400
G-C        0.00000    0.00000    0.00000    0.00000    0.00000    0.00000    -0.32200   -0.59400   3.18100    -1.65300   -0.34900   39.42200
A-T        0.00000    0.00000    0.00000    0.00000    0.00000    0.00000    0.12100    -0.98300   3.10600    2.86200    -6.40900   31.81400
G-C        0.00000    0.00000    0.00000    0.00000    0.00000    0.00000    0.96000    -0.48300   2.89500    -0.86600   -7.57100   33.58100
C-G        0.00000    0.00000    0.00000    0.00000    0.00000    0.00000    -0.71700   -0.08600   3.08700    11.68200   -4.89500   33.31200
G-C        0.00000    0.00000    0.00000    0.00000    0.00000    0.00000    -0.04900   1.55200    5.41000    -0.16800   60.11300   13.23400
C-G        0.00000    0.00000    0.00000    0.00000    0.00000    0.00000    0.67500    -0.12400   3.12600    -12.51800  -5.62800   33.19300
T-A        0.00000    0.00000    0.00000    0.00000    0.00000    0.00000    -0.92900   -0.52900   2.87800    1.16500    -8.56500   33.47300
C-G        0.00000    0.00000    0.00000    0.00000    0.00000    0.00000    -0.13400   -1.01700   3.04900    -2.60200   -6.08500   32.11200
A-T        0.00000    0.00000    0.00000    0.00000    0.00000    0.00000    0.37700    -0.59600   3.22500    2.12500    -0.60700   39.45000
C-G        0.00000    0.00000    0.00000    0.00000    0.00000    0.00000    0.90500    -1.56500   3.20700    2.32500    -8.21100   32.16300
A-T        0.00000    0.00000    0.00000    0.00000    0.00000    0.00000    0.52800    -0.91200   3.45700    1.68300    -11.71700  37.47400
