147 # base pairs
  0 # ***local base-pair & step parameters***
#          Shear      Stretch    Stagger    Buckle     Prop-Tw    Opening    Shift      Slide      Rise       Tilt       Roll       Twist
A-T        0.00000    0.00000    0.00000    0.00000    0.00000    0.00000    0.00000    0.00000    0.00000    0.00000    0.00000    0.00000
G-C        0.00000    0.00000    0.00000    0.00000    0.00000    0.00000    -0.27000   -1.09500   3.26900    0.65500    -9.99300   39.97500
T-A        0.00000    0.00000    0.00000    0.00000    0.00000    0.00000    -0.92900   -1.59400   3.27900    -2.06900   -8.63400   31.93800
G-C        0.00000    0.00000    0.00000    0.00000    0.00000    0.00000    -0.32200   -0.59300   3.18200    -1.66400   -0.37500   39.43600
A-T        0.00000    0.00000    0.00000    0.00000    0.00000    0.00000    0.12100    -0.98400   3.10400    2.85800    -6.38900   31.82300
G-C        0.00000    0.00000    0.00000    0.00000    0.00000    0.00000    0.96000    -0.48500   2.89700    -0.88500   -7.59600   33.57900
C-G        0.00000    0.00000    0.00000    0.00000    0.00000    0.00000    -0.71600   -0.08700   3.08600    11.71000   -4.91700   33.30600
G-C        0.00000    0.00000    0.00000    0.00000    0.00000    0.00000    -0.04800   1.55200    5.41100    -0.14600   60.13700   13.20200
C-G        0.00000    0.00000    0.00000    0.00000    0.00000    0.00000    0.67500    -0.12200   3.12500    -12.51800  -5.63900   33.20600
T-A        0.00000    0.00000    0.00000    0.00000    0.00000    0.00000    -0.92700   -0.52800   2.87800    1.16700    -8.56000   33.49500
C-G        0.00000    0.00000    0.00000    0.00000    0.00000    0.00000    -0.13300   -1.01700   3.05000    -2.61000   -6.08100   32.11700
A-T        0.00000    0.00000    0.00000    0.00000    0.00000    0.00000    0.37700    -0.59600   3.22400    2.15400    -0.57500   39.43500
C-G        0.00000    0.00000    0.00000    0.00000    0.00000    0.00000    0.90400    -1.56500   3.20800    2.29400    -8.21000   32.14300
A-T        0.00000    0.00000    0.00000    0.00000    0.00000    0.00000    0.52900    -0.91300   3.45700    1.67600    -11.72600  37.48400
A-T        0.00000    0.00000    0.00000    0.00000    0.00000    0.00000    -0.03707   -0.12371   3.24075    -0.09606   2.06146    34.99546
T-A        0.00000    0.00000    0.00000    0.00000    0.00000    0.00000    -0.00164   -0.76761   3.30200    0.14083    -2.06262   32.56758
T-A        0.00000    0.00000    0.00000    0.00000    0.00000    0.00000    -0.01283   -0.40942   3.26102    0.42873    -2.20223   35.91850
T-A        0.00000    0.00000    0.00000    0.00000    0.00000    0.00000    -0.04060   -0.26231   3.23524    0.10640    0.33896    34.22668
A-T        0.00000    0.00000    0.00000    0.00000    0.00000    0.00000    0.01776    0.26734    3.35701    0.03662    1.70298    36.60500
T-A        0.00000    0.00000    0.00000    0.00000    0.00000    0.00000    -0.05688   -0.69101   3.25331    -0.16397   -1.64434   31.23076
T-A        0.00000    0.00000    0.00000    0.00000    0.00000    0.00000    -0.00674   -0.29090   3.25649    0.51361    -0.93120   35.04017
C-G        0.00000    0.00000    0.00000    0.00000    0.00000    0.00000    -0.01778   -0.03949   3.28356    0.09078    1.77276    35.58151
G-C        0.00000    0.00000    0.00000    0.00000    0.00000    0.00000    -0.03549   0.57859    3.32338    -1.02744   8.49050    33.50386
C-G        0.00000    0.00000    0.00000    0.00000    0.00000    0.00000    -0.13313   -0.41702   3.24108    -1.34112   3.27358    31.37035
A-T        0.00000    0.00000    0.00000    0.00000    0.00000    0.00000    -0.16411   0.27703    3.26869    -1.43992   5.46205    33.61165
A-T        0.00000    0.00000    0.00000    0.00000    0.00000    0.00000    0.02963    -0.20554   3.26858    0.09447    1.45937    33.88373
A-T        0.00000    0.00000    0.00000    0.00000    0.00000    0.00000    -0.05619   -0.40397   3.22388    -0.05587   0.23757    34.50372
G-C        0.00000    0.00000    0.00000    0.00000    0.00000    0.00000    -0.01921   -0.51679   3.32864    0.81421    4.38300    31.41145
G-C        0.00000    0.00000    0.00000    0.00000    0.00000    0.00000    0.06114    -0.42287   3.41979    0.43552    4.90862    33.88221
C-G        0.00000    0.00000    0.00000    0.00000    0.00000    0.00000    0.13588    -0.41019   3.24256    1.27889    3.17214    33.06078
C-G        0.00000    0.00000    0.00000    0.00000    0.00000    0.00000    -0.18311   -0.28252   3.33820    0.59742    3.71746    33.64584
G-C        0.00000    0.00000    0.00000    0.00000    0.00000    0.00000    0.12382    0.32088    3.04906    1.04191    4.74653    30.64791
G-C        0.00000    0.00000    0.00000    0.00000    0.00000    0.00000    0.34926    -0.30400   3.35852    0.94803    2.64854    33.61655
C-G        0.00000    0.00000    0.00000    0.00000    0.00000    0.00000    -0.06011   -0.37889   3.25376    -0.74128   1.97021    33.48486
C-G        0.00000    0.00000    0.00000    0.00000    0.00000    0.00000    0.14640    -0.42521   3.37319    -1.26481   3.39009    33.51771
C-G        0.00000    0.00000    0.00000    0.00000    0.00000    0.00000    -0.08996   -0.38216   3.35174    -0.80595   3.78029    32.77140
G-C        0.00000    0.00000    0.00000    0.00000    0.00000    0.00000    -0.36115   0.60835    3.23826    -2.54543   6.04679    32.24712
A-T        0.00000    0.00000    0.00000    0.00000    0.00000    0.00000    -0.16794   -0.06644   3.14355    -1.54010   1.08495    35.04243
C-G        0.00000    0.00000    0.00000    0.00000    0.00000    0.00000    0.10370    -0.48792   3.14102    0.37522    4.37671    30.47711
A-T        0.00000    0.00000    0.00000    0.00000    0.00000    0.00000    0.03772    -0.12205   3.33994    1.03261    7.19126    33.31356
C-G        0.00000    0.00000    0.00000    0.00000    0.00000    0.00000    0.23026    -0.51365   3.25428    1.22678    2.87242    30.54235
G-C        0.00000    0.00000    0.00000    0.00000    0.00000    0.00000    0.14929    0.47117    3.28365    3.49493    3.11004    35.75982
A-T        0.00000    0.00000    0.00000    0.00000    0.00000    0.00000    0.00635    -0.06124   3.17973    0.09551    -0.96364   36.19616
C-G        0.00000    0.00000    0.00000    0.00000    0.00000    0.00000    0.05926    -0.65498   3.26976    0.22883    0.69941    32.05634
T-A        0.00000    0.00000    0.00000    0.00000    0.00000    0.00000    0.11268    -0.80839   3.55219    -1.40901   -0.59066   33.66291
T-A        0.00000    0.00000    0.00000    0.00000    0.00000    0.00000    -0.07580   -0.42547   3.21228    -2.08017   -1.74361   31.44395
A-T        0.00000    0.00000    0.00000    0.00000    0.00000    0.00000    -0.08403   -0.30145   3.29985    -1.79431   7.70667    32.17386
C-G        0.00000    0.00000    0.00000    0.00000    0.00000    0.00000    -0.20115   -0.68779   3.18127    -1.01049   4.18896    30.89991
T-A        0.00000    0.00000    0.00000    0.00000    0.00000    0.00000    -0.10603   -0.49442   3.30126    0.83468    6.64086    30.60901
G-C        0.00000    0.00000    0.00000    0.00000    0.00000    0.00000    0.10912    -0.18361   3.42848    1.04017    12.26382   32.31290
T-A        0.00000    0.00000    0.00000    0.00000    0.00000    0.00000    -0.03355   -0.53944   3.13863    1.12645    4.73170    28.70552
A-T        0.00000    0.00000    0.00000    0.00000    0.00000    0.00000    0.13011    -0.04091   3.28434    3.43048    5.98672    34.59485
G-C        0.00000    0.00000    0.00000    0.00000    0.00000    0.00000    0.01179    -0.34927   3.20956    2.67122    3.04892    30.17558
G-C        0.00000    0.00000    0.00000    0.00000    0.00000    0.00000    0.06863    -0.88521   3.55379    1.47121    1.60496    33.19287
T-A        0.00000    0.00000    0.00000    0.00000    0.00000    0.00000    0.13275    -0.78851   3.23586    0.46221    0.81960    32.39468
C-G        0.00000    0.00000    0.00000    0.00000    0.00000    0.00000    0.09157    -0.17678   3.24730    -0.24930   -0.04881   35.76289
A-T        0.00000    0.00000    0.00000    0.00000    0.00000    0.00000    -0.47569   0.41146    3.33131    -3.89636   4.80230    35.11981
T-A        0.00000    0.00000    0.00000    0.00000    0.00000    0.00000    -0.03065   -0.50266   3.20670    -1.14466   3.06812    29.51457
G-C        0.00000    0.00000    0.00000    0.00000    0.00000    0.00000    -0.07451   -0.32314   3.51635    -3.15260   8.92648    33.74776
T-A        0.00000    0.00000    0.00000    0.00000    0.00000    0.00000    -0.00776   -0.74633   3.21453    -0.23784   3.93235    29.50054
T-A        0.00000    0.00000    0.00000    0.00000    0.00000    0.00000    0.02013    -0.22350   3.10215    0.27138    7.30945    30.24361
A-T        0.00000    0.00000    0.00000    0.00000    0.00000    0.00000    0.07044    0.05107    3.26337    1.58138    9.71275    30.98219
T-A        0.00000    0.00000    0.00000    0.00000    0.00000    0.00000    0.00918    -0.72371   3.15514    2.08708    0.25520    29.80595
A-T        0.00000    0.00000    0.00000    0.00000    0.00000    0.00000    0.05458    0.30925    3.37913    3.25507    -1.03374   38.10485
A-T        0.00000    0.00000    0.00000    0.00000    0.00000    0.00000    0.03312    -0.21684   3.22340    0.67086    -3.85296   35.61307
C-G        0.00000    0.00000    0.00000    0.00000    0.00000    0.00000    -0.04193   -0.73521   3.42378    -0.35489   -3.90734   33.92629
G-C        0.00000    0.00000    0.00000    0.00000    0.00000    0.00000    0.01581    0.19412    3.25117    -2.61845   1.14874    37.11996
G-C        0.00000    0.00000    0.00000    0.00000    0.00000    0.00000    -0.31691   -0.28629   3.29431    -2.86615   4.08077    31.29510
A-T        0.00000    0.00000    0.00000    0.00000    0.00000    0.00000    -0.12054   -0.26001   3.29432    -2.07778   2.82754    35.28754
T-A        0.00000    0.00000    0.00000    0.00000    0.00000    0.00000    0.05962    -0.68680   3.17720    -1.27908   3.92054    28.50754
A-T        0.00000    0.00000    0.00000    0.00000    0.00000    0.00000    -0.00262   -0.45976   3.33384    -0.23438   8.79673    34.33420
T-A        0.00000    0.00000    0.00000    0.00000    0.00000    0.00000    -0.03078   -0.67603   3.16915    0.82151    4.63310    28.17910
C-G        0.00000    0.00000    0.00000    0.00000    0.00000    0.00000    0.10459    -0.31414   3.43090    1.73849    4.13840    37.01331
T-A        0.00000    0.00000    0.00000    0.00000    0.00000    0.00000    0.08508    -0.30563   3.25205    2.24089    4.24368    31.14151
C-G        0.00000    0.00000    0.00000    0.00000    0.00000    0.00000    0.42025    0.38262    3.18259    5.30469    1.34231    35.70547
G-C        0.00000    0.00000    0.00000    0.00000    0.00000    0.00000    0.05078    0.66009    3.17843    2.08954    -0.10678   32.91452
A-T        0.00000    0.00000    0.00000    0.00000    0.00000    0.00000    -0.20689   0.27977    3.26085    -1.86692   -0.93080   36.95760
G-C        0.00000    0.00000    0.00000    0.00000    0.00000    0.00000    -0.03735   -0.12633   3.27017    -2.96864   -0.77343   32.23570
C-G        0.00000    0.00000    0.00000    0.00000    0.00000    0.00000    -0.14884   -0.48430   3.37369    -2.25878   2.19340    35.08636
T-A        0.00000    0.00000    0.00000    0.00000    0.00000    0.00000    -0.11661   -0.39405   3.30343    -2.57972   5.20838    29.99209
C-G        0.00000    0.00000    0.00000    0.00000    0.00000    0.00000    0.00460    -0.14357   3.32573    -0.37802   5.45359    32.68009
G-C        0.00000    0.00000    0.00000    0.00000    0.00000    0.00000    0.30247    0.29664    3.15952    0.96945    8.50139    30.18998
G-C        0.00000    0.00000    0.00000    0.00000    0.00000    0.00000    0.14176    -0.37960   3.30682    0.85188    5.91883    31.60373
G-C        0.00000    0.00000    0.00000    0.00000    0.00000    0.00000    0.22734    -0.39122   3.34767    2.83357    7.24888    31.95129
A-T        0.00000    0.00000    0.00000    0.00000    0.00000    0.00000    -0.00568   -0.27550   3.30318    1.93001    0.35237    36.04578
T-A        0.00000    0.00000    0.00000    0.00000    0.00000    0.00000    0.00569    -0.62814   3.25373    0.72134    -0.01620   31.15447
C-G        0.00000    0.00000    0.00000    0.00000    0.00000    0.00000    0.06933    -0.31060   3.34512    -0.01372   -1.89872   37.08719
C-G        0.00000    0.00000    0.00000    0.00000    0.00000    0.00000    -0.19387   -0.18344   3.27896    -1.42928   4.31929    31.30285
G-C        0.00000    0.00000    0.00000    0.00000    0.00000    0.00000    -0.04141   0.45874    3.24188    -1.98496   5.27186    33.22753
C-G        0.00000    0.00000    0.00000    0.00000    0.00000    0.00000    -0.19248   -0.51614   3.41189    -2.32259   1.28303    34.52363
T-A        0.00000    0.00000    0.00000    0.00000    0.00000    0.00000    -0.07749   -0.45950   3.38826    -0.77610   3.63906    33.40728
T-A        0.00000    0.00000    0.00000    0.00000    0.00000    0.00000    0.05566    -0.42475   3.20406    -0.89404   1.99570    33.51842
T-A        0.00000    0.00000    0.00000    0.00000    0.00000    0.00000    -0.00322   -0.16872   3.20426    -0.09625   4.54214    32.71784
A-T        0.00000    0.00000    0.00000    0.00000    0.00000    0.00000    0.11281    -0.06038   3.33883    1.07895    9.22787    32.97139
A-T        0.00000    0.00000    0.00000    0.00000    0.00000    0.00000    0.00124    -0.24702   3.14957    1.40837    2.80530    32.26215
C-G        0.00000    0.00000    0.00000    0.00000    0.00000    0.00000    0.04729    -0.68796   3.27925    1.48291    -0.06164   31.48386
A-T        0.00000    0.00000    0.00000    0.00000    0.00000    0.00000    0.06241    -0.11933   3.32510    0.27373    3.18287    34.67824
C-G        0.00000    0.00000    0.00000    0.00000    0.00000    0.00000    0.02207    -0.72530   3.31848    -0.01075   0.30014    31.17344
T-A        0.00000    0.00000    0.00000    0.00000    0.00000    0.00000    0.10571    -0.79333   3.54672    -0.87433   -0.03747   33.26927
T-A        0.00000    0.00000    0.00000    0.00000    0.00000    0.00000    0.03436    -0.40828   3.22640    -0.51307   -1.88326   34.91527
T-A        0.00000    0.00000    0.00000    0.00000    0.00000    0.00000    -0.04905   -0.25257   3.23605    -0.77876   0.58917    34.03810
A-T        0.00000    0.00000    0.00000    0.00000    0.00000    0.00000    0.01805    0.16601    3.29597    -1.57506   5.77356    32.82860
T-A        0.00000    0.00000    0.00000    0.00000    0.00000    0.00000    0.04951    -0.74226   3.14113    -0.34174   3.70961    27.37095
G-C        0.00000    0.00000    0.00000    0.00000    0.00000    0.00000    0.02155    -0.27707   3.33021    0.41639    6.61320    36.81967
C-G        0.00000    0.00000    0.00000    0.00000    0.00000    0.00000    0.27148    -0.46189   3.22622    -0.39760   3.80500    32.29025
T-A        0.00000    0.00000    0.00000    0.00000    0.00000    0.00000    0.32062    -0.47286   3.42402    3.27731    1.96574    33.90514
T-A        0.00000    0.00000    0.00000    0.00000    0.00000    0.00000    -0.01742   -0.26029   3.19733    0.93558    2.25902    33.65306
C-G        0.00000    0.00000    0.00000    0.00000    0.00000    0.00000    0.08821    -0.25781   3.32139    0.64070    1.04953    35.13957
C-G        0.00000    0.00000    0.00000    0.00000    0.00000    0.00000    -0.15801   -0.20133   3.27631    -0.79548   5.34133    31.10904
G-C        0.00000    0.00000    0.00000    0.00000    0.00000    0.00000    -0.07852   0.29760    3.04079    -0.54192   5.18827    30.18448
G-C        0.00000    0.00000    0.00000    0.00000    0.00000    0.00000    0.24073    -0.29394   3.33376    0.06107    3.76121    33.29039
C-G        0.00000    0.00000    0.00000    0.00000    0.00000    0.00000    0.09572    -0.59585   3.29257    -0.66274   2.36171    32.73850
T-A        0.00000    0.00000    0.00000    0.00000    0.00000    0.00000    -0.03582   -0.30186   3.29448    -0.38483   3.15338    30.71726
C-G        0.00000    0.00000    0.00000    0.00000    0.00000    0.00000    0.12109    0.01544    3.29516    0.86757    3.21364    34.13664
G-C        0.00000    0.00000    0.00000    0.00000    0.00000    0.00000    0.01994    0.45870    3.28409    -0.41841   5.23196    34.29748
T-A        0.00000    0.00000    0.00000    0.00000    0.00000    0.00000    0.23489    -0.63285   3.20889    -0.04857   3.12541    31.17217
A-T        0.00000    0.00000    0.00000    0.00000    0.00000    0.00000    0.01842    -0.66550   3.37557    0.80161    5.80198    33.43813
T-A        0.00000    0.00000    0.00000    0.00000    0.00000    0.00000    -0.01835   -0.73187   3.15771    0.28538    -0.37524   29.37801
A-T        0.00000    0.00000    0.00000    0.00000    0.00000    0.00000    -0.04168   0.15082    3.33362    0.90466    3.19597    34.66332
A-T        0.00000    0.00000    0.00000    0.00000    0.00000    0.00000    -0.00343   -0.36528   3.21784    0.23726    1.03225    33.75643
T-A        0.00000    0.00000    0.00000    0.00000    0.00000    0.00000    -0.00582   -0.69249   3.26407    0.26484    -0.25899   30.80254
G-C        0.00000    0.00000    0.00000    0.00000    0.00000    0.00000    -0.01853   -0.25392   3.41617    -0.69509   4.08323    35.18204
T-A        0.00000    0.00000    0.00000    0.00000    0.00000    0.00000    0.05504    -0.49282   3.22730    0.06274    0.69260    29.34185
G-C        0.00000    0.00000    0.00000    0.00000    0.00000    0.00000    0.00656    -0.10806   3.32047    0.36799    4.45220    34.17525
T-A        0.00000    0.00000    0.00000    0.00000    0.00000    0.00000    -0.09375   -0.53360   3.17459    -0.34394   2.40334    30.67141
C-G        0.00000    0.00000    0.00000    0.00000    0.00000    0.00000    0.07829    -0.07258   3.15952    0.59851    0.11657    35.35651
G-C        0.00000    0.00000    0.00000    0.00000    0.00000    0.00000    -0.02575   0.38831    3.24858    -1.01899   10.08797   29.10315
A-T        0.00000    0.00000    0.00000    0.00000    0.00000    0.00000    -0.14116   -0.07118   3.14590    -1.38449   0.47241    35.05024
C-G        0.00000    0.00000    0.00000    0.00000    0.00000    0.00000    -0.13348   -0.80412   3.19571    -0.03279   3.01903    31.25597
C-G        0.00000    0.00000    0.00000    0.00000    0.00000    0.00000    0.18201    -0.60740   3.36025    0.78059    7.51160    30.23158
A-T        0.00000    0.00000    0.00000    0.00000    0.00000    0.00000    0.11644    0.48889    3.29999    0.08765    8.02745    32.40675
A-T        0.00000    0.00000    0.00000    0.00000    0.00000    0.00000    0.09274    -0.20809   3.27098    0.89942    0.56444    34.10051
A-T        0.00000    0.00000    0.00000    0.00000    0.00000    0.00000    0.00932    -0.40247   3.25925    0.23068    -2.95205   36.02591
T-A        0.00000    0.00000    0.00000    0.00000    0.00000    0.00000    0.02393    -0.71765   3.26917    0.29064    -0.93438   30.94216
G-C        0.00000    0.00000    0.00000    0.00000    0.00000    0.00000    -0.26900   -1.09600   3.26800    0.65200    -9.99900   39.98200
T-A        0.00000    0.00000    0.00000    0.00000    0.00000    0.00000    -0.92800   -1.59400   3.28000    -2.06300   -8.64800   31.95400
G-C        0.00000    0.00000    0.00000    0.00000    0.00000    0.00000    -0.32200   -0.59400   3.18100    -1.65300   -0.34900   39.42200
A-T        0.00000    0.00000    0.00000    0.00000    0.00000    0.00000    0.12100    -0.98300   3.10600    2.86200    -6.40900   31.81400
G-C        0.00000    0.00000    0.00000    0.00000    0.00000    0.00000    0.96000    -0.48300   2.89500    -0.86600   -7.57100   33.58100
C-G        0.00000    0.00000    0.00000    0.00000    0.00000    0.00000    -0.71700   -0.08600   3.08700    11.68200   -4.89500   33.31200
G-C        0.00000    0.00000    0.00000    0.00000    0.00000    0.00000    -0.04900   1.55200    5.41000    -0.16800   60.11300   13.23400
C-G        0.00000    0.00000    0.00000    0.00000    0.00000    0.00000    0.67500    -0.12400   3.12600    -12.51800  -5.62800   33.19300
T-A        0.00000    0.00000    0.00000    0.00000    0.00000    0.00000    -0.92900   -0.52900   2.87800    1.16500    -8.56500   33.47300
C-G        0.00000    0.00000    0.00000    0.00000    0.00000    0.00000    -0.13400   -1.01700   3.04900    -2.60200   -6.08500   32.11200
A-T        0.00000    0.00000    0.00000    0.00000    0.00000    0.00000    0.37700    -0.59600   3.22500    2.12500    -0.60700   39.45000
C-G        0.00000    0.00000    0.00000    0.00000    0.00000    0.00000    0.90500    -1.56500   3.20700    2.32500    -8.21100   32.16300
A-T        0.00000    0.00000    0.00000    0.00000    0.00000    0.00000    0.52800    -0.91200   3.45700    1.68300    -11.71700  37.47400
