147 # base pairs
  0 # ***local base-pair & step parameters***
#          Shear      Stretch    Stagger    Buckle     Prop-Tw    Opening    Shift      Slide      Rise       Tilt       Roll       Twist
A-T        0.00000    0.00000    0.00000    0.00000    0.00000    0.00000    0.00000    0.00000    0.00000    0.00000    0.00000    0.00000
G-C        0.00000    0.00000    0.00000    0.00000    0.00000    0.00000    -0.27000   -1.09500   3.26900    0.65500    -9.99300   39.97500
T-A        0.00000    0.00000    0.00000    0.00000    0.00000    0.00000    -0.92900   -1.59400   3.27900    -2.06900   -8.63400   31.93800
G-C        0.00000    0.00000    0.00000    0.00000    0.00000    0.00000    -0.32200   -0.59300   3.18200    -1.66400   -0.37500   39.43600
A-T        0.00000    0.00000    0.00000    0.00000    0.00000    0.00000    0.12100    -0.98400   3.10400    2.85800    -6.38900   31.82300
G-C        0.00000    0.00000    0.00000    0.00000    0.00000    0.00000    0.96000    -0.48500   2.89700    -0.88500   -7.59600   33.57900
C-G        0.00000    0.00000    0.00000    0.00000    0.00000    0.00000    -0.71600   -0.08700   3.08600    11.71000   -4.91700   33.30600
G-C        0.00000    0.00000    0.00000    0.00000    0.00000    0.00000    -0.04800   1.55200    5.41100    -0.14600   60.13700   13.20200
C-G        0.00000    0.00000    0.00000    0.00000    0.00000    0.00000    0.67500    -0.12200   3.12500    -12.51800  -5.63900   33.20600
T-A        0.00000    0.00000    0.00000    0.00000    0.00000    0.00000    -0.92700   -0.52800   2.87800    1.16700    -8.56000   33.49500
C-G        0.00000    0.00000    0.00000    0.00000    0.00000    0.00000    -0.13300   -1.01700   3.05000    -2.61000   -6.08100   32.11700
A-T        0.00000    0.00000    0.00000    0.00000    0.00000    0.00000    0.37700    -0.59600   3.22400    2.15400    -0.57500   39.43500
C-G        0.00000    0.00000    0.00000    0.00000    0.00000    0.00000    0.90400    -1.56500   3.20800    2.29400    -8.21000   32.14300
A-T        0.00000    0.00000    0.00000    0.00000    0.00000    0.00000    0.52900    -0.91300   3.45700    1.67600    -11.72600  37.48400
A-T        0.00000    0.00000    0.00000    0.00000    0.00000    0.00000    0.03372    -0.29341   3.22144    0.26405    1.64146    33.32871
T-A        0.00000    0.00000    0.00000    0.00000    0.00000    0.00000    -0.00067   -0.69399   3.20722    0.28596    1.01516    29.57068
T-A        0.00000    0.00000    0.00000    0.00000    0.00000    0.00000    -0.02356   -0.30577   3.22617    0.46004    0.58383    33.64929
T-A        0.00000    0.00000    0.00000    0.00000    0.00000    0.00000    -0.03052   -0.30817   3.22889    0.44011    -0.02627   33.85478
A-T        0.00000    0.00000    0.00000    0.00000    0.00000    0.00000    -0.01375   0.10779    3.32018    0.42420    2.45535    35.55592
T-A        0.00000    0.00000    0.00000    0.00000    0.00000    0.00000    -0.00915   -0.69092   3.22138    0.10498    -0.28348   30.00274
T-A        0.00000    0.00000    0.00000    0.00000    0.00000    0.00000    -0.02647   -0.30430   3.23240    -0.05568   -0.78047   34.16971
C-G        0.00000    0.00000    0.00000    0.00000    0.00000    0.00000    0.02023    -0.12599   3.26555    -0.22375   1.65872    35.31147
G-C        0.00000    0.00000    0.00000    0.00000    0.00000    0.00000    -0.02918   0.34227    3.30477    -0.78314   6.45585    32.93656
C-G        0.00000    0.00000    0.00000    0.00000    0.00000    0.00000    -0.00865   -0.46192   3.26520    -0.45163   2.97936    32.18874
A-T        0.00000    0.00000    0.00000    0.00000    0.00000    0.00000    -0.07428   0.02001    3.32029    -0.23716   6.81456    33.07504
A-T        0.00000    0.00000    0.00000    0.00000    0.00000    0.00000    0.02030    -0.30731   3.22421    -0.14896   0.98938    33.40327
A-T        0.00000    0.00000    0.00000    0.00000    0.00000    0.00000    0.01272    -0.30304   3.22327    -0.01922   1.20040    33.35047
G-C        0.00000    0.00000    0.00000    0.00000    0.00000    0.00000    -0.05642   -0.37538   3.27514    -0.18134   4.62122    30.43502
G-C        0.00000    0.00000    0.00000    0.00000    0.00000    0.00000    0.00926    -0.39827   3.34363    0.57654    5.79148    31.61631
C-G        0.00000    0.00000    0.00000    0.00000    0.00000    0.00000    0.02997    -0.45283   3.26231    0.67589    3.04260    32.19696
C-G        0.00000    0.00000    0.00000    0.00000    0.00000    0.00000    0.08309    -0.32821   3.34400    0.95371    4.76084    32.15572
G-C        0.00000    0.00000    0.00000    0.00000    0.00000    0.00000    0.08473    0.40448    3.30263    1.11099    5.46929    33.41074
G-C        0.00000    0.00000    0.00000    0.00000    0.00000    0.00000    0.03648    -0.32566   3.35195    0.33682    3.84270    32.50965
C-G        0.00000    0.00000    0.00000    0.00000    0.00000    0.00000    0.00951    -0.42219   3.28556    -0.22916   1.81545    32.75483
C-G        0.00000    0.00000    0.00000    0.00000    0.00000    0.00000    -0.03228   -0.37850   3.35588    -0.91490   4.20077    32.25647
C-G        0.00000    0.00000    0.00000    0.00000    0.00000    0.00000    -0.08940   -0.41832   3.35373    -1.36797   4.94345    31.88944
G-C        0.00000    0.00000    0.00000    0.00000    0.00000    0.00000    -0.13124   0.24472    3.30920    -1.85393   7.72899    32.35376
A-T        0.00000    0.00000    0.00000    0.00000    0.00000    0.00000    -0.09289   -0.15270   3.24468    -0.81477   3.58527    34.33953
C-G        0.00000    0.00000    0.00000    0.00000    0.00000    0.00000    -0.03714   -0.65096   3.20766    0.13623    3.32466    30.11720
A-T        0.00000    0.00000    0.00000    0.00000    0.00000    0.00000    -0.07172   -0.02581   3.32795    0.87357    8.36329    32.29544
C-G        0.00000    0.00000    0.00000    0.00000    0.00000    0.00000    0.00233    -0.64051   3.22121    1.09053    2.68095    30.39684
G-C        0.00000    0.00000    0.00000    0.00000    0.00000    0.00000    0.17293    0.36319    3.30248    2.54307    6.59452    32.91951
A-T        0.00000    0.00000    0.00000    0.00000    0.00000    0.00000    0.06417    -0.12520   3.27513    1.13654    0.94506    35.68309
C-G        0.00000    0.00000    0.00000    0.00000    0.00000    0.00000    0.05723    -0.63291   3.27171    0.57755    0.19774    31.28065
T-A        0.00000    0.00000    0.00000    0.00000    0.00000    0.00000    0.07281    -0.34628   3.29733    -0.06399   1.55652    31.52295
T-A        0.00000    0.00000    0.00000    0.00000    0.00000    0.00000    -0.03302   -0.33804   3.23818    -0.85047   -1.91484   34.55151
A-T        0.00000    0.00000    0.00000    0.00000    0.00000    0.00000    -0.06357   -0.01295   3.32237    -1.78062   3.18601    35.10771
C-G        0.00000    0.00000    0.00000    0.00000    0.00000    0.00000    -0.04559   -0.64875   3.21824    -1.09887   2.77668    30.45502
T-A        0.00000    0.00000    0.00000    0.00000    0.00000    0.00000    -0.02059   -0.38566   3.26573    -0.83836   6.00758    30.08009
G-C        0.00000    0.00000    0.00000    0.00000    0.00000    0.00000    0.04613    -0.11107   3.33838    -0.45241   9.91649    31.72662
T-A        0.00000    0.00000    0.00000    0.00000    0.00000    0.00000    0.00239    -0.63872   3.19296    0.51852    3.93515    30.03500
A-T        0.00000    0.00000    0.00000    0.00000    0.00000    0.00000    0.05905    -0.21649   3.30708    1.82529    7.98083    32.58857
G-C        0.00000    0.00000    0.00000    0.00000    0.00000    0.00000    0.00179    -0.33418   3.28614    2.02603    3.51789    31.14176
G-C        0.00000    0.00000    0.00000    0.00000    0.00000    0.00000    0.19520    -0.32219   3.35534    2.35546    3.37541    32.83283
T-A        0.00000    0.00000    0.00000    0.00000    0.00000    0.00000    0.02185    -0.62661   3.28696    0.50893    -0.57105   31.84089
A-T        0.00000    0.00000    0.00000    0.00000    0.00000    0.00000    -0.00196   0.62393    3.34502    -0.57775   -5.73939   40.82101
T-A        0.00000    0.00000    0.00000    0.00000    0.00000    0.00000    -0.00312   -0.70366   3.23912    -0.96729   -1.52582   30.72318
C-G        0.00000    0.00000    0.00000    0.00000    0.00000    0.00000    -0.15111   -0.14419   3.27816    -2.40795   1.80594    35.81646
T-A        0.00000    0.00000    0.00000    0.00000    0.00000    0.00000    -0.02593   -0.36355   3.27876    -2.04067   5.34007    30.80472
C-G        0.00000    0.00000    0.00000    0.00000    0.00000    0.00000    -0.08203   -0.13096   3.24179    -1.20892   5.23159    34.37690
G-C        0.00000    0.00000    0.00000    0.00000    0.00000    0.00000    0.01408    0.15647    3.32548    0.32791    11.60786   31.50956
A-T        0.00000    0.00000    0.00000    0.00000    0.00000    0.00000    0.09489    -0.12586   3.24487    1.53918    4.95048    34.53051
G-C        0.00000    0.00000    0.00000    0.00000    0.00000    0.00000    0.01808    -0.34677   3.28188    2.31162    4.81972    31.01218
C-G        0.00000    0.00000    0.00000    0.00000    0.00000    0.00000    0.20557    -0.43038   3.28575    2.64942    2.14424    33.02119
T-A        0.00000    0.00000    0.00000    0.00000    0.00000    0.00000    0.08274    -0.33701   3.30404    2.29028    1.10849    32.37594
C-G        0.00000    0.00000    0.00000    0.00000    0.00000    0.00000    0.07007    -0.13113   3.29844    0.50163    -1.48322   37.04636
G-C        0.00000    0.00000    0.00000    0.00000    0.00000    0.00000    -0.15049   0.49315    3.30404    -2.11975   2.16697    35.12205
G-C        0.00000    0.00000    0.00000    0.00000    0.00000    0.00000    -0.27995   -0.28812   3.35659    -3.01979   3.24607    33.18666
G-C        0.00000    0.00000    0.00000    0.00000    0.00000    0.00000    -0.29027   -0.33413   3.34387    -3.30902   5.23678    32.35203
A-T        0.00000    0.00000    0.00000    0.00000    0.00000    0.00000    -0.16865   -0.12137   3.23557    -2.11919   4.35303    34.41151
T-A        0.00000    0.00000    0.00000    0.00000    0.00000    0.00000    -0.00097   -0.67069   3.17895    -0.46253   3.16176    29.02316
C-G        0.00000    0.00000    0.00000    0.00000    0.00000    0.00000    0.05892    -0.12757   3.22908    0.57257    5.65226    33.97101
C-G        0.00000    0.00000    0.00000    0.00000    0.00000    0.00000    0.18579    -0.41057   3.33365    2.18175    7.54967    31.43045
G-C        0.00000    0.00000    0.00000    0.00000    0.00000    0.00000    0.31385    0.27838    3.31767    4.42287    7.78746    32.95022
C-G        0.00000    0.00000    0.00000    0.00000    0.00000    0.00000    0.18476    -0.42923   3.29259    2.44855    1.86794    33.15301
T-A        0.00000    0.00000    0.00000    0.00000    0.00000    0.00000    0.06111    -0.34305   3.30731    1.93461    0.95540    32.44648
T-A        0.00000    0.00000    0.00000    0.00000    0.00000    0.00000    -0.03443   -0.34807   3.25224    0.16599    -4.43574   35.96537
T-A        0.00000    0.00000    0.00000    0.00000    0.00000    0.00000    -0.06068   -0.32982   3.24886    -0.91350   -3.58982   35.78709
A-T        0.00000    0.00000    0.00000    0.00000    0.00000    0.00000    -0.10856   0.38898    3.34096    -2.29166   -0.59823   38.70474
A-T        0.00000    0.00000    0.00000    0.00000    0.00000    0.00000    -0.01961   -0.25268   3.22707    -1.59738   1.07494    34.43139
C-G        0.00000    0.00000    0.00000    0.00000    0.00000    0.00000    -0.03303   -0.63006   3.20583    -0.93969   3.75957    30.97973
A-T        0.00000    0.00000    0.00000    0.00000    0.00000    0.00000    -0.07277   -0.03574   3.35193    -0.16074   9.91636    32.87991
C-G        0.00000    0.00000    0.00000    0.00000    0.00000    0.00000    0.02817    -0.65435   3.20435    0.89863    4.14349    30.78283
T-A        0.00000    0.00000    0.00000    0.00000    0.00000    0.00000    0.07201    -0.36706   3.28036    2.32718    5.52799    31.31021
T-A        0.00000    0.00000    0.00000    0.00000    0.00000    0.00000    0.01949    -0.28836   3.23269    1.50815    0.09140    34.63915
T-A        0.00000    0.00000    0.00000    0.00000    0.00000    0.00000    -0.00007   -0.31857   3.24210    1.30009    -1.97895   35.22518
A-T        0.00000    0.00000    0.00000    0.00000    0.00000    0.00000    -0.00289   0.54734    3.35009    0.68944    -4.25380   40.44970
T-A        0.00000    0.00000    0.00000    0.00000    0.00000    0.00000    -0.02141   -0.70033   3.24579    -0.23603   -1.94353   31.00831
C-G        0.00000    0.00000    0.00000    0.00000    0.00000    0.00000    -0.08266   -0.11488   3.29083    -1.31883   0.36005    36.54081
A-T        0.00000    0.00000    0.00000    0.00000    0.00000    0.00000    -0.16542   0.23761    3.31427    -1.91265   5.28382    34.87267
T-A        0.00000    0.00000    0.00000    0.00000    0.00000    0.00000    0.00274    -0.67699   3.20777    -0.78513   1.06423    29.98443
G-C        0.00000    0.00000    0.00000    0.00000    0.00000    0.00000    0.04859    0.01372    3.34010    -1.14894   8.43475    33.06162
T-A        0.00000    0.00000    0.00000    0.00000    0.00000    0.00000    0.04468    -0.64886   3.20993    -0.23792   3.61599    30.66490
T-A        0.00000    0.00000    0.00000    0.00000    0.00000    0.00000    0.00764    -0.26524   3.22084    0.45487    2.37104    33.57638
A-T        0.00000    0.00000    0.00000    0.00000    0.00000    0.00000    0.06200    -0.17328   3.32699    1.27776    6.34009    34.08673
T-A        0.00000    0.00000    0.00000    0.00000    0.00000    0.00000    0.00069    -0.69549   3.22132    0.70097    0.14654    30.24608
A-T        0.00000    0.00000    0.00000    0.00000    0.00000    0.00000    0.01369    0.23061    3.33948    1.00871    0.31576    37.58353
A-T        0.00000    0.00000    0.00000    0.00000    0.00000    0.00000    0.01207    -0.31761   3.24231    0.21458    -2.02565   35.06455
C-G        0.00000    0.00000    0.00000    0.00000    0.00000    0.00000    -0.02358   -0.62944   3.26975    -0.06679   0.54763    31.65035
G-C        0.00000    0.00000    0.00000    0.00000    0.00000    0.00000    -0.11057   0.42375    3.31527    -1.44062   5.12964    34.02341
G-C        0.00000    0.00000    0.00000    0.00000    0.00000    0.00000    -0.11203   -0.30826   3.35006    -1.26732   4.69126    32.63898
A-T        0.00000    0.00000    0.00000    0.00000    0.00000    0.00000    -0.07257   -0.11372   3.26131    -0.92136   2.56639    35.33254
T-A        0.00000    0.00000    0.00000    0.00000    0.00000    0.00000    0.01652    -0.68350   3.20798    -0.29182   1.07610    29.83388
G-C        0.00000    0.00000    0.00000    0.00000    0.00000    0.00000    0.09254    0.01195    3.33485    -0.29071   7.62379    33.24320
C-G        0.00000    0.00000    0.00000    0.00000    0.00000    0.00000    0.03944    -0.48942   3.26411    0.34642    3.65764    32.32038
T-A        0.00000    0.00000    0.00000    0.00000    0.00000    0.00000    0.03728    -0.37748   3.28530    1.02078    4.43375    31.07195
T-A        0.00000    0.00000    0.00000    0.00000    0.00000    0.00000    -0.02011   -0.29882   3.23118    0.47252    0.23779    34.15185
C-G        0.00000    0.00000    0.00000    0.00000    0.00000    0.00000    0.05100    -0.13279   3.27028    0.62259    1.81757    35.58405
C-G        0.00000    0.00000    0.00000    0.00000    0.00000    0.00000    0.01857    -0.33560   3.35578    0.42788    4.40809    32.65244
G-C        0.00000    0.00000    0.00000    0.00000    0.00000    0.00000    -0.00313   0.40208    3.31552    0.18230    5.50381    33.80726
G-C        0.00000    0.00000    0.00000    0.00000    0.00000    0.00000    -0.03352   -0.30770   3.35336    -0.19483   4.24592    32.74814
C-G        0.00000    0.00000    0.00000    0.00000    0.00000    0.00000    -0.01039   -0.42809   3.28252    -0.30375   2.29073    32.86582
T-A        0.00000    0.00000    0.00000    0.00000    0.00000    0.00000    0.05640    -0.33911   3.29250    -0.16056   3.33744    31.43371
C-G        0.00000    0.00000    0.00000    0.00000    0.00000    0.00000    0.01204    -0.13456   3.27002    -0.40201   2.11167    35.51494
G-C        0.00000    0.00000    0.00000    0.00000    0.00000    0.00000    -0.03713   0.28514    3.32236    -0.79374   7.25239    33.07194
T-A        0.00000    0.00000    0.00000    0.00000    0.00000    0.00000    0.00076    -0.65800   3.23604    -0.44622   2.38963    30.87836
A-T        0.00000    0.00000    0.00000    0.00000    0.00000    0.00000    -0.01540   -0.17802   3.32397    -0.07706   6.23290    33.82867
T-A        0.00000    0.00000    0.00000    0.00000    0.00000    0.00000    -0.01418   -0.68931   3.21015    0.11055    0.95310    29.82533
A-T        0.00000    0.00000    0.00000    0.00000    0.00000    0.00000    -0.01433   -0.06465   3.32410    0.44870    5.29895    34.49999
A-T        0.00000    0.00000    0.00000    0.00000    0.00000    0.00000    0.01988    -0.28285   3.23031    0.49794    0.34901    34.16879
T-A        0.00000    0.00000    0.00000    0.00000    0.00000    0.00000    -0.00361   -0.68606   3.22031    0.33810    0.01505    30.16003
G-C        0.00000    0.00000    0.00000    0.00000    0.00000    0.00000    0.09541    0.22338    3.31074    0.51387    4.90372    34.59002
T-A        0.00000    0.00000    0.00000    0.00000    0.00000    0.00000    0.01773    -0.63006   3.26036    -0.02830   0.94837    31.37887
G-C        0.00000    0.00000    0.00000    0.00000    0.00000    0.00000    0.07545    0.19378    3.31172    -0.28931   4.53349    34.61797
T-A        0.00000    0.00000    0.00000    0.00000    0.00000    0.00000    0.00806    -0.64912   3.25953    -0.67385   1.17295    31.27813
C-G        0.00000    0.00000    0.00000    0.00000    0.00000    0.00000    -0.02533   -0.14924   3.27336    -0.82358   1.91389    35.53452
G-C        0.00000    0.00000    0.00000    0.00000    0.00000    0.00000    -0.11754   0.26007    3.32161    -1.65280   7.56922    32.86171
A-T        0.00000    0.00000    0.00000    0.00000    0.00000    0.00000    -0.08431   -0.14375   3.25368    -0.71285   3.38511    34.82331
C-G        0.00000    0.00000    0.00000    0.00000    0.00000    0.00000    -0.03820   -0.64985   3.21724    0.16846    3.13706    30.56244
C-G        0.00000    0.00000    0.00000    0.00000    0.00000    0.00000    0.01636    -0.38757   3.34288    0.57763    6.46959    31.79329
A-T        0.00000    0.00000    0.00000    0.00000    0.00000    0.00000    -0.02154   0.08547    3.32722    1.37642    7.07323    33.42501
A-T        0.00000    0.00000    0.00000    0.00000    0.00000    0.00000    0.04489    -0.28318   3.23200    0.96244    -0.12083   34.35253
A-T        0.00000    0.00000    0.00000    0.00000    0.00000    0.00000    0.05227    -0.30448   3.23783    0.72007    -1.43682   34.71236
T-A        0.00000    0.00000    0.00000    0.00000    0.00000    0.00000    0.02041    -0.69791   3.23576    0.19796    -1.28593   30.52511
G-C        0.00000    0.00000    0.00000    0.00000    0.00000    0.00000    -0.26900   -1.09600   3.26800    0.65200    -9.99900   39.98200
T-A        0.00000    0.00000    0.00000    0.00000    0.00000    0.00000    -0.92800   -1.59400   3.28000    -2.06300   -8.64800   31.95400
G-C        0.00000    0.00000    0.00000    0.00000    0.00000    0.00000    -0.32200   -0.59400   3.18100    -1.65300   -0.34900   39.42200
A-T        0.00000    0.00000    0.00000    0.00000    0.00000    0.00000    0.12100    -0.98300   3.10600    2.86200    -6.40900   31.81400
G-C        0.00000    0.00000    0.00000    0.00000    0.00000    0.00000    0.96000    -0.48300   2.89500    -0.86600   -7.57100   33.58100
C-G        0.00000    0.00000    0.00000    0.00000    0.00000    0.00000    -0.71700   -0.08600   3.08700    11.68200   -4.89500   33.31200
G-C        0.00000    0.00000    0.00000    0.00000    0.00000    0.00000    -0.04900   1.55200    5.41000    -0.16800   60.11300   13.23400
C-G        0.00000    0.00000    0.00000    0.00000    0.00000    0.00000    0.67500    -0.12400   3.12600    -12.51800  -5.62800   33.19300
T-A        0.00000    0.00000    0.00000    0.00000    0.00000    0.00000    -0.92900   -0.52900   2.87800    1.16500    -8.56500   33.47300
C-G        0.00000    0.00000    0.00000    0.00000    0.00000    0.00000    -0.13400   -1.01700   3.04900    -2.60200   -6.08500   32.11200
A-T        0.00000    0.00000    0.00000    0.00000    0.00000    0.00000    0.37700    -0.59600   3.22500    2.12500    -0.60700   39.45000
C-G        0.00000    0.00000    0.00000    0.00000    0.00000    0.00000    0.90500    -1.56500   3.20700    2.32500    -8.21100   32.16300
A-T        0.00000    0.00000    0.00000    0.00000    0.00000    0.00000    0.52800    -0.91200   3.45700    1.68300    -11.71700  37.47400
