147 # base pairs
  0 # ***local base-pair & step parameters***
#          Shear      Stretch    Stagger    Buckle     Prop-Tw    Opening    Shift      Slide      Rise       Tilt       Roll       Twist
A-T        0.00000    0.00000    0.00000    0.00000    0.00000    0.00000    0.00000    0.00000    0.00000    0.00000    0.00000    0.00000
G-C        0.00000    0.00000    0.00000    0.00000    0.00000    0.00000    -0.27000   -1.09500   3.26900    0.65500    -9.99300   39.97500
T-A        0.00000    0.00000    0.00000    0.00000    0.00000    0.00000    -0.92900   -1.59400   3.27900    -2.06900   -8.63400   31.93800
G-C        0.00000    0.00000    0.00000    0.00000    0.00000    0.00000    -0.32200   -0.59300   3.18200    -1.66400   -0.37500   39.43600
A-T        0.00000    0.00000    0.00000    0.00000    0.00000    0.00000    0.12100    -0.98400   3.10400    2.85800    -6.38900   31.82300
G-C        0.00000    0.00000    0.00000    0.00000    0.00000    0.00000    0.96000    -0.48500   2.89700    -0.88500   -7.59600   33.57900
C-G        0.00000    0.00000    0.00000    0.00000    0.00000    0.00000    -0.71600   -0.08700   3.08600    11.71000   -4.91700   33.30600
G-C        0.00000    0.00000    0.00000    0.00000    0.00000    0.00000    -0.04800   1.55200    5.41100    -0.14600   60.13700   13.20200
C-G        0.00000    0.00000    0.00000    0.00000    0.00000    0.00000    0.67500    -0.12200   3.12500    -12.51800  -5.63900   33.20600
T-A        0.00000    0.00000    0.00000    0.00000    0.00000    0.00000    -0.92700   -0.52800   2.87800    1.16700    -8.56000   33.49500
C-G        0.00000    0.00000    0.00000    0.00000    0.00000    0.00000    -0.13300   -1.01700   3.05000    -2.61000   -6.08100   32.11700
A-T        0.00000    0.00000    0.00000    0.00000    0.00000    0.00000    0.37700    -0.59600   3.22400    2.15400    -0.57500   39.43500
C-G        0.00000    0.00000    0.00000    0.00000    0.00000    0.00000    0.90400    -1.56500   3.20800    2.29400    -8.21000   32.14300
A-T        0.00000    0.00000    0.00000    0.00000    0.00000    0.00000    0.52900    -0.91300   3.45700    1.67600    -11.72600  37.48400
A-T        0.00000    0.00000    0.00000    0.00000    0.00000    0.00000    -0.06695   -0.12936   3.23515    -0.38487   2.37449    34.24013
T-A        0.00000    0.00000    0.00000    0.00000    0.00000    0.00000    0.00188    -0.77413   3.29493    0.10030    -1.90330   32.08556
T-A        0.00000    0.00000    0.00000    0.00000    0.00000    0.00000    -0.01074   -0.41951   3.26086    0.46369    -1.98184   35.54592
T-A        0.00000    0.00000    0.00000    0.00000    0.00000    0.00000    -0.04168   -0.27114   3.21812    0.12217    1.02718    33.38012
A-T        0.00000    0.00000    0.00000    0.00000    0.00000    0.00000    0.01811    0.15360    3.31445    0.03666    3.87163    33.63464
T-A        0.00000    0.00000    0.00000    0.00000    0.00000    0.00000    -0.06499   -0.70421   3.24495    -0.02841   -1.32075   30.46810
T-A        0.00000    0.00000    0.00000    0.00000    0.00000    0.00000    -0.02331   -0.31514   3.25865    0.42958    -0.47139   34.08145
C-G        0.00000    0.00000    0.00000    0.00000    0.00000    0.00000    -0.02723   -0.06330   3.27472    0.08562    1.92333    34.85105
G-C        0.00000    0.00000    0.00000    0.00000    0.00000    0.00000    -0.00336   0.58573    3.30940    -0.70484   8.32391    33.23076
C-G        0.00000    0.00000    0.00000    0.00000    0.00000    0.00000    -0.11927   -0.41199   3.23275    -1.26471   3.26530    31.14433
A-T        0.00000    0.00000    0.00000    0.00000    0.00000    0.00000    -0.13591   0.24208    3.25410    -1.29035   5.37277    32.72045
A-T        0.00000    0.00000    0.00000    0.00000    0.00000    0.00000    0.04664    -0.23582   3.26580    0.07163    1.10355    33.27475
A-T        0.00000    0.00000    0.00000    0.00000    0.00000    0.00000    -0.04847   -0.42839   3.21812    -0.17902   -0.03728   34.04362
G-C        0.00000    0.00000    0.00000    0.00000    0.00000    0.00000    -0.01170   -0.53497   3.31898    0.71474    4.40883    30.84478
G-C        0.00000    0.00000    0.00000    0.00000    0.00000    0.00000    0.04148    -0.46756   3.41129    0.00342    5.40638    32.89254
C-G        0.00000    0.00000    0.00000    0.00000    0.00000    0.00000    0.07860    -0.46436   3.22776    0.84673    3.69766    32.14908
C-G        0.00000    0.00000    0.00000    0.00000    0.00000    0.00000    -0.22032   -0.32781   3.32127    0.32714    4.46003    32.79485
G-C        0.00000    0.00000    0.00000    0.00000    0.00000    0.00000    0.12409    0.26622    3.02662    1.37067    5.61399    29.57257
G-C        0.00000    0.00000    0.00000    0.00000    0.00000    0.00000    0.41042    -0.32042   3.33990    1.79985    3.08056    32.83097
C-G        0.00000    0.00000    0.00000    0.00000    0.00000    0.00000    0.02851    -0.38146   3.23996    0.07285    1.96074    32.83006
C-G        0.00000    0.00000    0.00000    0.00000    0.00000    0.00000    0.19740    -0.39871   3.36526    -0.27625   2.62734    33.18468
C-G        0.00000    0.00000    0.00000    0.00000    0.00000    0.00000    -0.03324   -0.35430   3.33402    -0.39784   3.10949    32.07284
G-C        0.00000    0.00000    0.00000    0.00000    0.00000    0.00000    -0.32544   0.65337    3.24001    -2.56097   5.31215    31.98595
A-T        0.00000    0.00000    0.00000    0.00000    0.00000    0.00000    -0.20057   -0.06850   3.12696    -2.09890   0.81616    34.56720
C-G        0.00000    0.00000    0.00000    0.00000    0.00000    0.00000    0.11503    -0.50192   3.14152    -0.24626   4.25244    29.91680
A-T        0.00000    0.00000    0.00000    0.00000    0.00000    0.00000    -0.03552   -0.19351   3.30919    0.30515    7.96066    31.90360
C-G        0.00000    0.00000    0.00000    0.00000    0.00000    0.00000    0.21280    -0.52422   3.22066    0.68489    3.93948    29.57581
G-C        0.00000    0.00000    0.00000    0.00000    0.00000    0.00000    0.11313    0.45709    3.28221    3.25542    4.87728    34.29458
A-T        0.00000    0.00000    0.00000    0.00000    0.00000    0.00000    0.01274    -0.06686   3.16751    0.32067    -0.34738   35.52120
C-G        0.00000    0.00000    0.00000    0.00000    0.00000    0.00000    0.00848    -0.67641   3.25372    0.72092    1.42052    31.36076
T-A        0.00000    0.00000    0.00000    0.00000    0.00000    0.00000    0.15639    -0.82845   3.55216    -0.32647   -1.02679   32.79315
T-A        0.00000    0.00000    0.00000    0.00000    0.00000    0.00000    -0.12459   -0.51833   3.22566    -1.22116   -2.63547   30.03552
A-T        0.00000    0.00000    0.00000    0.00000    0.00000    0.00000    -0.05896   -0.13499   3.30387    -1.43720   4.73811    33.39604
C-G        0.00000    0.00000    0.00000    0.00000    0.00000    0.00000    -0.13604   -0.68878   3.20854    -1.08924   2.66285    30.80722
T-A        0.00000    0.00000    0.00000    0.00000    0.00000    0.00000    -0.07072   -0.50342   3.30240    0.01125    5.88914    30.49932
G-C        0.00000    0.00000    0.00000    0.00000    0.00000    0.00000    0.11279    -0.20934   3.40792    -0.57864   11.25959   31.72236
T-A        0.00000    0.00000    0.00000    0.00000    0.00000    0.00000    -0.08766   -0.58310   3.13024    0.10355    5.50728    27.17847
A-T        0.00000    0.00000    0.00000    0.00000    0.00000    0.00000    0.15593    -0.75224   3.25545    1.97422    12.82694   29.24089
G-C        0.00000    0.00000    0.00000    0.00000    0.00000    0.00000    -0.13725   -0.42718   3.18292    2.23945    5.30675    28.64645
G-C        0.00000    0.00000    0.00000    0.00000    0.00000    0.00000    0.03594    -0.92544   3.55454    1.79495    3.36061    31.93587
T-A        0.00000    0.00000    0.00000    0.00000    0.00000    0.00000    0.16529    -0.50651   3.26049    1.31093    -1.06630   31.00156
A-T        0.00000    0.00000    0.00000    0.00000    0.00000    0.00000    0.00072    -0.41500   3.34985    0.49749    -0.60685   35.97969
T-A        0.00000    0.00000    0.00000    0.00000    0.00000    0.00000    -0.04213   -0.76718   3.22568    -0.84781   -2.69072   30.41176
C-G        0.00000    0.00000    0.00000    0.00000    0.00000    0.00000    0.08510    -0.36638   3.34254    -1.89791   -0.73174   37.41046
T-A        0.00000    0.00000    0.00000    0.00000    0.00000    0.00000    0.05885    -0.34048   3.31490    -1.60838   4.38277    30.63048
C-G        0.00000    0.00000    0.00000    0.00000    0.00000    0.00000    -0.05330   -0.15434   3.34503    -1.08224   4.41907    33.36953
G-C        0.00000    0.00000    0.00000    0.00000    0.00000    0.00000    -0.02330   0.29625    3.27738    -0.95469   16.66232   27.02202
A-T        0.00000    0.00000    0.00000    0.00000    0.00000    0.00000    -0.05017   -0.10189   3.30677    -0.55796   5.43630    32.77303
G-C        0.00000    0.00000    0.00000    0.00000    0.00000    0.00000    0.14744    -0.42392   3.29890    1.86908    5.47252    29.93877
C-G        0.00000    0.00000    0.00000    0.00000    0.00000    0.00000    0.11607    -0.51988   3.36224    1.78630    2.78104    34.76760
T-A        0.00000    0.00000    0.00000    0.00000    0.00000    0.00000    -0.03320   -0.20949   3.27241    2.55998    0.75534    31.74364
C-G        0.00000    0.00000    0.00000    0.00000    0.00000    0.00000    0.21723    0.25502    3.25158    2.49125    0.36602    36.22864
G-C        0.00000    0.00000    0.00000    0.00000    0.00000    0.00000    0.08588    1.07465    3.32981    0.33233    1.42936    34.68791
G-C        0.00000    0.00000    0.00000    0.00000    0.00000    0.00000    -0.24736   -0.16277   3.33139    -3.84820   1.98887    33.41775
G-C        0.00000    0.00000    0.00000    0.00000    0.00000    0.00000    -0.23782   -0.25831   3.32465    -1.86098   5.80656    32.09664
A-T        0.00000    0.00000    0.00000    0.00000    0.00000    0.00000    -0.09363   -0.25746   3.29501    -1.31076   2.42839    35.39258
T-A        0.00000    0.00000    0.00000    0.00000    0.00000    0.00000    -0.00325   -0.64814   3.22484    -0.50210   2.64885    30.41483
C-G        0.00000    0.00000    0.00000    0.00000    0.00000    0.00000    0.04998    -0.23325   3.26474    -0.05310   3.98201    34.61237
C-G        0.00000    0.00000    0.00000    0.00000    0.00000    0.00000    -0.19674   -0.24975   3.25875    -0.74581   8.14492    30.23890
G-C        0.00000    0.00000    0.00000    0.00000    0.00000    0.00000    0.05810    0.37914    3.27956    1.61004    9.51054    31.72033
C-G        0.00000    0.00000    0.00000    0.00000    0.00000    0.00000    0.19267    -0.54096   3.42129    1.93444    1.31264    34.78363
T-A        0.00000    0.00000    0.00000    0.00000    0.00000    0.00000    0.40879    -0.45593   3.43444    4.17438    0.47644    34.45725
T-A        0.00000    0.00000    0.00000    0.00000    0.00000    0.00000    0.03567    -0.38788   3.24717    0.93490    -3.91325   35.92276
T-A        0.00000    0.00000    0.00000    0.00000    0.00000    0.00000    -0.06354   -0.36612   3.25747    -0.36050   -3.46133   35.14539
A-T        0.00000    0.00000    0.00000    0.00000    0.00000    0.00000    -0.12404   0.66752    3.26050    -1.29446   -3.30311   36.77135
A-T        0.00000    0.00000    0.00000    0.00000    0.00000    0.00000    -0.01991   -0.19371   3.17661    -1.86496   0.88961    33.18560
C-G        0.00000    0.00000    0.00000    0.00000    0.00000    0.00000    -0.09726   -0.82860   3.33880    -0.98471   1.39263    32.62203
T-A        0.00000    0.00000    0.00000    0.00000    0.00000    0.00000    -0.11769   -0.63409   3.30422    -0.26768   7.07566    31.46804
C-G        0.00000    0.00000    0.00000    0.00000    0.00000    0.00000    0.31858    -0.11345   3.23376    1.52974    5.50945    33.51642
A-T        0.00000    0.00000    0.00000    0.00000    0.00000    0.00000    -0.24223   -0.55570   3.38783    4.24944    8.81219    30.55042
T-A        0.00000    0.00000    0.00000    0.00000    0.00000    0.00000    0.01677    -0.50518   3.21092    0.57100    2.93810    29.58822
G-C        0.00000    0.00000    0.00000    0.00000    0.00000    0.00000    0.00490    -0.27979   3.40413    0.84042    3.91919    35.99799
T-A        0.00000    0.00000    0.00000    0.00000    0.00000    0.00000    -0.03787   -0.63475   3.32270    0.38571    -0.62294   32.80074
T-A        0.00000    0.00000    0.00000    0.00000    0.00000    0.00000    -0.03783   -0.20754   3.20807    0.64875    -1.80403   34.76659
A-T        0.00000    0.00000    0.00000    0.00000    0.00000    0.00000    -0.01119   0.34118    3.39756    -1.13046   -1.49864   39.13304
T-A        0.00000    0.00000    0.00000    0.00000    0.00000    0.00000    -0.00837   -0.71085   3.17707    -0.78454   -1.07668   30.14113
A-T        0.00000    0.00000    0.00000    0.00000    0.00000    0.00000    -0.04499   0.26026    3.35314    -0.64049   2.62004    36.48672
A-T        0.00000    0.00000    0.00000    0.00000    0.00000    0.00000    0.01063    -0.20611   3.16287    -0.83069   2.41275    32.86440
C-G        0.00000    0.00000    0.00000    0.00000    0.00000    0.00000    0.03145    -0.74589   3.31007    -0.42612   2.06376    32.49711
G-C        0.00000    0.00000    0.00000    0.00000    0.00000    0.00000    0.18914    0.32158    3.24143    0.64295    9.49388    32.09001
G-C        0.00000    0.00000    0.00000    0.00000    0.00000    0.00000    0.36340    -0.19241   3.26810    2.34760    7.45739    31.14158
A-T        0.00000    0.00000    0.00000    0.00000    0.00000    0.00000    -0.01537   -0.26856   3.32116    0.79544    2.69686    35.47201
A-T        0.00000    0.00000    0.00000    0.00000    0.00000    0.00000    0.00018    -0.20726   3.23021    0.94530    -0.11618   35.04878
C-G        0.00000    0.00000    0.00000    0.00000    0.00000    0.00000    -0.06524   -0.83915   3.38993    0.25484    -0.55006   33.22232
T-A        0.00000    0.00000    0.00000    0.00000    0.00000    0.00000    0.06982    -0.74490   3.54888    -0.32302   1.17303    34.32306
T-A        0.00000    0.00000    0.00000    0.00000    0.00000    0.00000    0.04037    -0.37811   3.23997    0.14114    -2.06091   35.61645
T-A        0.00000    0.00000    0.00000    0.00000    0.00000    0.00000    -0.03502   -0.26424   3.25113    -0.42307   -0.46324   34.82852
A-T        0.00000    0.00000    0.00000    0.00000    0.00000    0.00000    0.02345    0.26005    3.36062    -1.04727   2.08675    36.84887
T-A        0.00000    0.00000    0.00000    0.00000    0.00000    0.00000    0.03566    -0.73527   3.15983    -0.35965   2.76180    28.13204
G-C        0.00000    0.00000    0.00000    0.00000    0.00000    0.00000    0.01158    -0.26141   3.32487    0.25082    6.25118    37.16294
C-G        0.00000    0.00000    0.00000    0.00000    0.00000    0.00000    0.23483    -0.44640   3.24054    -0.90415   3.31121    32.89422
T-A        0.00000    0.00000    0.00000    0.00000    0.00000    0.00000    0.20550    -0.45764   3.43136    2.22673    2.26388    34.49070
T-A        0.00000    0.00000    0.00000    0.00000    0.00000    0.00000    -0.01931   -0.24430   3.19848    0.70354    2.80828    33.89940
C-G        0.00000    0.00000    0.00000    0.00000    0.00000    0.00000    0.07592    -0.24301   3.32493    0.44228    2.03027    35.61111
C-G        0.00000    0.00000    0.00000    0.00000    0.00000    0.00000    -0.13015   -0.18824   3.28262    -0.58191   5.79152    31.67908
G-C        0.00000    0.00000    0.00000    0.00000    0.00000    0.00000    -0.00017   0.31961    3.06727    0.21462    5.60863    30.93928
G-C        0.00000    0.00000    0.00000    0.00000    0.00000    0.00000    0.27632    -0.26505   3.34452    0.60925    3.62981    33.76718
C-G        0.00000    0.00000    0.00000    0.00000    0.00000    0.00000    0.12977    -0.58285   3.30094    -0.21881   2.19942    33.51206
T-A        0.00000    0.00000    0.00000    0.00000    0.00000    0.00000    -0.01703   -0.22929   3.30744    0.04242    2.24211    31.84458
C-G        0.00000    0.00000    0.00000    0.00000    0.00000    0.00000    0.07200    0.05328    3.32170    0.49165    2.10949    35.69043
G-C        0.00000    0.00000    0.00000    0.00000    0.00000    0.00000    -0.02306   0.47118    3.29507    -1.07093   4.57703    35.56889
T-A        0.00000    0.00000    0.00000    0.00000    0.00000    0.00000    0.23989    -0.70639   3.24221    -0.58380   3.03226    32.23428
A-T        0.00000    0.00000    0.00000    0.00000    0.00000    0.00000    -0.00570   -0.59603   3.38828    0.28787    5.77427    34.59742
T-A        0.00000    0.00000    0.00000    0.00000    0.00000    0.00000    -0.01557   -0.72722   3.17213    0.15324    -0.00693   30.15363
A-T        0.00000    0.00000    0.00000    0.00000    0.00000    0.00000    -0.03269   0.20565    3.35309    0.85971    2.93573    36.20569
A-T        0.00000    0.00000    0.00000    0.00000    0.00000    0.00000    -0.01409   -0.33676   3.22446    0.46227    1.54002    34.36145
T-A        0.00000    0.00000    0.00000    0.00000    0.00000    0.00000    0.00803    -0.68105   3.26965    0.51827    -0.31624   31.39073
G-C        0.00000    0.00000    0.00000    0.00000    0.00000    0.00000    -0.01898   -0.19858   3.41948    -0.28340   3.39771    36.55313
T-A        0.00000    0.00000    0.00000    0.00000    0.00000    0.00000    0.04103    -0.50578   3.25215    0.13660    0.11418    30.46348
G-C        0.00000    0.00000    0.00000    0.00000    0.00000    0.00000    -0.03687   -0.07416   3.34766    0.35560    3.48975    35.65672
T-A        0.00000    0.00000    0.00000    0.00000    0.00000    0.00000    -0.10348   -0.53096   3.18131    -0.59448   2.15104    31.33843
C-G        0.00000    0.00000    0.00000    0.00000    0.00000    0.00000    0.03884    -0.06989   3.17761    0.14870    0.05765    35.97972
G-C        0.00000    0.00000    0.00000    0.00000    0.00000    0.00000    -0.05483   0.44354    3.27992    -1.54636   10.41812   30.40943
A-T        0.00000    0.00000    0.00000    0.00000    0.00000    0.00000    -0.14561   -0.06460   3.15569    -1.35733   0.62072    35.51745
C-G        0.00000    0.00000    0.00000    0.00000    0.00000    0.00000    -0.14332   -0.80205   3.19412    0.11881    3.17379    31.68969
C-G        0.00000    0.00000    0.00000    0.00000    0.00000    0.00000    0.18062    -0.56225   3.37016    1.13492    7.37815    31.06379
A-T        0.00000    0.00000    0.00000    0.00000    0.00000    0.00000    0.10799    0.61487    3.31383    0.67596    6.64526    34.40299
A-T        0.00000    0.00000    0.00000    0.00000    0.00000    0.00000    0.12252    -0.19935   3.27828    1.04061    -0.06517   35.01877
A-T        0.00000    0.00000    0.00000    0.00000    0.00000    0.00000    0.01121    -0.39744   3.25832    0.30307    -3.31104   36.39962
T-A        0.00000    0.00000    0.00000    0.00000    0.00000    0.00000    0.03108    -0.72258   3.27906    0.18487    -1.46550   31.62153
G-C        0.00000    0.00000    0.00000    0.00000    0.00000    0.00000    -0.26900   -1.09600   3.26800    0.65200    -9.99900   39.98200
T-A        0.00000    0.00000    0.00000    0.00000    0.00000    0.00000    -0.92800   -1.59400   3.28000    -2.06300   -8.64800   31.95400
G-C        0.00000    0.00000    0.00000    0.00000    0.00000    0.00000    -0.32200   -0.59400   3.18100    -1.65300   -0.34900   39.42200
A-T        0.00000    0.00000    0.00000    0.00000    0.00000    0.00000    0.12100    -0.98300   3.10600    2.86200    -6.40900   31.81400
G-C        0.00000    0.00000    0.00000    0.00000    0.00000    0.00000    0.96000    -0.48300   2.89500    -0.86600   -7.57100   33.58100
C-G        0.00000    0.00000    0.00000    0.00000    0.00000    0.00000    -0.71700   -0.08600   3.08700    11.68200   -4.89500   33.31200
G-C        0.00000    0.00000    0.00000    0.00000    0.00000    0.00000    -0.04900   1.55200    5.41000    -0.16800   60.11300   13.23400
C-G        0.00000    0.00000    0.00000    0.00000    0.00000    0.00000    0.67500    -0.12400   3.12600    -12.51800  -5.62800   33.19300
T-A        0.00000    0.00000    0.00000    0.00000    0.00000    0.00000    -0.92900   -0.52900   2.87800    1.16500    -8.56500   33.47300
C-G        0.00000    0.00000    0.00000    0.00000    0.00000    0.00000    -0.13400   -1.01700   3.04900    -2.60200   -6.08500   32.11200
A-T        0.00000    0.00000    0.00000    0.00000    0.00000    0.00000    0.37700    -0.59600   3.22500    2.12500    -0.60700   39.45000
C-G        0.00000    0.00000    0.00000    0.00000    0.00000    0.00000    0.90500    -1.56500   3.20700    2.32500    -8.21100   32.16300
A-T        0.00000    0.00000    0.00000    0.00000    0.00000    0.00000    0.52800    -0.91200   3.45700    1.68300    -11.71700  37.47400
