147 # base pairs
  0 # ***local base-pair & step parameters***
#          Shear      Stretch    Stagger    Buckle     Prop-Tw    Opening    Shift      Slide      Rise       Tilt       Roll       Twist
A-T        0.00000    0.00000    0.00000    0.00000    0.00000    0.00000    0.00000    0.00000    0.00000    0.00000    0.00000    0.00000
G-C        0.00000    0.00000    0.00000    0.00000    0.00000    0.00000    -0.27000   -1.09500   3.26900    0.65500    -9.99300   39.97500
T-A        0.00000    0.00000    0.00000    0.00000    0.00000    0.00000    -0.92900   -1.59400   3.27900    -2.06900   -8.63400   31.93800
G-C        0.00000    0.00000    0.00000    0.00000    0.00000    0.00000    -0.32200   -0.59300   3.18200    -1.66400   -0.37500   39.43600
A-T        0.00000    0.00000    0.00000    0.00000    0.00000    0.00000    0.12100    -0.98400   3.10400    2.85800    -6.38900   31.82300
G-C        0.00000    0.00000    0.00000    0.00000    0.00000    0.00000    0.96000    -0.48500   2.89700    -0.88500   -7.59600   33.57900
C-G        0.00000    0.00000    0.00000    0.00000    0.00000    0.00000    -0.71600   -0.08700   3.08600    11.71000   -4.91700   33.30600
G-C        0.00000    0.00000    0.00000    0.00000    0.00000    0.00000    -0.04800   1.55200    5.41100    -0.14600   60.13700   13.20200
C-G        0.00000    0.00000    0.00000    0.00000    0.00000    0.00000    0.67500    -0.12200   3.12500    -12.51800  -5.63900   33.20600
T-A        0.00000    0.00000    0.00000    0.00000    0.00000    0.00000    -0.92700   -0.52800   2.87800    1.16700    -8.56000   33.49500
C-G        0.00000    0.00000    0.00000    0.00000    0.00000    0.00000    -0.13300   -1.01700   3.05000    -2.61000   -6.08100   32.11700
A-T        0.00000    0.00000    0.00000    0.00000    0.00000    0.00000    0.37700    -0.59600   3.22400    2.15400    -0.57500   39.43500
C-G        0.00000    0.00000    0.00000    0.00000    0.00000    0.00000    0.90400    -1.56500   3.20800    2.29400    -8.21000   32.14300
A-T        0.00000    0.00000    0.00000    0.00000    0.00000    0.00000    0.52900    -0.91300   3.45700    1.67600    -11.72600  37.48400
A-T        0.00000    0.00000    0.00000    0.00000    0.00000    0.00000    0.03210    -0.29831   3.22414    0.27609    1.21469    33.52416
T-A        0.00000    0.00000    0.00000    0.00000    0.00000    0.00000    -0.00401   -0.69520   3.21090    0.24088    0.75998    29.69655
T-A        0.00000    0.00000    0.00000    0.00000    0.00000    0.00000    -0.02875   -0.30584   3.22793    0.33834    0.35127    33.79347
T-A        0.00000    0.00000    0.00000    0.00000    0.00000    0.00000    -0.03459   -0.30455   3.22967    0.29339    -0.04629   33.93862
A-T        0.00000    0.00000    0.00000    0.00000    0.00000    0.00000    -0.01824   0.10500    3.32114    0.27017    2.73230    35.53321
T-A        0.00000    0.00000    0.00000    0.00000    0.00000    0.00000    -0.00707   -0.68871   3.21969    0.07265    -0.10405   29.99486
T-A        0.00000    0.00000    0.00000    0.00000    0.00000    0.00000    -0.02247   -0.29836   3.23179    -0.03305   -0.50918   34.15173
C-G        0.00000    0.00000    0.00000    0.00000    0.00000    0.00000    0.03155    -0.12576   3.26546    -0.09335   1.77917    35.32546
G-C        0.00000    0.00000    0.00000    0.00000    0.00000    0.00000    -0.00883   0.33819    3.30788    -0.51096   6.45814    33.01803
C-G        0.00000    0.00000    0.00000    0.00000    0.00000    0.00000    -0.00081   -0.46126   3.26881    -0.33256   2.88953    32.29548
A-T        0.00000    0.00000    0.00000    0.00000    0.00000    0.00000    -0.07434   0.03113    3.32097    -0.20149   6.57117    33.27702
A-T        0.00000    0.00000    0.00000    0.00000    0.00000    0.00000    0.01674    -0.30780   3.22610    -0.17430   0.75701    33.57056
A-T        0.00000    0.00000    0.00000    0.00000    0.00000    0.00000    0.00866    -0.30128   3.22482    -0.07880   1.03798    33.50127
G-C        0.00000    0.00000    0.00000    0.00000    0.00000    0.00000    -0.06062   -0.37019   3.27705    -0.28240   4.57643    30.56748
G-C        0.00000    0.00000    0.00000    0.00000    0.00000    0.00000    0.00089    -0.38863   3.34414    0.47017    5.80276    31.72007
C-G        0.00000    0.00000    0.00000    0.00000    0.00000    0.00000    0.02997    -0.45259   3.26301    0.64061    3.08565    32.25669
C-G        0.00000    0.00000    0.00000    0.00000    0.00000    0.00000    0.08967    -0.32442   3.34476    0.97645    4.82666    32.22459
G-C        0.00000    0.00000    0.00000    0.00000    0.00000    0.00000    0.09463    0.40278    3.30592    1.19008    5.52693    33.48703
G-C        0.00000    0.00000    0.00000    0.00000    0.00000    0.00000    0.04647    -0.32786   3.35410    0.40271    3.84712    32.59412
C-G        0.00000    0.00000    0.00000    0.00000    0.00000    0.00000    0.01292    -0.42354   3.28831    -0.19358   1.78757    32.84312
C-G        0.00000    0.00000    0.00000    0.00000    0.00000    0.00000    -0.03423   -0.37985   3.35845    -0.90685   4.15157    32.36263
C-G        0.00000    0.00000    0.00000    0.00000    0.00000    0.00000    -0.09724   -0.41810   3.35593    -1.39818   4.90512    31.99521
G-C        0.00000    0.00000    0.00000    0.00000    0.00000    0.00000    -0.14068   0.24752    3.31221    -1.91925   7.70569    32.46585
A-T        0.00000    0.00000    0.00000    0.00000    0.00000    0.00000    -0.09676   -0.14896   3.24589    -0.83486   3.59802    34.42635
C-G        0.00000    0.00000    0.00000    0.00000    0.00000    0.00000    -0.04018   -0.64875   3.20816    0.14664    3.34704    30.19880
A-T        0.00000    0.00000    0.00000    0.00000    0.00000    0.00000    -0.06729   -0.01064   3.32913    0.91185    8.33485    32.42893
C-G        0.00000    0.00000    0.00000    0.00000    0.00000    0.00000    0.00705    -0.63868   3.22307    1.13260    2.64685    30.49664
G-C        0.00000    0.00000    0.00000    0.00000    0.00000    0.00000    0.18441    0.37218    3.30508    2.63579    6.45611    33.07840
A-T        0.00000    0.00000    0.00000    0.00000    0.00000    0.00000    0.06888    -0.12427   3.27810    1.15132    0.81616    35.82553
C-G        0.00000    0.00000    0.00000    0.00000    0.00000    0.00000    0.06005    -0.63445   3.27527    0.53975    0.10179    31.39703
T-A        0.00000    0.00000    0.00000    0.00000    0.00000    0.00000    0.07139    -0.34790   3.30032    -0.16574   1.49343    31.64187
T-A        0.00000    0.00000    0.00000    0.00000    0.00000    0.00000    -0.03614   -0.33692   3.23885    -0.92971   -1.88612   34.62777
A-T        0.00000    0.00000    0.00000    0.00000    0.00000    0.00000    -0.07292   -0.02704   3.32421    -1.85906   3.44830    35.09911
C-G        0.00000    0.00000    0.00000    0.00000    0.00000    0.00000    -0.05428   -0.64885   3.21679    -1.10727   2.90712    30.50066
T-A        0.00000    0.00000    0.00000    0.00000    0.00000    0.00000    -0.02578   -0.38262   3.26599    -0.76456   6.16240    30.14632
G-C        0.00000    0.00000    0.00000    0.00000    0.00000    0.00000    0.05075    -0.09793   3.33996    -0.30312   9.97830    31.84472
T-A        0.00000    0.00000    0.00000    0.00000    0.00000    0.00000    0.00765    -0.63507   3.19420    0.64096    3.90704    30.14839
A-T        0.00000    0.00000    0.00000    0.00000    0.00000    0.00000    0.06971    -0.15749   3.31037    1.96974    7.34768    33.14183
G-C        0.00000    0.00000    0.00000    0.00000    0.00000    0.00000    0.00829    -0.32977   3.28992    2.09713    3.24646    31.34130
G-C        0.00000    0.00000    0.00000    0.00000    0.00000    0.00000    0.19536    -0.31391   3.35840    2.29464    3.08492    33.03185
T-A        0.00000    0.00000    0.00000    0.00000    0.00000    0.00000    0.02253    -0.62895   3.29236    0.38951    -0.74972   31.98154
A-T        0.00000    0.00000    0.00000    0.00000    0.00000    0.00000    -0.01098   0.63334    3.34828    -0.80789   -5.94213   41.08108
T-A        0.00000    0.00000    0.00000    0.00000    0.00000    0.00000    -0.00632   -0.70312   3.23862    -1.07455   -1.41024   30.76753
C-G        0.00000    0.00000    0.00000    0.00000    0.00000    0.00000    -0.16561   -0.14280   3.27839    -2.54083   2.07585    35.84431
T-A        0.00000    0.00000    0.00000    0.00000    0.00000    0.00000    -0.03414   -0.36255   3.27843    -2.00551   5.67557    30.84864
C-G        0.00000    0.00000    0.00000    0.00000    0.00000    0.00000    -0.07535   -0.12495   3.24090    -1.05802   5.48335    34.40395
G-C        0.00000    0.00000    0.00000    0.00000    0.00000    0.00000    0.04468    0.16276    3.32932    0.78117    11.70182   31.63610
A-T        0.00000    0.00000    0.00000    0.00000    0.00000    0.00000    0.11697    -0.12046   3.24917    1.81963    4.80696    34.75294
T-A        0.00000    0.00000    0.00000    0.00000    0.00000    0.00000    0.01669    -0.68071   3.20705    1.35297    1.02749    29.95986
C-G        0.00000    0.00000    0.00000    0.00000    0.00000    0.00000    0.22636    -0.11884   3.26818    2.69257    0.89056    35.95508
A-T        0.00000    0.00000    0.00000    0.00000    0.00000    0.00000    0.05751    0.31248    3.29307    1.75922    1.88482    35.86447
T-A        0.00000    0.00000    0.00000    0.00000    0.00000    0.00000    0.00312    -0.71074   3.25734    0.03493    -2.99283   31.28827
G-C        0.00000    0.00000    0.00000    0.00000    0.00000    0.00000    -0.04409   0.31280    3.29238    -1.62807   1.73856    35.92463
T-A        0.00000    0.00000    0.00000    0.00000    0.00000    0.00000    -0.06848   -0.65060   3.27205    -2.09418   0.61422    31.60661
T-A        0.00000    0.00000    0.00000    0.00000    0.00000    0.00000    -0.07442   -0.27499   3.22592    -2.03528   0.94814    34.16737
A-T        0.00000    0.00000    0.00000    0.00000    0.00000    0.00000    -0.08856   -0.40340   3.30740    -2.05658   10.99993   31.38165
T-A        0.00000    0.00000    0.00000    0.00000    0.00000    0.00000    -0.00150   -0.66743   3.17592    -0.41310   3.42716    28.99333
A-T        0.00000    0.00000    0.00000    0.00000    0.00000    0.00000    0.03804    -0.64068   3.29801    0.64036    14.51730   29.19373
A-T        0.00000    0.00000    0.00000    0.00000    0.00000    0.00000    0.06178    -0.24481   3.21234    1.53381    3.61928    33.13713
C-G        0.00000    0.00000    0.00000    0.00000    0.00000    0.00000    0.06091    -0.66066   3.23314    2.20026    2.56360    30.89752
G-C        0.00000    0.00000    0.00000    0.00000    0.00000    0.00000    0.31175    0.37714    3.31251    4.44665    4.90492    34.08398
G-C        0.00000    0.00000    0.00000    0.00000    0.00000    0.00000    0.12237    -0.31499   3.37115    1.84168    2.14868    33.61513
A-T        0.00000    0.00000    0.00000    0.00000    0.00000    0.00000    -0.05252   -0.13279   3.30226    -0.11587   -1.55211   37.18577
G-C        0.00000    0.00000    0.00000    0.00000    0.00000    0.00000    -0.09508   -0.32698   3.30960    -1.91813   0.75125    32.60861
C-G        0.00000    0.00000    0.00000    0.00000    0.00000    0.00000    -0.20008   -0.41245   3.29423    -2.47139   1.71487    33.28859
T-A        0.00000    0.00000    0.00000    0.00000    0.00000    0.00000    -0.01485   -0.33032   3.28817    -2.30582   4.22879    31.36844
C-G        0.00000    0.00000    0.00000    0.00000    0.00000    0.00000    -0.10048   -0.11638   3.25231    -1.69237   4.41977    34.89018
G-C        0.00000    0.00000    0.00000    0.00000    0.00000    0.00000    -0.03814   0.18547    3.32895    -0.83907   11.10605   31.84631
G-C        0.00000    0.00000    0.00000    0.00000    0.00000    0.00000    0.15266    -0.44838   3.33718    1.29039    8.12526    31.35583
G-C        0.00000    0.00000    0.00000    0.00000    0.00000    0.00000    0.24595    -0.44861   3.34735    2.53265    7.05233    31.74815
A-T        0.00000    0.00000    0.00000    0.00000    0.00000    0.00000    0.13964    -0.14766   3.27748    2.18050    2.26325    35.76188
T-A        0.00000    0.00000    0.00000    0.00000    0.00000    0.00000    0.00169    -0.70251   3.23527    0.95264    -1.03225   30.65713
C-G        0.00000    0.00000    0.00000    0.00000    0.00000    0.00000    0.08208    -0.13575   3.28987    0.95290    -0.45082   36.57602
C-G        0.00000    0.00000    0.00000    0.00000    0.00000    0.00000    -0.04204   -0.29390   3.36692    -0.37716   2.35151    33.49481
G-C        0.00000    0.00000    0.00000    0.00000    0.00000    0.00000    -0.18719   0.45976    3.30917    -2.37594   3.84725    34.46637
C-G        0.00000    0.00000    0.00000    0.00000    0.00000    0.00000    -0.14867   -0.42459   3.28098    -1.86781   2.27663    32.87661
T-A        0.00000    0.00000    0.00000    0.00000    0.00000    0.00000    0.01320    -0.33243   3.28292    -1.46528   4.41106    31.07073
T-A        0.00000    0.00000    0.00000    0.00000    0.00000    0.00000    -0.02548   -0.25286   3.21869    -0.88206   2.49732    33.46326
T-A        0.00000    0.00000    0.00000    0.00000    0.00000    0.00000    -0.00531   -0.25179   3.21599    -0.25960   3.07506    33.23898
A-T        0.00000    0.00000    0.00000    0.00000    0.00000    0.00000    0.06021    -0.36993   3.31438    0.70775    9.67325    31.96119
A-T        0.00000    0.00000    0.00000    0.00000    0.00000    0.00000    0.05231    -0.28210   3.22408    1.01501    1.61495    33.73413
C-G        0.00000    0.00000    0.00000    0.00000    0.00000    0.00000    0.02803    -0.66294   3.24777    1.31265    1.89679    31.08652
A-T        0.00000    0.00000    0.00000    0.00000    0.00000    0.00000    -0.01114   0.12860    3.31728    1.39697    4.77415    34.44715
C-G        0.00000    0.00000    0.00000    0.00000    0.00000    0.00000    -0.00993   -0.64449   3.27387    0.61331    0.46573    31.64431
T-A        0.00000    0.00000    0.00000    0.00000    0.00000    0.00000    0.00867    -0.33584   3.30217    0.19511    1.91524    32.00319
T-A        0.00000    0.00000    0.00000    0.00000    0.00000    0.00000    -0.04915   -0.30201   3.24018    -0.53176   -1.68844   35.00393
T-A        0.00000    0.00000    0.00000    0.00000    0.00000    0.00000    -0.04401   -0.28272   3.23531    -0.83375   -0.57972   34.71220
A-T        0.00000    0.00000    0.00000    0.00000    0.00000    0.00000    -0.02529   0.07676    3.32785    -1.08516   4.23527    35.59043
T-A        0.00000    0.00000    0.00000    0.00000    0.00000    0.00000    0.01506    -0.67966   3.20698    -0.37754   1.19063    29.92044
G-C        0.00000    0.00000    0.00000    0.00000    0.00000    0.00000    0.09219    0.01903    3.33821    -0.34962   7.86143    33.34530
C-G        0.00000    0.00000    0.00000    0.00000    0.00000    0.00000    0.05045    -0.49239   3.26380    0.41169    3.81551    32.40387
T-A        0.00000    0.00000    0.00000    0.00000    0.00000    0.00000    0.04641    -0.37471   3.28678    1.17010    4.56875    31.22468
T-A        0.00000    0.00000    0.00000    0.00000    0.00000    0.00000    -0.01303   -0.29615   3.23205    0.59218    0.21276    34.31420
C-G        0.00000    0.00000    0.00000    0.00000    0.00000    0.00000    0.06163    -0.13366   3.27349    0.75248    1.66193    35.78489
C-G        0.00000    0.00000    0.00000    0.00000    0.00000    0.00000    0.02086    -0.33204   3.35947    0.48761    4.19074    32.88854
G-C        0.00000    0.00000    0.00000    0.00000    0.00000    0.00000    -0.01691   0.41047    3.31876    0.06062    5.21628    34.08103
G-C        0.00000    0.00000    0.00000    0.00000    0.00000    0.00000    -0.05795   -0.29704   3.35520    -0.39015   4.12501    32.95554
C-G        0.00000    0.00000    0.00000    0.00000    0.00000    0.00000    -0.02668   -0.42632   3.28451    -0.45235   2.29104    32.99424
T-A        0.00000    0.00000    0.00000    0.00000    0.00000    0.00000    0.05115    -0.33225   3.29356    -0.24566   3.44812    31.57845
C-G        0.00000    0.00000    0.00000    0.00000    0.00000    0.00000    0.01162    -0.12738   3.27039    -0.40255   2.24683    35.61600
G-C        0.00000    0.00000    0.00000    0.00000    0.00000    0.00000    -0.02134   0.28981    3.32594    -0.63100   7.36040    33.20394
T-A        0.00000    0.00000    0.00000    0.00000    0.00000    0.00000    0.01228    -0.65672   3.23716    -0.35263   2.39497    31.02590
A-T        0.00000    0.00000    0.00000    0.00000    0.00000    0.00000    -0.00388   -0.14197   3.32808    0.03250    5.79452    34.32536
T-A        0.00000    0.00000    0.00000    0.00000    0.00000    0.00000    -0.01163   -0.69027   3.21297    0.13363    0.79969    29.98350
A-T        0.00000    0.00000    0.00000    0.00000    0.00000    0.00000    -0.01577   -0.02364   3.32895    0.41442    4.65741    35.09189
A-T        0.00000    0.00000    0.00000    0.00000    0.00000    0.00000    0.01536    -0.28273   3.23195    0.41675    0.17615    34.36510
T-A        0.00000    0.00000    0.00000    0.00000    0.00000    0.00000    -0.00813   -0.68547   3.22140    0.27309    -0.00547   30.27350
G-C        0.00000    0.00000    0.00000    0.00000    0.00000    0.00000    0.08214    0.22877    3.31365    0.40001    4.98255    34.73017
T-A        0.00000    0.00000    0.00000    0.00000    0.00000    0.00000    0.01472    -0.62833   3.25927    -0.05480   1.07647    31.48075
G-C        0.00000    0.00000    0.00000    0.00000    0.00000    0.00000    0.07738    0.20534    3.31444    -0.21333   4.67590    34.75667
T-A        0.00000    0.00000    0.00000    0.00000    0.00000    0.00000    0.01556    -0.64594   3.25945    -0.57164   1.23072    31.40981
C-G        0.00000    0.00000    0.00000    0.00000    0.00000    0.00000    -0.01052   -0.14380   3.27544    -0.65723   1.84178    35.71062
G-C        0.00000    0.00000    0.00000    0.00000    0.00000    0.00000    -0.09609   0.27340    3.32519    -1.42313   7.27990    33.14757
A-T        0.00000    0.00000    0.00000    0.00000    0.00000    0.00000    -0.07886   -0.14258   3.25893    -0.67734   3.10552    35.09516
C-G        0.00000    0.00000    0.00000    0.00000    0.00000    0.00000    -0.03812   -0.65112   3.22362    0.10127    2.93215    30.78666
C-G        0.00000    0.00000    0.00000    0.00000    0.00000    0.00000    -0.00364   -0.38693   3.34660    0.36126    6.33039    31.99818
A-T        0.00000    0.00000    0.00000    0.00000    0.00000    0.00000    -0.03818   0.08928    3.32985    1.12466    7.06495    33.61469
A-T        0.00000    0.00000    0.00000    0.00000    0.00000    0.00000    0.03799    -0.27595   3.23173    0.85579    0.10740    34.41916
A-T        0.00000    0.00000    0.00000    0.00000    0.00000    0.00000    0.04780    -0.29386   3.23702    0.70939    -1.08157   34.75253
T-A        0.00000    0.00000    0.00000    0.00000    0.00000    0.00000    0.01904    -0.69426   3.23384    0.25670    -1.07348   30.56514
G-C        0.00000    0.00000    0.00000    0.00000    0.00000    0.00000    -0.26900   -1.09600   3.26800    0.65200    -9.99900   39.98200
T-A        0.00000    0.00000    0.00000    0.00000    0.00000    0.00000    -0.92800   -1.59400   3.28000    -2.06300   -8.64800   31.95400
G-C        0.00000    0.00000    0.00000    0.00000    0.00000    0.00000    -0.32200   -0.59400   3.18100    -1.65300   -0.34900   39.42200
A-T        0.00000    0.00000    0.00000    0.00000    0.00000    0.00000    0.12100    -0.98300   3.10600    2.86200    -6.40900   31.81400
G-C        0.00000    0.00000    0.00000    0.00000    0.00000    0.00000    0.96000    -0.48300   2.89500    -0.86600   -7.57100   33.58100
C-G        0.00000    0.00000    0.00000    0.00000    0.00000    0.00000    -0.71700   -0.08600   3.08700    11.68200   -4.89500   33.31200
G-C        0.00000    0.00000    0.00000    0.00000    0.00000    0.00000    -0.04900   1.55200    5.41000    -0.16800   60.11300   13.23400
C-G        0.00000    0.00000    0.00000    0.00000    0.00000    0.00000    0.67500    -0.12400   3.12600    -12.51800  -5.62800   33.19300
T-A        0.00000    0.00000    0.00000    0.00000    0.00000    0.00000    -0.92900   -0.52900   2.87800    1.16500    -8.56500   33.47300
C-G        0.00000    0.00000    0.00000    0.00000    0.00000    0.00000    -0.13400   -1.01700   3.04900    -2.60200   -6.08500   32.11200
A-T        0.00000    0.00000    0.00000    0.00000    0.00000    0.00000    0.37700    -0.59600   3.22500    2.12500    -0.60700   39.45000
C-G        0.00000    0.00000    0.00000    0.00000    0.00000    0.00000    0.90500    -1.56500   3.20700    2.32500    -8.21100   32.16300
A-T        0.00000    0.00000    0.00000    0.00000    0.00000    0.00000    0.52800    -0.91200   3.45700    1.68300    -11.71700  37.47400
