147 # base pairs
  0 # ***local base-pair & step parameters***
#          Shear      Stretch    Stagger    Buckle     Prop-Tw    Opening    Shift      Slide      Rise       Tilt       Roll       Twist
A-T        0.00000    0.00000    0.00000    0.00000    0.00000    0.00000    0.00000    0.00000    0.00000    0.00000    0.00000    0.00000
G-C        0.00000    0.00000    0.00000    0.00000    0.00000    0.00000    -0.27000   -1.09500   3.26900    0.65500    -9.99300   39.97500
T-A        0.00000    0.00000    0.00000    0.00000    0.00000    0.00000    -0.92900   -1.59400   3.27900    -2.06900   -8.63400   31.93800
G-C        0.00000    0.00000    0.00000    0.00000    0.00000    0.00000    -0.32200   -0.59300   3.18200    -1.66400   -0.37500   39.43600
A-T        0.00000    0.00000    0.00000    0.00000    0.00000    0.00000    0.12100    -0.98400   3.10400    2.85800    -6.38900   31.82300
G-C        0.00000    0.00000    0.00000    0.00000    0.00000    0.00000    0.96000    -0.48500   2.89700    -0.88500   -7.59600   33.57900
C-G        0.00000    0.00000    0.00000    0.00000    0.00000    0.00000    -0.71600   -0.08700   3.08600    11.71000   -4.91700   33.30600
G-C        0.00000    0.00000    0.00000    0.00000    0.00000    0.00000    -0.04800   1.55200    5.41100    -0.14600   60.13700   13.20200
C-G        0.00000    0.00000    0.00000    0.00000    0.00000    0.00000    0.67500    -0.12200   3.12500    -12.51800  -5.63900   33.20600
T-A        0.00000    0.00000    0.00000    0.00000    0.00000    0.00000    -0.92700   -0.52800   2.87800    1.16700    -8.56000   33.49500
C-G        0.00000    0.00000    0.00000    0.00000    0.00000    0.00000    -0.13300   -1.01700   3.05000    -2.61000   -6.08100   32.11700
A-T        0.00000    0.00000    0.00000    0.00000    0.00000    0.00000    0.37700    -0.59600   3.22400    2.15400    -0.57500   39.43500
C-G        0.00000    0.00000    0.00000    0.00000    0.00000    0.00000    0.90400    -1.56500   3.20800    2.29400    -8.21000   32.14300
A-T        0.00000    0.00000    0.00000    0.00000    0.00000    0.00000    0.52900    -0.91300   3.45700    1.67600    -11.72600  37.48400
A-T        0.00000    0.00000    0.00000    0.00000    0.00000    0.00000    0.03291    -0.29932   3.22281    0.25580    1.32598    33.38357
T-A        0.00000    0.00000    0.00000    0.00000    0.00000    0.00000    -0.00235   -0.69531   3.20918    0.23814    0.84173    29.59510
T-A        0.00000    0.00000    0.00000    0.00000    0.00000    0.00000    -0.02722   -0.30809   3.22665    0.34946    0.45989    33.65010
T-A        0.00000    0.00000    0.00000    0.00000    0.00000    0.00000    -0.03345   -0.30780   3.22854    0.31412    0.02962    33.80311
A-T        0.00000    0.00000    0.00000    0.00000    0.00000    0.00000    -0.01702   0.07582    3.31846    0.30303    2.95458    35.21812
T-A        0.00000    0.00000    0.00000    0.00000    0.00000    0.00000    -0.00806   -0.68991   3.21894    0.08595    -0.09362   29.91669
T-A        0.00000    0.00000    0.00000    0.00000    0.00000    0.00000    -0.02436   -0.30196   3.23100    -0.02589   -0.50612   34.04396
C-G        0.00000    0.00000    0.00000    0.00000    0.00000    0.00000    0.02980    -0.12731   3.26361    -0.09708   1.79309    35.21711
G-C        0.00000    0.00000    0.00000    0.00000    0.00000    0.00000    -0.01094   0.33837    3.30442    -0.51828   6.48166    32.89232
C-G        0.00000    0.00000    0.00000    0.00000    0.00000    0.00000    -0.00027   -0.46029   3.26630    -0.32543   2.90268    32.19859
A-T        0.00000    0.00000    0.00000    0.00000    0.00000    0.00000    -0.07189   0.02894    3.31877    -0.17607   6.59030    33.14816
A-T        0.00000    0.00000    0.00000    0.00000    0.00000    0.00000    0.01912    -0.31079   3.22538    -0.17036   0.74475    33.47090
A-T        0.00000    0.00000    0.00000    0.00000    0.00000    0.00000    0.01072    -0.30521   3.22414    -0.08987   1.01700    33.40059
G-C        0.00000    0.00000    0.00000    0.00000    0.00000    0.00000    -0.05909   -0.37434   3.27504    -0.31738   4.57323    30.44012
G-C        0.00000    0.00000    0.00000    0.00000    0.00000    0.00000    -0.00253   -0.39685   3.34299    0.42371    5.83254    31.58946
C-G        0.00000    0.00000    0.00000    0.00000    0.00000    0.00000    0.02523    -0.45554   3.26028    0.59396    3.14202    32.13860
C-G        0.00000    0.00000    0.00000    0.00000    0.00000    0.00000    0.08172    -0.33366   3.34306    0.92496    4.92692    32.06779
G-C        0.00000    0.00000    0.00000    0.00000    0.00000    0.00000    0.09200    0.39481    3.30292    1.19868    5.68545    33.30525
G-C        0.00000    0.00000    0.00000    0.00000    0.00000    0.00000    0.04861    -0.33177   3.35177    0.46794    3.93756    32.44894
C-G        0.00000    0.00000    0.00000    0.00000    0.00000    0.00000    0.01769    -0.42301   3.28547    -0.11460   1.81984    32.74008
C-G        0.00000    0.00000    0.00000    0.00000    0.00000    0.00000    -0.02322   -0.37727   3.35644    -0.79760   4.12088    32.27581
C-G        0.00000    0.00000    0.00000    0.00000    0.00000    0.00000    -0.08531   -0.41519   3.35450    -1.30858   4.81239    31.93191
G-C        0.00000    0.00000    0.00000    0.00000    0.00000    0.00000    -0.13436   0.25275    3.30870    -1.87949   7.53347    32.42116
A-T        0.00000    0.00000    0.00000    0.00000    0.00000    0.00000    -0.09846   -0.15188   3.24536    -0.88048   3.48106    34.37242
C-G        0.00000    0.00000    0.00000    0.00000    0.00000    0.00000    -0.03853   -0.64970   3.20813    0.06768    3.28826    30.12374
A-T        0.00000    0.00000    0.00000    0.00000    0.00000    0.00000    -0.07605   -0.02454   3.32789    0.77719    8.39499    32.28138
C-G        0.00000    0.00000    0.00000    0.00000    0.00000    0.00000    0.00242    -0.64015   3.21962    1.04490    2.74895    30.35986
G-C        0.00000    0.00000    0.00000    0.00000    0.00000    0.00000    0.17229    0.35681    3.30277    2.51343    6.75643    32.84366
A-T        0.00000    0.00000    0.00000    0.00000    0.00000    0.00000    0.06748    -0.12604   3.27422    1.16820    1.05450    35.62686
C-G        0.00000    0.00000    0.00000    0.00000    0.00000    0.00000    0.05889    -0.63411   3.27077    0.62754    0.25398    31.24688
T-A        0.00000    0.00000    0.00000    0.00000    0.00000    0.00000    0.07372    -0.34794   3.29708    0.01978    1.57208    31.50039
T-A        0.00000    0.00000    0.00000    0.00000    0.00000    0.00000    -0.03260   -0.33978   3.23849    -0.80150   -1.97539   34.55274
A-T        0.00000    0.00000    0.00000    0.00000    0.00000    0.00000    -0.06405   -0.00069   3.32280    -1.75088   2.96270    35.21261
C-G        0.00000    0.00000    0.00000    0.00000    0.00000    0.00000    -0.04675   -0.64836   3.21962    -1.10470   2.70563    30.46960
T-A        0.00000    0.00000    0.00000    0.00000    0.00000    0.00000    -0.02183   -0.38471   3.26620    -0.87658   5.93848    30.09250
G-C        0.00000    0.00000    0.00000    0.00000    0.00000    0.00000    0.04251    -0.10749   3.33797    -0.50800   9.87536    31.73051
T-A        0.00000    0.00000    0.00000    0.00000    0.00000    0.00000    0.00170    -0.63832   3.19275    0.48091    3.94144    30.01913
A-T        0.00000    0.00000    0.00000    0.00000    0.00000    0.00000    0.05896    -0.22358   3.30654    1.79027    8.10925    32.49407
G-C        0.00000    0.00000    0.00000    0.00000    0.00000    0.00000    0.00347    -0.33475   3.28551    2.01150    3.57857    31.10589
G-C        0.00000    0.00000    0.00000    0.00000    0.00000    0.00000    0.19928    -0.32508   3.35515    2.37894    3.43369    32.79517
T-A        0.00000    0.00000    0.00000    0.00000    0.00000    0.00000    0.02374    -0.62718   3.28634    0.53089    -0.54104   31.81717
A-T        0.00000    0.00000    0.00000    0.00000    0.00000    0.00000    -0.00009   0.61558    3.34487    -0.54256   -5.68515   40.75467
T-A        0.00000    0.00000    0.00000    0.00000    0.00000    0.00000    -0.00334   -0.70431   3.23935    -0.95414   -1.54212   30.71343
C-G        0.00000    0.00000    0.00000    0.00000    0.00000    0.00000    -0.15121   -0.14528   3.27829    -2.40020   1.77685    35.80585
T-A        0.00000    0.00000    0.00000    0.00000    0.00000    0.00000    -0.02773   -0.36416   3.27877    -2.04835   5.31160    30.79006
C-G        0.00000    0.00000    0.00000    0.00000    0.00000    0.00000    -0.08437   -0.13094   3.24179    -1.22707   5.21848    34.36431
G-C        0.00000    0.00000    0.00000    0.00000    0.00000    0.00000    0.01090    0.15802    3.32501    0.29652    11.60959   31.48818
T-A        0.00000    0.00000    0.00000    0.00000    0.00000    0.00000    0.04256    -0.63633   3.18948    0.94242    4.24363    30.33004
C-G        0.00000    0.00000    0.00000    0.00000    0.00000    0.00000    0.20343    -0.11522   3.24491    2.53755    3.43561    34.91949
A-T        0.00000    0.00000    0.00000    0.00000    0.00000    0.00000    0.10291    0.15716    3.31409    2.96498    4.91301    34.39386
T-A        0.00000    0.00000    0.00000    0.00000    0.00000    0.00000    0.01396    -0.70315   3.24495    0.92978    -2.00502   30.95307
G-C        0.00000    0.00000    0.00000    0.00000    0.00000    0.00000    0.07590    0.36678    3.28554    0.57008    1.14694    36.35379
T-A        0.00000    0.00000    0.00000    0.00000    0.00000    0.00000    -0.04342   -0.64068   3.29946    -0.98884   -0.87566   32.09288
T-A        0.00000    0.00000    0.00000    0.00000    0.00000    0.00000    -0.06791   -0.32175   3.24236    -1.59476   -2.40606   35.29177
A-T        0.00000    0.00000    0.00000    0.00000    0.00000    0.00000    -0.11951   0.06155    3.32803    -2.68450   3.79558    35.82281
T-A        0.00000    0.00000    0.00000    0.00000    0.00000    0.00000    -0.01354   -0.67358   3.19388    -1.11073   2.12578    29.64059
A-T        0.00000    0.00000    0.00000    0.00000    0.00000    0.00000    -0.04021   -0.53905   3.30399    -1.05219   13.31518   30.18948
A-T        0.00000    0.00000    0.00000    0.00000    0.00000    0.00000    0.03155    -0.22375   3.20634    0.45832    4.82406    32.75628
C-G        0.00000    0.00000    0.00000    0.00000    0.00000    0.00000    0.03359    -0.65659   3.19916    1.52620    4.15440    30.40503
G-C        0.00000    0.00000    0.00000    0.00000    0.00000    0.00000    0.32173    0.26939    3.32215    4.47625    8.11443    32.96306
G-C        0.00000    0.00000    0.00000    0.00000    0.00000    0.00000    0.26359    -0.37218   3.36287    3.18890    4.11843    32.94800
A-T        0.00000    0.00000    0.00000    0.00000    0.00000    0.00000    0.07388    -0.13894   3.30230    1.50602    -0.72677   37.03440
A-T        0.00000    0.00000    0.00000    0.00000    0.00000    0.00000    0.01560    -0.34774   3.25415    -0.05734   -4.58280   36.15424
G-C        0.00000    0.00000    0.00000    0.00000    0.00000    0.00000    -0.09400   -0.32518   3.31127    -1.78211   0.77874    32.67990
C-G        0.00000    0.00000    0.00000    0.00000    0.00000    0.00000    -0.19106   -0.41045   3.29672    -2.34189   1.65401    33.37553
T-A        0.00000    0.00000    0.00000    0.00000    0.00000    0.00000    -0.01306   -0.32740   3.29084    -2.20950   4.07639    31.51084
C-G        0.00000    0.00000    0.00000    0.00000    0.00000    0.00000    -0.09849   -0.11426   3.25558    -1.66886   4.21500    35.04990
G-C        0.00000    0.00000    0.00000    0.00000    0.00000    0.00000    -0.04387   0.19772    3.33115    -0.92540   10.83566   32.04012
G-C        0.00000    0.00000    0.00000    0.00000    0.00000    0.00000    0.13970    -0.44090   3.33909    1.14177    7.99295    31.49075
G-C        0.00000    0.00000    0.00000    0.00000    0.00000    0.00000    0.23110    -0.44346   3.34863    2.35579    7.01567    31.84090
A-T        0.00000    0.00000    0.00000    0.00000    0.00000    0.00000    0.13233    -0.14557   3.27772    2.06886    2.33600    35.79385
T-A        0.00000    0.00000    0.00000    0.00000    0.00000    0.00000    0.00186    -0.70117   3.23427    0.92394    -0.90803   30.66197
C-G        0.00000    0.00000    0.00000    0.00000    0.00000    0.00000    0.08335    -0.13416   3.28976    0.97266    -0.29698   36.58495
C-G        0.00000    0.00000    0.00000    0.00000    0.00000    0.00000    -0.03217   -0.29381   3.36769    -0.26004   2.45254    33.53601
G-C        0.00000    0.00000    0.00000    0.00000    0.00000    0.00000    -0.17199   0.45934    3.31206    -2.16162   3.86468    34.54798
C-G        0.00000    0.00000    0.00000    0.00000    0.00000    0.00000    -0.14061   -0.42315   3.28391    -1.75646   2.20826    32.97550
T-A        0.00000    0.00000    0.00000    0.00000    0.00000    0.00000    0.01363    -0.33057   3.28581    -1.39542   4.26407    31.22052
T-A        0.00000    0.00000    0.00000    0.00000    0.00000    0.00000    -0.02602   -0.25320   3.22054    -0.87218   2.26833    33.62836
T-A        0.00000    0.00000    0.00000    0.00000    0.00000    0.00000    -0.00678   -0.25137   3.21769    -0.29214   2.87782    33.39769
A-T        0.00000    0.00000    0.00000    0.00000    0.00000    0.00000    0.05526    -0.33708   3.31717    0.61462    9.30890    32.31877
A-T        0.00000    0.00000    0.00000    0.00000    0.00000    0.00000    0.04994    -0.27924   3.22478    0.94003    1.59641    33.82120
C-G        0.00000    0.00000    0.00000    0.00000    0.00000    0.00000    0.02566    -0.66205   3.24770    1.25300    1.94659    31.14778
A-T        0.00000    0.00000    0.00000    0.00000    0.00000    0.00000    -0.01211   0.12876    3.31959    1.35780    4.89569    34.49373
C-G        0.00000    0.00000    0.00000    0.00000    0.00000    0.00000    -0.00923   -0.64468   3.27325    0.63160    0.55521    31.68966
T-A        0.00000    0.00000    0.00000    0.00000    0.00000    0.00000    0.01069    -0.33497   3.30319    0.27076    1.99028    32.07308
T-A        0.00000    0.00000    0.00000    0.00000    0.00000    0.00000    -0.04663   -0.30012   3.24077    -0.46641   -1.68962   35.07719
T-A        0.00000    0.00000    0.00000    0.00000    0.00000    0.00000    -0.04217   -0.28246   3.23634    -0.77080   -0.67820   34.81265
A-T        0.00000    0.00000    0.00000    0.00000    0.00000    0.00000    -0.02423   0.10706    3.33067    -1.04214   3.81372    35.95190
T-A        0.00000    0.00000    0.00000    0.00000    0.00000    0.00000    0.01413    -0.68005   3.20899    -0.38003   1.07493    30.01511
G-C        0.00000    0.00000    0.00000    0.00000    0.00000    0.00000    0.08639    0.03043    3.33876    -0.39537   7.70295    33.50757
C-G        0.00000    0.00000    0.00000    0.00000    0.00000    0.00000    0.04264    -0.49079   3.26594    0.32837    3.77064    32.48898
T-A        0.00000    0.00000    0.00000    0.00000    0.00000    0.00000    0.04363    -0.37206   3.28818    1.08940    4.58103    31.31114
T-A        0.00000    0.00000    0.00000    0.00000    0.00000    0.00000    -0.01354   -0.29183   3.23215    0.55578    0.29814    34.36522
C-G        0.00000    0.00000    0.00000    0.00000    0.00000    0.00000    0.06173    -0.13101   3.27397    0.75297    1.73762    35.83431
C-G        0.00000    0.00000    0.00000    0.00000    0.00000    0.00000    0.02756    -0.32903   3.36009    0.55048    4.24214    32.95514
G-C        0.00000    0.00000    0.00000    0.00000    0.00000    0.00000    -0.00706   0.41144    3.32126    0.17755    5.22159    34.17021
G-C        0.00000    0.00000    0.00000    0.00000    0.00000    0.00000    -0.05008   -0.29524   3.35685    -0.31773   4.08081    33.05666
C-G        0.00000    0.00000    0.00000    0.00000    0.00000    0.00000    -0.02380   -0.42511   3.28738    -0.41945   2.22330    33.09483
T-A        0.00000    0.00000    0.00000    0.00000    0.00000    0.00000    0.05034    -0.33120   3.29604    -0.25042   3.35535    31.70814
C-G        0.00000    0.00000    0.00000    0.00000    0.00000    0.00000    0.00734    -0.12640   3.27269    -0.44594   2.16798    35.73435
G-C        0.00000    0.00000    0.00000    0.00000    0.00000    0.00000    -0.03047   0.29309    3.32837    -0.73550   7.31152    33.31869
T-A        0.00000    0.00000    0.00000    0.00000    0.00000    0.00000    0.01011    -0.65649   3.23797    -0.39185   2.41050    31.10058
A-T        0.00000    0.00000    0.00000    0.00000    0.00000    0.00000    -0.00620   -0.13437   3.32957    0.00594    5.85205    34.43792
T-A        0.00000    0.00000    0.00000    0.00000    0.00000    0.00000    -0.01155   -0.68883   3.21276    0.13905    0.85023    30.02596
A-T        0.00000    0.00000    0.00000    0.00000    0.00000    0.00000    -0.01249   -0.01305   3.33053    0.45974    4.66653    35.23167
A-T        0.00000    0.00000    0.00000    0.00000    0.00000    0.00000    0.01744    -0.28001   3.23255    0.46239    0.15996    34.45457
T-A        0.00000    0.00000    0.00000    0.00000    0.00000    0.00000    -0.00640   -0.68534   3.22259    0.30199    -0.06300   30.34788
G-C        0.00000    0.00000    0.00000    0.00000    0.00000    0.00000    0.08471    0.23816    3.31416    0.44234    4.83011    34.89007
T-A        0.00000    0.00000    0.00000    0.00000    0.00000    0.00000    0.01510    -0.62914   3.26224    -0.06910   0.98760    31.58377
G-C        0.00000    0.00000    0.00000    0.00000    0.00000    0.00000    0.07228    0.21046    3.31536    -0.27350   4.56675    34.88569
T-A        0.00000    0.00000    0.00000    0.00000    0.00000    0.00000    0.01241    -0.64688   3.26091    -0.63290   1.21955    31.48452
C-G        0.00000    0.00000    0.00000    0.00000    0.00000    0.00000    -0.01807   -0.14232   3.27648    -0.73232   1.88781    35.77349
G-C        0.00000    0.00000    0.00000    0.00000    0.00000    0.00000    -0.10184   0.27211    3.32761    -1.47723   7.40140    33.19011
A-T        0.00000    0.00000    0.00000    0.00000    0.00000    0.00000    -0.07683   -0.13956   3.25920    -0.64915   3.19948    35.13810
C-G        0.00000    0.00000    0.00000    0.00000    0.00000    0.00000    -0.03724   -0.65037   3.22350    0.15779    2.98180    30.84294
C-G        0.00000    0.00000    0.00000    0.00000    0.00000    0.00000    0.00962    -0.37995   3.34723    0.49570    6.30969    32.09536
A-T        0.00000    0.00000    0.00000    0.00000    0.00000    0.00000    -0.02949   0.10113    3.33036    1.20804    6.92570    33.76966
A-T        0.00000    0.00000    0.00000    0.00000    0.00000    0.00000    0.04011    -0.27637   3.23320    0.87767    -0.08655   34.56330
A-T        0.00000    0.00000    0.00000    0.00000    0.00000    0.00000    0.04829    -0.29523   3.23855    0.68596    -1.29350   34.89631
T-A        0.00000    0.00000    0.00000    0.00000    0.00000    0.00000    0.01877    -0.69497   3.23569    0.21517    -1.17805   30.65397
G-C        0.00000    0.00000    0.00000    0.00000    0.00000    0.00000    -0.26900   -1.09600   3.26800    0.65200    -9.99900   39.98200
T-A        0.00000    0.00000    0.00000    0.00000    0.00000    0.00000    -0.92800   -1.59400   3.28000    -2.06300   -8.64800   31.95400
G-C        0.00000    0.00000    0.00000    0.00000    0.00000    0.00000    -0.32200   -0.59400   3.18100    -1.65300   -0.34900   39.42200
A-T        0.00000    0.00000    0.00000    0.00000    0.00000    0.00000    0.12100    -0.98300   3.10600    2.86200    -6.40900   31.81400
G-C        0.00000    0.00000    0.00000    0.00000    0.00000    0.00000    0.96000    -0.48300   2.89500    -0.86600   -7.57100   33.58100
C-G        0.00000    0.00000    0.00000    0.00000    0.00000    0.00000    -0.71700   -0.08600   3.08700    11.68200   -4.89500   33.31200
G-C        0.00000    0.00000    0.00000    0.00000    0.00000    0.00000    -0.04900   1.55200    5.41000    -0.16800   60.11300   13.23400
C-G        0.00000    0.00000    0.00000    0.00000    0.00000    0.00000    0.67500    -0.12400   3.12600    -12.51800  -5.62800   33.19300
T-A        0.00000    0.00000    0.00000    0.00000    0.00000    0.00000    -0.92900   -0.52900   2.87800    1.16500    -8.56500   33.47300
C-G        0.00000    0.00000    0.00000    0.00000    0.00000    0.00000    -0.13400   -1.01700   3.04900    -2.60200   -6.08500   32.11200
A-T        0.00000    0.00000    0.00000    0.00000    0.00000    0.00000    0.37700    -0.59600   3.22500    2.12500    -0.60700   39.45000
C-G        0.00000    0.00000    0.00000    0.00000    0.00000    0.00000    0.90500    -1.56500   3.20700    2.32500    -8.21100   32.16300
A-T        0.00000    0.00000    0.00000    0.00000    0.00000    0.00000    0.52800    -0.91200   3.45700    1.68300    -11.71700  37.47400
