147 # base pairs
  0 # ***local base-pair & step parameters***
#          Shear      Stretch    Stagger    Buckle     Prop-Tw    Opening    Shift      Slide      Rise       Tilt       Roll       Twist
A-T        0.00000    0.00000    0.00000    0.00000    0.00000    0.00000    0.00000    0.00000    0.00000    0.00000    0.00000    0.00000
G-C        0.00000    0.00000    0.00000    0.00000    0.00000    0.00000    -0.27000   -1.09500   3.26900    0.65500    -9.99300   39.97500
T-A        0.00000    0.00000    0.00000    0.00000    0.00000    0.00000    -0.92900   -1.59400   3.27900    -2.06900   -8.63400   31.93800
G-C        0.00000    0.00000    0.00000    0.00000    0.00000    0.00000    -0.32200   -0.59300   3.18200    -1.66400   -0.37500   39.43600
A-T        0.00000    0.00000    0.00000    0.00000    0.00000    0.00000    0.12100    -0.98400   3.10400    2.85800    -6.38900   31.82300
G-C        0.00000    0.00000    0.00000    0.00000    0.00000    0.00000    0.96000    -0.48500   2.89700    -0.88500   -7.59600   33.57900
C-G        0.00000    0.00000    0.00000    0.00000    0.00000    0.00000    -0.71600   -0.08700   3.08600    11.71000   -4.91700   33.30600
G-C        0.00000    0.00000    0.00000    0.00000    0.00000    0.00000    -0.04800   1.55200    5.41100    -0.14600   60.13700   13.20200
C-G        0.00000    0.00000    0.00000    0.00000    0.00000    0.00000    0.67500    -0.12200   3.12500    -12.51800  -5.63900   33.20600
T-A        0.00000    0.00000    0.00000    0.00000    0.00000    0.00000    -0.92700   -0.52800   2.87800    1.16700    -8.56000   33.49500
C-G        0.00000    0.00000    0.00000    0.00000    0.00000    0.00000    -0.13300   -1.01700   3.05000    -2.61000   -6.08100   32.11700
A-T        0.00000    0.00000    0.00000    0.00000    0.00000    0.00000    0.37700    -0.59600   3.22400    2.15400    -0.57500   39.43500
C-G        0.00000    0.00000    0.00000    0.00000    0.00000    0.00000    0.90400    -1.56500   3.20800    2.29400    -8.21000   32.14300
A-T        0.00000    0.00000    0.00000    0.00000    0.00000    0.00000    0.52900    -0.91300   3.45700    1.67600    -11.72600  37.48400
A-T        0.00000    0.00000    0.00000    0.00000    0.00000    0.00000    0.03614    -0.30856   3.22326    0.36152    1.10734    33.30662
T-A        0.00000    0.00000    0.00000    0.00000    0.00000    0.00000    -0.00367   -0.69861   3.21125    0.26052    0.63087    29.56050
T-A        0.00000    0.00000    0.00000    0.00000    0.00000    0.00000    -0.03159   -0.31724   3.22740    0.30136    0.16939    33.59727
T-A        0.00000    0.00000    0.00000    0.00000    0.00000    0.00000    -0.03943   -0.31377   3.22860    0.19209    -0.10664   33.70921
A-T        0.00000    0.00000    0.00000    0.00000    0.00000    0.00000    -0.02822   0.05121    3.31516    0.10470    3.22945    34.84235
T-A        0.00000    0.00000    0.00000    0.00000    0.00000    0.00000    -0.00931   -0.68916   3.21613    0.01234    0.07636    29.76545
T-A        0.00000    0.00000    0.00000    0.00000    0.00000    0.00000    -0.02473   -0.29979   3.22866    -0.07149   -0.14324   33.79706
C-G        0.00000    0.00000    0.00000    0.00000    0.00000    0.00000    0.03678    -0.12852   3.25920    -0.02236   2.06031    34.98175
G-C        0.00000    0.00000    0.00000    0.00000    0.00000    0.00000    0.01198    0.32771    3.30211    -0.23417   6.71198    32.66746
C-G        0.00000    0.00000    0.00000    0.00000    0.00000    0.00000    0.01697    -0.46152   3.26444    -0.13111   2.91410    32.09066
A-T        0.00000    0.00000    0.00000    0.00000    0.00000    0.00000    -0.06188   0.02373    3.31686    -0.00612   6.45356    33.05647
A-T        0.00000    0.00000    0.00000    0.00000    0.00000    0.00000    0.02033    -0.31925   3.22642    -0.14450   0.46348    33.45141
A-T        0.00000    0.00000    0.00000    0.00000    0.00000    0.00000    0.00901    -0.31322   3.22512    -0.14702   0.74513    33.37895
G-C        0.00000    0.00000    0.00000    0.00000    0.00000    0.00000    -0.06590   -0.37696   3.27426    -0.47453   4.45947    30.35094
G-C        0.00000    0.00000    0.00000    0.00000    0.00000    0.00000    -0.02587   -0.39906   3.34180    0.19692    5.84878    31.46992
C-G        0.00000    0.00000    0.00000    0.00000    0.00000    0.00000    0.01187    -0.45851   3.25626    0.44707    3.26403    31.98894
C-G        0.00000    0.00000    0.00000    0.00000    0.00000    0.00000    0.07250    -0.34108   3.34033    0.84014    5.16540    31.85703
G-C        0.00000    0.00000    0.00000    0.00000    0.00000    0.00000    0.09971    0.38473    3.30087    1.30128    6.01796    33.05564
G-C        0.00000    0.00000    0.00000    0.00000    0.00000    0.00000    0.06894    -0.33854   3.34973    0.67376    4.09186    32.27260
C-G        0.00000    0.00000    0.00000    0.00000    0.00000    0.00000    0.03529    -0.42294   3.28363    0.07788    1.82650    32.64461
C-G        0.00000    0.00000    0.00000    0.00000    0.00000    0.00000    -0.00093   -0.37726   3.35642    -0.59765   3.98256    32.22058
C-G        0.00000    0.00000    0.00000    0.00000    0.00000    0.00000    -0.07335   -0.41610   3.35537    -1.22042   4.58973    31.90615
G-C        0.00000    0.00000    0.00000    0.00000    0.00000    0.00000    -0.14037   0.25726    3.30602    -1.96963   7.23341    32.41778
A-T        0.00000    0.00000    0.00000    0.00000    0.00000    0.00000    -0.11207   -0.15581   3.24494    -1.03858   3.34572    34.31064
C-G        0.00000    0.00000    0.00000    0.00000    0.00000    0.00000    -0.04519   -0.64980   3.20691    -0.07917   3.28732    30.02594
A-T        0.00000    0.00000    0.00000    0.00000    0.00000    0.00000    -0.09175   -0.03974   3.32770    0.60143    8.62279    32.06328
C-G        0.00000    0.00000    0.00000    0.00000    0.00000    0.00000    -0.00330   -0.63953   3.21376    0.98485    2.96352    30.18016
G-C        0.00000    0.00000    0.00000    0.00000    0.00000    0.00000    0.17509    0.34497    3.30083    2.57551    7.15826    32.57511
A-T        0.00000    0.00000    0.00000    0.00000    0.00000    0.00000    0.07945    -0.12591   3.27122    1.32175    1.26874    35.44804
C-G        0.00000    0.00000    0.00000    0.00000    0.00000    0.00000    0.06774    -0.63396   3.26896    0.79048    0.29483    31.12650
T-A        0.00000    0.00000    0.00000    0.00000    0.00000    0.00000    0.08337    -0.34904   3.29578    0.22926    1.45378    31.41020
T-A        0.00000    0.00000    0.00000    0.00000    0.00000    0.00000    -0.02882   -0.34852   3.23953    -0.71754   -2.30858   34.54755
A-T        0.00000    0.00000    0.00000    0.00000    0.00000    0.00000    -0.06303   0.02586    3.32269    -1.79907   2.26875    35.42435
C-G        0.00000    0.00000    0.00000    0.00000    0.00000    0.00000    -0.04847   -0.64935   3.22166    -1.23866   2.55041    30.42691
T-A        0.00000    0.00000    0.00000    0.00000    0.00000    0.00000    -0.02843   -0.38919   3.26540    -1.13522   5.90603    29.97525
G-C        0.00000    0.00000    0.00000    0.00000    0.00000    0.00000    0.02621    -0.13271   3.33821    -0.78202   10.14075   31.44596
T-A        0.00000    0.00000    0.00000    0.00000    0.00000    0.00000    -0.00570   -0.63956   3.18621    0.37681    4.20196    29.81251
A-T        0.00000    0.00000    0.00000    0.00000    0.00000    0.00000    0.05502    -0.30507   3.30127    1.79615    9.33462    31.62497
G-C        0.00000    0.00000    0.00000    0.00000    0.00000    0.00000    0.00587    -0.33503   3.28149    2.18959    3.90928    30.90839
G-C        0.00000    0.00000    0.00000    0.00000    0.00000    0.00000    0.23253    -0.32965   3.35279    2.74966    3.60072    32.66030
T-A        0.00000    0.00000    0.00000    0.00000    0.00000    0.00000    0.03225    -0.62434   3.28597    0.75973    -0.60911   31.78271
A-T        0.00000    0.00000    0.00000    0.00000    0.00000    0.00000    0.01199    0.66337    3.34496    -0.35128   -6.53128   41.12346
T-A        0.00000    0.00000    0.00000    0.00000    0.00000    0.00000    -0.00165   -0.70739   3.24289    -0.95523   -1.87213   30.76899
C-G        0.00000    0.00000    0.00000    0.00000    0.00000    0.00000    -0.16128   -0.14928   3.28030    -2.56674   1.46722    35.85584
T-A        0.00000    0.00000    0.00000    0.00000    0.00000    0.00000    -0.03263   -0.36607   3.27872    -2.35816   5.17599    30.73635
C-G        0.00000    0.00000    0.00000    0.00000    0.00000    0.00000    -0.10693   -0.13417   3.24021    -1.52494   5.33914    34.24873
G-C        0.00000    0.00000    0.00000    0.00000    0.00000    0.00000    -0.01705   0.13893    3.32288    -0.08209   12.07702   31.20813
A-T        0.00000    0.00000    0.00000    0.00000    0.00000    0.00000    0.09042    -0.12618   3.23825    1.47365    5.41885    34.22940
G-C        0.00000    0.00000    0.00000    0.00000    0.00000    0.00000    0.02293    -0.34968   3.27625    2.44247    5.25895    30.73959
C-G        0.00000    0.00000    0.00000    0.00000    0.00000    0.00000    0.22930    -0.43643   3.27982    2.93529    2.36964    32.84380
T-A        0.00000    0.00000    0.00000    0.00000    0.00000    0.00000    0.09148    -0.34004   3.30107    2.64879    1.15126    32.25172
C-G        0.00000    0.00000    0.00000    0.00000    0.00000    0.00000    0.09249    -0.13403   3.29778    0.78131    -1.70494   37.01732
G-C        0.00000    0.00000    0.00000    0.00000    0.00000    0.00000    -0.13825   0.50729    3.29938    -1.93912   1.63523    35.20181
G-C        0.00000    0.00000    0.00000    0.00000    0.00000    0.00000    -0.29646   -0.28279   3.35719    -3.15372   2.86133    33.22392
G-C        0.00000    0.00000    0.00000    0.00000    0.00000    0.00000    -0.32224   -0.32875   3.34321    -3.62640   4.99219    32.33908
A-T        0.00000    0.00000    0.00000    0.00000    0.00000    0.00000    -0.19240   -0.12185   3.23245    -2.42387   4.35292    34.28646
T-A        0.00000    0.00000    0.00000    0.00000    0.00000    0.00000    -0.00248   -0.66970   3.17570    -0.59461   3.34744    28.88165
T-A        0.00000    0.00000    0.00000    0.00000    0.00000    0.00000    -0.00912   -0.23051   3.20229    0.04851    5.15303    32.31043
C-G        0.00000    0.00000    0.00000    0.00000    0.00000    0.00000    0.15562    -0.12843   3.22740    1.86075    5.17502    33.99114
A-T        0.00000    0.00000    0.00000    0.00000    0.00000    0.00000    0.09455    -0.02231   3.33007    3.17244    7.72475    32.78998
T-A        0.00000    0.00000    0.00000    0.00000    0.00000    0.00000    0.01388    -0.69777   3.22586    1.34522    -0.53186   30.31200
G-C        0.00000    0.00000    0.00000    0.00000    0.00000    0.00000    0.14945    0.30296    3.28910    2.00242    2.30550    35.73488
T-A        0.00000    0.00000    0.00000    0.00000    0.00000    0.00000    -0.03194   -0.63319   3.29968    0.10723    -1.12128   32.00910
T-A        0.00000    0.00000    0.00000    0.00000    0.00000    0.00000    -0.05829   -0.34792   3.24907    -0.76023   -4.10722   35.64621
A-T        0.00000    0.00000    0.00000    0.00000    0.00000    0.00000    -0.11446   0.41855    3.33671    -2.37517   -1.57853   38.77227
T-A        0.00000    0.00000    0.00000    0.00000    0.00000    0.00000    -0.01508   -0.67975   3.21152    -1.32107   0.67860    30.12982
A-T        0.00000    0.00000    0.00000    0.00000    0.00000    0.00000    -0.06876   -0.28855   3.31137    -1.95464   9.78343    32.27886
A-T        0.00000    0.00000    0.00000    0.00000    0.00000    0.00000    0.01909    -0.22774   3.20847    -0.39297   4.35933    32.86877
C-G        0.00000    0.00000    0.00000    0.00000    0.00000    0.00000    0.02405    -0.65276   3.18868    0.69674    4.57572    30.21110
G-C        0.00000    0.00000    0.00000    0.00000    0.00000    0.00000    0.24111    0.19452    3.32650    3.16727    9.89307    32.20960
G-C        0.00000    0.00000    0.00000    0.00000    0.00000    0.00000    0.27146    -0.43015   3.35599    3.06931    5.76635    32.21650
A-T        0.00000    0.00000    0.00000    0.00000    0.00000    0.00000    0.11396    -0.14885   3.29019    2.01269    0.80322    36.35139
C-G        0.00000    0.00000    0.00000    0.00000    0.00000    0.00000    0.01197    -0.64963   3.29254    1.05320    -0.30261   32.07155
C-G        0.00000    0.00000    0.00000    0.00000    0.00000    0.00000    -0.01116   -0.28523   3.37013    -0.01516   2.08146    33.73651
G-C        0.00000    0.00000    0.00000    0.00000    0.00000    0.00000    -0.17727   0.47933    3.31128    -2.18940   3.26054    34.83712
C-G        0.00000    0.00000    0.00000    0.00000    0.00000    0.00000    -0.15941   -0.41473   3.28893    -1.95306   1.94255    33.13400
T-A        0.00000    0.00000    0.00000    0.00000    0.00000    0.00000    0.00569    -0.32589   3.28765    -1.69534   4.11086    31.34304
T-A        0.00000    0.00000    0.00000    0.00000    0.00000    0.00000    -0.03121   -0.24785   3.21992    -1.07421   2.38837    33.66390
T-A        0.00000    0.00000    0.00000    0.00000    0.00000    0.00000    -0.00849   -0.24277   3.21594    -0.43339   3.23604    33.35524
A-T        0.00000    0.00000    0.00000    0.00000    0.00000    0.00000    0.05846    -0.38640   3.31554    0.57673    10.26139   31.88563
A-T        0.00000    0.00000    0.00000    0.00000    0.00000    0.00000    0.05433    -0.27155   3.22285    1.02881    2.01473    33.75083
C-G        0.00000    0.00000    0.00000    0.00000    0.00000    0.00000    0.03277    -0.66468   3.24568    1.41580    2.10281    31.15880
A-T        0.00000    0.00000    0.00000    0.00000    0.00000    0.00000    0.00412    0.12168    3.32114    1.62627    4.89477    34.54582
C-G        0.00000    0.00000    0.00000    0.00000    0.00000    0.00000    -0.00689   -0.64726   3.27753    0.77368    0.41043    31.81356
T-A        0.00000    0.00000    0.00000    0.00000    0.00000    0.00000    0.00832    -0.33430   3.30637    0.36084    1.70881    32.25685
T-A        0.00000    0.00000    0.00000    0.00000    0.00000    0.00000    -0.05065   -0.30270   3.24291    -0.48481   -2.07218   35.29038
T-A        0.00000    0.00000    0.00000    0.00000    0.00000    0.00000    -0.04734   -0.28172   3.23798    -0.86244   -0.94092   35.00270
A-T        0.00000    0.00000    0.00000    0.00000    0.00000    0.00000    -0.03363   0.14839    3.33284    -1.21633   3.48063    36.33895
T-A        0.00000    0.00000    0.00000    0.00000    0.00000    0.00000    0.01431    -0.67759   3.20853    -0.45441   1.13561    30.07450
G-C        0.00000    0.00000    0.00000    0.00000    0.00000    0.00000    0.08611    0.03214    3.34126    -0.47482   7.87489    33.55569
C-G        0.00000    0.00000    0.00000    0.00000    0.00000    0.00000    0.04847    -0.49431   3.26540    0.33988    3.90149    32.52725
T-A        0.00000    0.00000    0.00000    0.00000    0.00000    0.00000    0.04888    -0.37210   3.28893    1.16593    4.72229    31.38278
T-A        0.00000    0.00000    0.00000    0.00000    0.00000    0.00000    -0.00955   -0.28989   3.23238    0.63081    0.36288    34.43426
C-G        0.00000    0.00000    0.00000    0.00000    0.00000    0.00000    0.06864    -0.13196   3.27555    0.85668    1.69403    35.93564
C-G        0.00000    0.00000    0.00000    0.00000    0.00000    0.00000    0.03066    -0.32684   3.36229    0.63707    4.13310    33.09498
G-C        0.00000    0.00000    0.00000    0.00000    0.00000    0.00000    -0.01102   0.41915    3.32337    0.18858    5.02798    34.35099
G-C        0.00000    0.00000    0.00000    0.00000    0.00000    0.00000    -0.06159   -0.28514   3.35808    -0.38496   3.95874    33.21016
C-G        0.00000    0.00000    0.00000    0.00000    0.00000    0.00000    -0.03091   -0.42129   3.28966    -0.48254   2.16027    33.20525
T-A        0.00000    0.00000    0.00000    0.00000    0.00000    0.00000    0.04972    -0.32526   3.29754    -0.30785   3.33255    31.83650
C-G        0.00000    0.00000    0.00000    0.00000    0.00000    0.00000    0.00654    -0.12211   3.27390    -0.47804   2.17275    35.83571
G-C        0.00000    0.00000    0.00000    0.00000    0.00000    0.00000    -0.02652   0.29612    3.33089    -0.74237   7.32646    33.42457
T-A        0.00000    0.00000    0.00000    0.00000    0.00000    0.00000    0.01658    -0.65717   3.23887    -0.39049   2.42519    31.19044
A-T        0.00000    0.00000    0.00000    0.00000    0.00000    0.00000    -0.00250   -0.13106   3.33192    0.01110    5.80468    34.60776
T-A        0.00000    0.00000    0.00000    0.00000    0.00000    0.00000    -0.01140   -0.68919   3.21347    0.13824    0.84710    30.09207
A-T        0.00000    0.00000    0.00000    0.00000    0.00000    0.00000    -0.01576   -0.01055   3.33289    0.45264    4.62432    35.39652
A-T        0.00000    0.00000    0.00000    0.00000    0.00000    0.00000    0.01429    -0.27765   3.23304    0.46382    0.17544    34.54286
T-A        0.00000    0.00000    0.00000    0.00000    0.00000    0.00000    -0.00953   -0.68427   3.22291    0.31210    -0.04944   30.41181
G-C        0.00000    0.00000    0.00000    0.00000    0.00000    0.00000    0.08246    0.25136    3.31514    0.49119    4.79918    35.03339
T-A        0.00000    0.00000    0.00000    0.00000    0.00000    0.00000    0.01610    -0.62652   3.26341    -0.02885   0.96446    31.68607
G-C        0.00000    0.00000    0.00000    0.00000    0.00000    0.00000    0.07638    0.23025    3.31561    -0.19869   4.43175    35.08077
T-A        0.00000    0.00000    0.00000    0.00000    0.00000    0.00000    0.01807    -0.64532   3.26362    -0.60906   1.13007    31.61274
C-G        0.00000    0.00000    0.00000    0.00000    0.00000    0.00000    -0.01542   -0.14081   3.27910    -0.73886   1.75319    35.92405
G-C        0.00000    0.00000    0.00000    0.00000    0.00000    0.00000    -0.10557   0.27551    3.33013    -1.57653   7.25221    33.35274
A-T        0.00000    0.00000    0.00000    0.00000    0.00000    0.00000    -0.08282   -0.14002   3.26091    -0.74286   3.15117    35.24369
C-G        0.00000    0.00000    0.00000    0.00000    0.00000    0.00000    -0.04258   -0.65183   3.22402    0.08002    3.01750    30.92331
C-G        0.00000    0.00000    0.00000    0.00000    0.00000    0.00000    -0.00550   -0.38366   3.34817    0.38515    6.43068    32.14578
A-T        0.00000    0.00000    0.00000    0.00000    0.00000    0.00000    -0.03590   0.09541    3.33324    1.18341    7.12845    33.78948
A-T        0.00000    0.00000    0.00000    0.00000    0.00000    0.00000    0.03849    -0.26959   3.23266    0.93362    0.12085    34.59527
A-T        0.00000    0.00000    0.00000    0.00000    0.00000    0.00000    0.04941    -0.28920   3.23848    0.79348    -1.18873   34.96224
T-A        0.00000    0.00000    0.00000    0.00000    0.00000    0.00000    0.02018    -0.69358   3.23644    0.30323    -1.22078   30.72909
G-C        0.00000    0.00000    0.00000    0.00000    0.00000    0.00000    -0.26900   -1.09600   3.26800    0.65200    -9.99900   39.98200
T-A        0.00000    0.00000    0.00000    0.00000    0.00000    0.00000    -0.92800   -1.59400   3.28000    -2.06300   -8.64800   31.95400
G-C        0.00000    0.00000    0.00000    0.00000    0.00000    0.00000    -0.32200   -0.59400   3.18100    -1.65300   -0.34900   39.42200
A-T        0.00000    0.00000    0.00000    0.00000    0.00000    0.00000    0.12100    -0.98300   3.10600    2.86200    -6.40900   31.81400
G-C        0.00000    0.00000    0.00000    0.00000    0.00000    0.00000    0.96000    -0.48300   2.89500    -0.86600   -7.57100   33.58100
C-G        0.00000    0.00000    0.00000    0.00000    0.00000    0.00000    -0.71700   -0.08600   3.08700    11.68200   -4.89500   33.31200
G-C        0.00000    0.00000    0.00000    0.00000    0.00000    0.00000    -0.04900   1.55200    5.41000    -0.16800   60.11300   13.23400
C-G        0.00000    0.00000    0.00000    0.00000    0.00000    0.00000    0.67500    -0.12400   3.12600    -12.51800  -5.62800   33.19300
T-A        0.00000    0.00000    0.00000    0.00000    0.00000    0.00000    -0.92900   -0.52900   2.87800    1.16500    -8.56500   33.47300
C-G        0.00000    0.00000    0.00000    0.00000    0.00000    0.00000    -0.13400   -1.01700   3.04900    -2.60200   -6.08500   32.11200
A-T        0.00000    0.00000    0.00000    0.00000    0.00000    0.00000    0.37700    -0.59600   3.22500    2.12500    -0.60700   39.45000
C-G        0.00000    0.00000    0.00000    0.00000    0.00000    0.00000    0.90500    -1.56500   3.20700    2.32500    -8.21100   32.16300
A-T        0.00000    0.00000    0.00000    0.00000    0.00000    0.00000    0.52800    -0.91200   3.45700    1.68300    -11.71700  37.47400
