147 # base pairs
  0 # ***local base-pair & step parameters***
#          Shear      Stretch    Stagger    Buckle     Prop-Tw    Opening    Shift      Slide      Rise       Tilt       Roll       Twist
A-T        0.00000    0.00000    0.00000    0.00000    0.00000    0.00000    0.00000    0.00000    0.00000    0.00000    0.00000    0.00000
G-C        0.00000    0.00000    0.00000    0.00000    0.00000    0.00000    -0.27000   -1.09500   3.26900    0.65500    -9.99300   39.97500
T-A        0.00000    0.00000    0.00000    0.00000    0.00000    0.00000    -0.92900   -1.59400   3.27900    -2.06900   -8.63400   31.93800
G-C        0.00000    0.00000    0.00000    0.00000    0.00000    0.00000    -0.32200   -0.59300   3.18200    -1.66400   -0.37500   39.43600
A-T        0.00000    0.00000    0.00000    0.00000    0.00000    0.00000    0.12100    -0.98400   3.10400    2.85800    -6.38900   31.82300
G-C        0.00000    0.00000    0.00000    0.00000    0.00000    0.00000    0.96000    -0.48500   2.89700    -0.88500   -7.59600   33.57900
C-G        0.00000    0.00000    0.00000    0.00000    0.00000    0.00000    -0.71600   -0.08700   3.08600    11.71000   -4.91700   33.30600
G-C        0.00000    0.00000    0.00000    0.00000    0.00000    0.00000    -0.04800   1.55200    5.41100    -0.14600   60.13700   13.20200
C-G        0.00000    0.00000    0.00000    0.00000    0.00000    0.00000    0.67500    -0.12200   3.12500    -12.51800  -5.63900   33.20600
T-A        0.00000    0.00000    0.00000    0.00000    0.00000    0.00000    -0.92700   -0.52800   2.87800    1.16700    -8.56000   33.49500
C-G        0.00000    0.00000    0.00000    0.00000    0.00000    0.00000    -0.13300   -1.01700   3.05000    -2.61000   -6.08100   32.11700
A-T        0.00000    0.00000    0.00000    0.00000    0.00000    0.00000    0.37700    -0.59600   3.22400    2.15400    -0.57500   39.43500
C-G        0.00000    0.00000    0.00000    0.00000    0.00000    0.00000    0.90400    -1.56500   3.20800    2.29400    -8.21000   32.14300
A-T        0.00000    0.00000    0.00000    0.00000    0.00000    0.00000    0.52900    -0.91300   3.45700    1.67600    -11.72600  37.48400
A-T        0.00000    0.00000    0.00000    0.00000    0.00000    0.00000    0.03458    -0.30205   3.22228    0.28410    1.33528    33.29261
T-A        0.00000    0.00000    0.00000    0.00000    0.00000    0.00000    -0.00166   -0.69631   3.20896    0.25051    0.82363    29.53837
T-A        0.00000    0.00000    0.00000    0.00000    0.00000    0.00000    -0.02738   -0.31194   3.22636    0.35121    0.41810    33.57274
T-A        0.00000    0.00000    0.00000    0.00000    0.00000    0.00000    -0.03449   -0.31141   3.22818    0.29556    0.00449    33.72108
A-T        0.00000    0.00000    0.00000    0.00000    0.00000    0.00000    -0.01991   0.05824    3.31651    0.26088    3.08088    34.99733
T-A        0.00000    0.00000    0.00000    0.00000    0.00000    0.00000    -0.00911   -0.69037   3.21799    0.06682    -0.05307   29.84228
T-A        0.00000    0.00000    0.00000    0.00000    0.00000    0.00000    -0.02574   -0.30304   3.23005    -0.04444   -0.40827   33.92776
C-G        0.00000    0.00000    0.00000    0.00000    0.00000    0.00000    0.02990    -0.12825   3.26156    -0.08994   1.88074    35.10085
G-C        0.00000    0.00000    0.00000    0.00000    0.00000    0.00000    -0.00631   0.33510    3.30234    -0.45289   6.57639    32.76595
C-G        0.00000    0.00000    0.00000    0.00000    0.00000    0.00000    0.00499    -0.46047   3.26445    -0.26591   2.92405    32.11974
A-T        0.00000    0.00000    0.00000    0.00000    0.00000    0.00000    -0.06732   0.02594    3.31741    -0.10648   6.57642    33.05684
A-T        0.00000    0.00000    0.00000    0.00000    0.00000    0.00000    0.02091    -0.31442   3.22537    -0.15222   0.66410    33.41942
A-T        0.00000    0.00000    0.00000    0.00000    0.00000    0.00000    0.01155    -0.30940   3.22420    -0.10287   0.92125    33.35191
G-C        0.00000    0.00000    0.00000    0.00000    0.00000    0.00000    -0.06007   -0.37703   3.27410    -0.37011   4.52383    30.36185
G-C        0.00000    0.00000    0.00000    0.00000    0.00000    0.00000    -0.01084   -0.40113   3.34233    0.33728    5.83289    31.50235
C-G        0.00000    0.00000    0.00000    0.00000    0.00000    0.00000    0.01858    -0.45750   3.25816    0.52292    3.19069    32.04701
C-G        0.00000    0.00000    0.00000    0.00000    0.00000    0.00000    0.07389    -0.34020   3.34164    0.86105    5.03469    31.93761
G-C        0.00000    0.00000    0.00000    0.00000    0.00000    0.00000    0.09113    0.38806    3.30106    1.20847    5.85905    33.14822
G-C        0.00000    0.00000    0.00000    0.00000    0.00000    0.00000    0.05427    -0.33562   3.35007    0.54556    4.03618    32.32662
C-G        0.00000    0.00000    0.00000    0.00000    0.00000    0.00000    0.02473    -0.42308   3.28341    -0.02451   1.85021    32.65928
C-G        0.00000    0.00000    0.00000    0.00000    0.00000    0.00000    -0.01108   -0.37615   3.35544    -0.68143   4.08202    32.21443
C-G        0.00000    0.00000    0.00000    0.00000    0.00000    0.00000    -0.07484   -0.41395   3.35408    -1.22543   4.71214    31.89365
G-C        0.00000    0.00000    0.00000    0.00000    0.00000    0.00000    -0.13128   0.25680    3.30642    -1.86214   7.36181    32.40322
A-T        0.00000    0.00000    0.00000    0.00000    0.00000    0.00000    -0.10235   -0.15439   3.24524    -0.93695   3.37331    34.33762
C-G        0.00000    0.00000    0.00000    0.00000    0.00000    0.00000    -0.03940   -0.65020   3.20819    -0.00924   3.24415    30.06805
A-T        0.00000    0.00000    0.00000    0.00000    0.00000    0.00000    -0.08482   -0.03413   3.32720    0.65747    8.46308    32.16409
C-G        0.00000    0.00000    0.00000    0.00000    0.00000    0.00000    -0.00160   -0.64063   3.21661    0.97811    2.84738    30.24938
G-C        0.00000    0.00000    0.00000    0.00000    0.00000    0.00000    0.16556    0.34632    3.30126    2.44847    7.00932    32.65916
A-T        0.00000    0.00000    0.00000    0.00000    0.00000    0.00000    0.06933    -0.12676   3.27148    1.20771    1.23700    35.47884
C-G        0.00000    0.00000    0.00000    0.00000    0.00000    0.00000    0.06063    -0.63390   3.26790    0.71115    0.35099    31.13813
T-A        0.00000    0.00000    0.00000    0.00000    0.00000    0.00000    0.07756    -0.34832   3.29512    0.16971    1.59416    31.40344
T-A        0.00000    0.00000    0.00000    0.00000    0.00000    0.00000    -0.02960   -0.34335   3.23857    -0.71042   -2.09519   34.51055
A-T        0.00000    0.00000    0.00000    0.00000    0.00000    0.00000    -0.05887   0.01863    3.32215    -1.69985   2.54461    35.32092
C-G        0.00000    0.00000    0.00000    0.00000    0.00000    0.00000    -0.04330   -0.64853   3.22175    -1.13260   2.55941    30.44449
T-A        0.00000    0.00000    0.00000    0.00000    0.00000    0.00000    -0.02168   -0.38702   3.26624    -0.99578   5.80818    30.03843
G-C        0.00000    0.00000    0.00000    0.00000    0.00000    0.00000    0.03374    -0.11815   3.33703    -0.68208   9.87904    31.60622
T-A        0.00000    0.00000    0.00000    0.00000    0.00000    0.00000    -0.00368   -0.64021   3.19052    0.37109    4.01923    29.90323
A-T        0.00000    0.00000    0.00000    0.00000    0.00000    0.00000    0.05213    -0.27632   3.30329    1.69694    8.79286    31.95222
G-C        0.00000    0.00000    0.00000    0.00000    0.00000    0.00000    0.00152    -0.33714   3.28222    2.00915    3.82893    30.93434
G-C        0.00000    0.00000    0.00000    0.00000    0.00000    0.00000    0.20961    -0.33164   3.35286    2.51213    3.65338    32.63836
T-A        0.00000    0.00000    0.00000    0.00000    0.00000    0.00000    0.02686    -0.62552   3.28314    0.65908    -0.45051   31.72183
A-T        0.00000    0.00000    0.00000    0.00000    0.00000    0.00000    0.00897    0.61756    3.34313    -0.35962   -5.75715   40.67188
T-A        0.00000    0.00000    0.00000    0.00000    0.00000    0.00000    -0.00118   -0.70577   3.24061    -0.89306   -1.69060   30.69788
C-G        0.00000    0.00000    0.00000    0.00000    0.00000    0.00000    -0.14635   -0.14788   3.27874    -2.37076   1.54824    35.79567
T-A        0.00000    0.00000    0.00000    0.00000    0.00000    0.00000    -0.02596   -0.36584   3.27892    -2.14965   5.09450    30.74292
C-G        0.00000    0.00000    0.00000    0.00000    0.00000    0.00000    -0.09507   -0.13498   3.24181    -1.39034   5.11849    34.31106
T-A        0.00000    0.00000    0.00000    0.00000    0.00000    0.00000    -0.00039   -0.37375   3.25467    0.35596    7.41166    29.97896
C-G        0.00000    0.00000    0.00000    0.00000    0.00000    0.00000    0.11235    -0.11920   3.22996    1.43042    5.26749    34.11276
A-T        0.00000    0.00000    0.00000    0.00000    0.00000    0.00000    0.07289    -0.00450   3.33302    2.89628    8.16036    32.78971
T-A        0.00000    0.00000    0.00000    0.00000    0.00000    0.00000    0.01721    -0.68980   3.22060    1.35073    -0.10934   30.25347
G-C        0.00000    0.00000    0.00000    0.00000    0.00000    0.00000    0.18227    0.31315    3.29239    2.31532    2.70900    35.74402
T-A        0.00000    0.00000    0.00000    0.00000    0.00000    0.00000    0.00059    -0.63051   3.29916    0.40232    -1.07914   32.11404
T-A        0.00000    0.00000    0.00000    0.00000    0.00000    0.00000    -0.04144   -0.35479   3.25151    -0.51124   -4.50471   35.85248
A-T        0.00000    0.00000    0.00000    0.00000    0.00000    0.00000    -0.10186   0.47736    3.34321    -2.27631   -2.97246   39.66571
T-A        0.00000    0.00000    0.00000    0.00000    0.00000    0.00000    -0.01949   -0.68541   3.21751    -1.40397   0.28961    30.34328
A-T        0.00000    0.00000    0.00000    0.00000    0.00000    0.00000    -0.10008   -0.26061   3.31624    -2.30053   9.11862    32.83536
A-T        0.00000    0.00000    0.00000    0.00000    0.00000    0.00000    0.00047    -0.22296   3.20814    -0.65463   4.49238    32.95195
C-G        0.00000    0.00000    0.00000    0.00000    0.00000    0.00000    -0.00373   -0.64849   3.18163    0.50736    4.91139    30.23766
G-C        0.00000    0.00000    0.00000    0.00000    0.00000    0.00000    0.22853    0.19173    3.32925    3.10180    10.58286   32.11596
G-C        0.00000    0.00000    0.00000    0.00000    0.00000    0.00000    0.30372    -0.41745   3.35113    3.38604    6.22048    32.21371
A-T        0.00000    0.00000    0.00000    0.00000    0.00000    0.00000    0.15597    -0.13933   3.29087    2.46822    0.97299    36.45756
G-C        0.00000    0.00000    0.00000    0.00000    0.00000    0.00000    -0.02567   -0.33425   3.31884    1.43818    0.77976    32.66858
A-T        0.00000    0.00000    0.00000    0.00000    0.00000    0.00000    -0.04094   -0.13139   3.30415    0.03897    -1.48689   37.27945
G-C        0.00000    0.00000    0.00000    0.00000    0.00000    0.00000    -0.09299   -0.32439   3.31275    -1.74101   0.68782    32.75797
C-G        0.00000    0.00000    0.00000    0.00000    0.00000    0.00000    -0.19162   -0.40842   3.29884    -2.34657   1.57343    33.44443
T-A        0.00000    0.00000    0.00000    0.00000    0.00000    0.00000    -0.01450   -0.32639   3.29226    -2.25572   3.99379    31.58832
C-G        0.00000    0.00000    0.00000    0.00000    0.00000    0.00000    -0.10412   -0.11353   3.25673    -1.73681   4.17784    35.11258
G-C        0.00000    0.00000    0.00000    0.00000    0.00000    0.00000    -0.05263   0.19834    3.33219    -1.04116   10.85927   32.07996
G-C        0.00000    0.00000    0.00000    0.00000    0.00000    0.00000    0.13524    -0.43940   3.33892    1.08548    8.05473    31.51312
G-C        0.00000    0.00000    0.00000    0.00000    0.00000    0.00000    0.23143    -0.44314   3.34836    2.34676    7.10093    31.85100
A-T        0.00000    0.00000    0.00000    0.00000    0.00000    0.00000    0.13565    -0.14458   3.27759    2.10303    2.41288    35.80303
T-A        0.00000    0.00000    0.00000    0.00000    0.00000    0.00000    0.00261    -0.70069   3.23398    0.95484    -0.87306   30.67536
C-G        0.00000    0.00000    0.00000    0.00000    0.00000    0.00000    0.08855    -0.13360   3.29007    1.04189    -0.31246   36.62022
C-G        0.00000    0.00000    0.00000    0.00000    0.00000    0.00000    -0.02592   -0.29095   3.36838    -0.18876   2.38370    33.59824
G-C        0.00000    0.00000    0.00000    0.00000    0.00000    0.00000    -0.17044   0.46437    3.31254    -2.13455   3.73020    34.63672
C-G        0.00000    0.00000    0.00000    0.00000    0.00000    0.00000    -0.14301   -0.42099   3.28566    -1.78191   2.13678    33.03494
T-A        0.00000    0.00000    0.00000    0.00000    0.00000    0.00000    0.01235    -0.32917   3.28687    -1.45196   4.20470    31.28239
T-A        0.00000    0.00000    0.00000    0.00000    0.00000    0.00000    -0.02712   -0.25202   3.22076    -0.91693   2.25604    33.67171
T-A        0.00000    0.00000    0.00000    0.00000    0.00000    0.00000    -0.00746   -0.24932   3.21763    -0.33065   2.92574    33.42203
A-T        0.00000    0.00000    0.00000    0.00000    0.00000    0.00000    0.05465    -0.34293   3.31745    0.58876    9.46511    32.29178
A-T        0.00000    0.00000    0.00000    0.00000    0.00000    0.00000    0.05017    -0.27675   3.22448    0.94774    1.69262    33.82671
C-G        0.00000    0.00000    0.00000    0.00000    0.00000    0.00000    0.02620    -0.66242   3.24723    1.28164    1.99393    31.16784
A-T        0.00000    0.00000    0.00000    0.00000    0.00000    0.00000    -0.00859   0.12837    3.32041    1.41642    4.91494    34.52454
C-G        0.00000    0.00000    0.00000    0.00000    0.00000    0.00000    -0.00854   -0.64504   3.27421    0.67199    0.53537    31.73453
T-A        0.00000    0.00000    0.00000    0.00000    0.00000    0.00000    0.01096    -0.33407   3.30422    0.31120    1.93073    32.14002
T-A        0.00000    0.00000    0.00000    0.00000    0.00000    0.00000    -0.04672   -0.30027   3.24147    -0.45630   -1.79454   35.15289
T-A        0.00000    0.00000    0.00000    0.00000    0.00000    0.00000    -0.04270   -0.28231   3.23702    -0.78145   -0.77528   34.88817
A-T        0.00000    0.00000    0.00000    0.00000    0.00000    0.00000    -0.02602   0.12423    3.33192    -1.08188   3.62404    36.13843
T-A        0.00000    0.00000    0.00000    0.00000    0.00000    0.00000    0.01402    -0.67964   3.20933    -0.40359   1.06458    30.05236
G-C        0.00000    0.00000    0.00000    0.00000    0.00000    0.00000    0.08434    0.03183    3.33965    -0.43600   7.72191    33.55077
C-G        0.00000    0.00000    0.00000    0.00000    0.00000    0.00000    0.04138    -0.49179   3.26613    0.30576    3.80491    32.51455
T-A        0.00000    0.00000    0.00000    0.00000    0.00000    0.00000    0.04352    -0.37161   3.28853    1.09124    4.63719    31.34494
T-A        0.00000    0.00000    0.00000    0.00000    0.00000    0.00000    -0.01284   -0.28991   3.23211    0.57131    0.35389    34.38947
C-G        0.00000    0.00000    0.00000    0.00000    0.00000    0.00000    0.06424    -0.13021   3.27433    0.79281    1.75114    35.86973
C-G        0.00000    0.00000    0.00000    0.00000    0.00000    0.00000    0.03190    -0.32656   3.36066    0.60854    4.21957    33.01163
G-C        0.00000    0.00000    0.00000    0.00000    0.00000    0.00000    -0.00373   0.41521    3.32225    0.23081    5.14703    34.24907
G-C        0.00000    0.00000    0.00000    0.00000    0.00000    0.00000    -0.05011   -0.29145   3.35764    -0.31266   4.01380    33.13121
C-G        0.00000    0.00000    0.00000    0.00000    0.00000    0.00000    -0.02490   -0.42336   3.28899    -0.43471   2.17172    33.15579
T-A        0.00000    0.00000    0.00000    0.00000    0.00000    0.00000    0.05011    -0.32963   3.29720    -0.28605   3.31072    31.77758
C-G        0.00000    0.00000    0.00000    0.00000    0.00000    0.00000    0.00443    -0.12553   3.27362    -0.48785   2.15106    35.78963
G-C        0.00000    0.00000    0.00000    0.00000    0.00000    0.00000    -0.03462   0.29293    3.32964    -0.79945   7.33240    33.36217
T-A        0.00000    0.00000    0.00000    0.00000    0.00000    0.00000    0.01053    -0.65682   3.23783    -0.40917   2.44584    31.13156
A-T        0.00000    0.00000    0.00000    0.00000    0.00000    0.00000    -0.00636   -0.13834   3.33020    0.00482    5.96332    34.44525
T-A        0.00000    0.00000    0.00000    0.00000    0.00000    0.00000    -0.01167   -0.68830   3.21253    0.14989    0.88689    30.04480
A-T        0.00000    0.00000    0.00000    0.00000    0.00000    0.00000    -0.01146   -0.01020   3.33135    0.49739    4.68372    35.29556
A-T        0.00000    0.00000    0.00000    0.00000    0.00000    0.00000    0.01785    -0.27875   3.23287    0.49466    0.14301    34.50588
T-A        0.00000    0.00000    0.00000    0.00000    0.00000    0.00000    -0.00633   -0.68516   3.22328    0.32175    -0.10298   30.39152
G-C        0.00000    0.00000    0.00000    0.00000    0.00000    0.00000    0.08538    0.24674    3.31403    0.47138    4.72443    34.99093
T-A        0.00000    0.00000    0.00000    0.00000    0.00000    0.00000    0.01541    -0.62881   3.26392    -0.07440   0.92673    31.64424
G-C        0.00000    0.00000    0.00000    0.00000    0.00000    0.00000    0.07030    0.21654    3.31546    -0.30451   4.47990    34.97056
T-A        0.00000    0.00000    0.00000    0.00000    0.00000    0.00000    0.01212    -0.64716   3.26186    -0.67038   1.20017    31.53004
C-G        0.00000    0.00000    0.00000    0.00000    0.00000    0.00000    -0.02191   -0.14190   3.27711    -0.78376   1.90026    35.81147
G-C        0.00000    0.00000    0.00000    0.00000    0.00000    0.00000    -0.10628   0.26983    3.32882    -1.53760   7.46841    33.20962
A-T        0.00000    0.00000    0.00000    0.00000    0.00000    0.00000    -0.07716   -0.13881   3.25911    -0.65410   3.26499    35.15083
C-G        0.00000    0.00000    0.00000    0.00000    0.00000    0.00000    -0.03811   -0.65054   3.22289    0.17684    3.03408    30.86308
C-G        0.00000    0.00000    0.00000    0.00000    0.00000    0.00000    0.01391    -0.37820   3.34735    0.55596    6.34011    32.12963
A-T        0.00000    0.00000    0.00000    0.00000    0.00000    0.00000    -0.02592   0.10460    3.33088    1.26590    6.90614    33.82547
A-T        0.00000    0.00000    0.00000    0.00000    0.00000    0.00000    0.04103    -0.27574   3.23372    0.91079    -0.15260   34.63003
A-T        0.00000    0.00000    0.00000    0.00000    0.00000    0.00000    0.04895    -0.29537   3.23925    0.70071    -1.40195   34.97312
T-A        0.00000    0.00000    0.00000    0.00000    0.00000    0.00000    0.01900    -0.69519   3.23682    0.21088    -1.25637   30.70743
G-C        0.00000    0.00000    0.00000    0.00000    0.00000    0.00000    -0.26900   -1.09600   3.26800    0.65200    -9.99900   39.98200
T-A        0.00000    0.00000    0.00000    0.00000    0.00000    0.00000    -0.92800   -1.59400   3.28000    -2.06300   -8.64800   31.95400
G-C        0.00000    0.00000    0.00000    0.00000    0.00000    0.00000    -0.32200   -0.59400   3.18100    -1.65300   -0.34900   39.42200
A-T        0.00000    0.00000    0.00000    0.00000    0.00000    0.00000    0.12100    -0.98300   3.10600    2.86200    -6.40900   31.81400
G-C        0.00000    0.00000    0.00000    0.00000    0.00000    0.00000    0.96000    -0.48300   2.89500    -0.86600   -7.57100   33.58100
C-G        0.00000    0.00000    0.00000    0.00000    0.00000    0.00000    -0.71700   -0.08600   3.08700    11.68200   -4.89500   33.31200
G-C        0.00000    0.00000    0.00000    0.00000    0.00000    0.00000    -0.04900   1.55200    5.41000    -0.16800   60.11300   13.23400
C-G        0.00000    0.00000    0.00000    0.00000    0.00000    0.00000    0.67500    -0.12400   3.12600    -12.51800  -5.62800   33.19300
T-A        0.00000    0.00000    0.00000    0.00000    0.00000    0.00000    -0.92900   -0.52900   2.87800    1.16500    -8.56500   33.47300
C-G        0.00000    0.00000    0.00000    0.00000    0.00000    0.00000    -0.13400   -1.01700   3.04900    -2.60200   -6.08500   32.11200
A-T        0.00000    0.00000    0.00000    0.00000    0.00000    0.00000    0.37700    -0.59600   3.22500    2.12500    -0.60700   39.45000
C-G        0.00000    0.00000    0.00000    0.00000    0.00000    0.00000    0.90500    -1.56500   3.20700    2.32500    -8.21100   32.16300
A-T        0.00000    0.00000    0.00000    0.00000    0.00000    0.00000    0.52800    -0.91200   3.45700    1.68300    -11.71700  37.47400
