147 # base pairs
  0 # ***local base-pair & step parameters***
#          Shear      Stretch    Stagger    Buckle     Prop-Tw    Opening    Shift      Slide      Rise       Tilt       Roll       Twist
A-T        0.00000    0.00000    0.00000    0.00000    0.00000    0.00000    0.00000    0.00000    0.00000    0.00000    0.00000    0.00000
G-C        0.00000    0.00000    0.00000    0.00000    0.00000    0.00000    -0.27000   -1.09500   3.26900    0.65500    -9.99300   39.97500
T-A        0.00000    0.00000    0.00000    0.00000    0.00000    0.00000    -0.92900   -1.59400   3.27900    -2.06900   -8.63400   31.93800
G-C        0.00000    0.00000    0.00000    0.00000    0.00000    0.00000    -0.32200   -0.59300   3.18200    -1.66400   -0.37500   39.43600
A-T        0.00000    0.00000    0.00000    0.00000    0.00000    0.00000    0.12100    -0.98400   3.10400    2.85800    -6.38900   31.82300
G-C        0.00000    0.00000    0.00000    0.00000    0.00000    0.00000    0.96000    -0.48500   2.89700    -0.88500   -7.59600   33.57900
C-G        0.00000    0.00000    0.00000    0.00000    0.00000    0.00000    -0.71600   -0.08700   3.08600    11.71000   -4.91700   33.30600
G-C        0.00000    0.00000    0.00000    0.00000    0.00000    0.00000    -0.04800   1.55200    5.41100    -0.14600   60.13700   13.20200
C-G        0.00000    0.00000    0.00000    0.00000    0.00000    0.00000    0.67500    -0.12200   3.12500    -12.51800  -5.63900   33.20600
T-A        0.00000    0.00000    0.00000    0.00000    0.00000    0.00000    -0.92700   -0.52800   2.87800    1.16700    -8.56000   33.49500
C-G        0.00000    0.00000    0.00000    0.00000    0.00000    0.00000    -0.13300   -1.01700   3.05000    -2.61000   -6.08100   32.11700
A-T        0.00000    0.00000    0.00000    0.00000    0.00000    0.00000    0.37700    -0.59600   3.22400    2.15400    -0.57500   39.43500
C-G        0.00000    0.00000    0.00000    0.00000    0.00000    0.00000    0.90400    -1.56500   3.20800    2.29400    -8.21000   32.14300
A-T        0.00000    0.00000    0.00000    0.00000    0.00000    0.00000    0.52900    -0.91300   3.45700    1.67600    -11.72600  37.48400
A-T        0.00000    0.00000    0.00000    0.00000    0.00000    0.00000    -0.05209   -0.13168   3.23827    -0.20817   2.11990    34.61232
T-A        0.00000    0.00000    0.00000    0.00000    0.00000    0.00000    -0.00137   -0.77157   3.29949    0.11362    -2.03229   32.31629
T-A        0.00000    0.00000    0.00000    0.00000    0.00000    0.00000    -0.01281   -0.41475   3.26100    0.41748    -2.13711   35.73089
T-A        0.00000    0.00000    0.00000    0.00000    0.00000    0.00000    -0.04426   -0.26665   3.22676    0.07921    0.68157    33.78566
A-T        0.00000    0.00000    0.00000    0.00000    0.00000    0.00000    0.01563    0.21489    3.33262    -0.02722   2.95619    34.94390
T-A        0.00000    0.00000    0.00000    0.00000    0.00000    0.00000    -0.05951   -0.69756   3.24798    -0.10771   -1.39133   30.80353
T-A        0.00000    0.00000    0.00000    0.00000    0.00000    0.00000    -0.01443   -0.30307   3.25798    0.46945    -0.59737   34.48713
C-G        0.00000    0.00000    0.00000    0.00000    0.00000    0.00000    -0.01759   -0.05298   3.27860    0.11870    1.87983    35.18239
G-C        0.00000    0.00000    0.00000    0.00000    0.00000    0.00000    -0.00221   0.58009    3.31655    -0.73208   8.39668    33.35862
C-G        0.00000    0.00000    0.00000    0.00000    0.00000    0.00000    -0.12330   -0.41445   3.23723    -1.28102   3.25691    31.25884
A-T        0.00000    0.00000    0.00000    0.00000    0.00000    0.00000    -0.15107   0.25736    3.26180    -1.36725   5.33978    33.16724
A-T        0.00000    0.00000    0.00000    0.00000    0.00000    0.00000    0.03557    -0.22316   3.26759    0.05763    1.22760    33.56933
A-T        0.00000    0.00000    0.00000    0.00000    0.00000    0.00000    -0.05380   -0.41619   3.22118    -0.14959   0.08920    34.26908
G-C        0.00000    0.00000    0.00000    0.00000    0.00000    0.00000    -0.01760   -0.52561   3.32361    0.74987    4.43100    31.11000
G-C        0.00000    0.00000    0.00000    0.00000    0.00000    0.00000    0.04925    -0.44582   3.41582    0.20159    5.22970    33.34784
C-G        0.00000    0.00000    0.00000    0.00000    0.00000    0.00000    0.11152    -0.43706   3.23456    1.10187    3.47764    32.58134
C-G        0.00000    0.00000    0.00000    0.00000    0.00000    0.00000    -0.19327   -0.30278   3.32907    0.54758    4.11642    33.22771
G-C        0.00000    0.00000    0.00000    0.00000    0.00000    0.00000    0.13847    0.29672    3.03832    1.31652    5.13953    30.11441
G-C        0.00000    0.00000    0.00000    0.00000    0.00000    0.00000    0.39022    -0.31317   3.35097    1.44978    2.77740    33.22510
C-G        0.00000    0.00000    0.00000    0.00000    0.00000    0.00000    -0.01146   -0.37790   3.24753    -0.32095   1.88486    33.17429
C-G        0.00000    0.00000    0.00000    0.00000    0.00000    0.00000    0.17054    -0.41254   3.37012    -0.83302   2.90702    33.37731
C-G        0.00000    0.00000    0.00000    0.00000    0.00000    0.00000    -0.07170   -0.37820   3.34514    -0.75158   3.41984    32.40249
G-C        0.00000    0.00000    0.00000    0.00000    0.00000    0.00000    -0.35583   0.62300    3.23797    -2.68698   5.75486    32.06935
A-T        0.00000    0.00000    0.00000    0.00000    0.00000    0.00000    -0.19216   -0.06783   3.13402    -1.89187   1.00802    34.76098
C-G        0.00000    0.00000    0.00000    0.00000    0.00000    0.00000    0.10512    -0.49253   3.13964    0.05714    4.43635    30.15834
A-T        0.00000    0.00000    0.00000    0.00000    0.00000    0.00000    -0.00182   -0.15758   3.32506    0.75086    7.78813    32.49722
C-G        0.00000    0.00000    0.00000    0.00000    0.00000    0.00000    0.22302    -0.51793   3.23649    1.03266    3.47546    30.05467
G-C        0.00000    0.00000    0.00000    0.00000    0.00000    0.00000    0.14395    0.46544    3.28412    3.65513    3.97997    35.05867
A-T        0.00000    0.00000    0.00000    0.00000    0.00000    0.00000    0.02158    -0.06372   3.17590    0.33026    -0.72596   35.90957
C-G        0.00000    0.00000    0.00000    0.00000    0.00000    0.00000    0.05042    -0.66234   3.26557    0.49330    0.85501    31.75000
T-A        0.00000    0.00000    0.00000    0.00000    0.00000    0.00000    0.13931    -0.82734   3.55466    -0.90026   -1.13737   33.19174
T-A        0.00000    0.00000    0.00000    0.00000    0.00000    0.00000    -0.10028   -0.48296   3.22092    -1.80767   -2.48456   30.86278
A-T        0.00000    0.00000    0.00000    0.00000    0.00000    0.00000    -0.07924   -0.22516   3.30320    -1.77485   6.16845    32.79728
C-G        0.00000    0.00000    0.00000    0.00000    0.00000    0.00000    -0.18824   -0.68894   3.19064    -1.20679   3.55386    30.81444
T-A        0.00000    0.00000    0.00000    0.00000    0.00000    0.00000    -0.09275   -0.49722   3.30104    0.32850    6.38880    30.52212
G-C        0.00000    0.00000    0.00000    0.00000    0.00000    0.00000    0.10966    -0.21218   3.42401    0.29145    12.25494   31.85889
T-A        0.00000    0.00000    0.00000    0.00000    0.00000    0.00000    0.01949    -0.71247   3.23411    1.37724    3.44284    29.72988
T-A        0.00000    0.00000    0.00000    0.00000    0.00000    0.00000    0.03341    -0.20111   3.23480    1.07905    1.92092    34.24352
C-G        0.00000    0.00000    0.00000    0.00000    0.00000    0.00000    0.42791    0.30940    3.21655    3.89986    1.83408    34.77847
A-T        0.00000    0.00000    0.00000    0.00000    0.00000    0.00000    -0.25501   -0.31668   3.35282    4.37436    5.55379    31.32838
T-A        0.00000    0.00000    0.00000    0.00000    0.00000    0.00000    0.02425    -0.52672   3.22820    0.24648    -0.46510   30.12272
G-C        0.00000    0.00000    0.00000    0.00000    0.00000    0.00000    -0.09832   -0.30863   3.36921    -2.27198   -1.06039   36.53569
T-A        0.00000    0.00000    0.00000    0.00000    0.00000    0.00000    -0.07721   -0.65738   3.30111    -2.16237   -1.47479   32.39300
T-A        0.00000    0.00000    0.00000    0.00000    0.00000    0.00000    -0.01516   -0.24508   3.15943    -2.28111   1.86732    33.08750
A-T        0.00000    0.00000    0.00000    0.00000    0.00000    0.00000    -0.04633   0.02441    3.26353    -2.84171   8.23429    30.61700
T-A        0.00000    0.00000    0.00000    0.00000    0.00000    0.00000    -0.01285   -0.74710   3.12138    -0.93442   2.13640    28.92270
A-T        0.00000    0.00000    0.00000    0.00000    0.00000    0.00000    -0.02775   -0.06818   3.20780    0.61743    13.04580   27.29138
A-T        0.00000    0.00000    0.00000    0.00000    0.00000    0.00000    -0.02509   -0.24131   3.10140    1.67689    6.96784    30.40887
C-G        0.00000    0.00000    0.00000    0.00000    0.00000    0.00000    0.16462    -0.80844   3.30191    1.60205    2.53617    31.90469
G-C        0.00000    0.00000    0.00000    0.00000    0.00000    0.00000    0.34969    0.32096    3.24714    5.63949    5.61141    34.11016
G-C        0.00000    0.00000    0.00000    0.00000    0.00000    0.00000    0.35628    -0.15935   3.27547    3.01735    4.91613    31.52092
A-T        0.00000    0.00000    0.00000    0.00000    0.00000    0.00000    -0.07208   -0.26546   3.38068    0.19811    -3.09083   37.42736
A-T        0.00000    0.00000    0.00000    0.00000    0.00000    0.00000    -0.03332   -0.28391   3.21580    -0.71721   -1.43492   34.95362
G-C        0.00000    0.00000    0.00000    0.00000    0.00000    0.00000    0.00906    -0.43393   3.35193    -1.28460   0.93357    33.33872
G-C        0.00000    0.00000    0.00000    0.00000    0.00000    0.00000    -0.13070   -0.83345   3.48275    -2.78931   4.50339    31.96247
T-A        0.00000    0.00000    0.00000    0.00000    0.00000    0.00000    0.00158    -0.42784   3.18227    -2.13962   3.05884    30.23723
A-T        0.00000    0.00000    0.00000    0.00000    0.00000    0.00000    -0.02548   -0.78240   3.39894    -0.92687   11.04445   32.17086
T-A        0.00000    0.00000    0.00000    0.00000    0.00000    0.00000    -0.00788   -0.66508   3.16513    0.29140    4.76552    28.41921
C-G        0.00000    0.00000    0.00000    0.00000    0.00000    0.00000    0.10663    -0.31375   3.43949    1.48455    4.83696    37.17105
T-A        0.00000    0.00000    0.00000    0.00000    0.00000    0.00000    0.09833    -0.29343   3.24641    2.14841    5.22836    31.02919
C-G        0.00000    0.00000    0.00000    0.00000    0.00000    0.00000    0.46863    0.37564    3.17173    6.12807    2.56142    35.25143
G-C        0.00000    0.00000    0.00000    0.00000    0.00000    0.00000    0.09959    0.62265    3.20151    3.61100    1.71997    32.76018
A-T        0.00000    0.00000    0.00000    0.00000    0.00000    0.00000    -0.07856   0.17846    3.31243    -0.09050   -1.36405   37.43439
G-C        0.00000    0.00000    0.00000    0.00000    0.00000    0.00000    -0.06506   -0.08976   3.28335    -2.24580   -1.57865   32.66716
C-G        0.00000    0.00000    0.00000    0.00000    0.00000    0.00000    -0.13493   -0.44457   3.39951    -1.97356   1.25731    35.77265
T-A        0.00000    0.00000    0.00000    0.00000    0.00000    0.00000    -0.09242   -0.31776   3.31044    -2.51287   3.66448    30.75733
C-G        0.00000    0.00000    0.00000    0.00000    0.00000    0.00000    -0.08793   -0.14380   3.36023    -1.58031   4.16295    33.83906
G-C        0.00000    0.00000    0.00000    0.00000    0.00000    0.00000    0.22642    0.37509    3.17806    0.02126    7.84546    30.88936
G-C        0.00000    0.00000    0.00000    0.00000    0.00000    0.00000    0.07467    -0.32708   3.30828    -0.34279   6.06441    32.18359
G-C        0.00000    0.00000    0.00000    0.00000    0.00000    0.00000    0.19354    -0.39110   3.34964    2.32442    7.67429    32.06611
A-T        0.00000    0.00000    0.00000    0.00000    0.00000    0.00000    0.00302    -0.26494   3.29858    1.75643    1.31154    35.95920
T-A        0.00000    0.00000    0.00000    0.00000    0.00000    0.00000    0.01366    -0.63109   3.24909    0.85393    0.52268    31.24003
C-G        0.00000    0.00000    0.00000    0.00000    0.00000    0.00000    0.08316    -0.31023   3.34921    0.50065    -1.41485   37.21794
C-G        0.00000    0.00000    0.00000    0.00000    0.00000    0.00000    -0.07634   -0.19698   3.28897    -0.51270   3.91608    31.71237
G-C        0.00000    0.00000    0.00000    0.00000    0.00000    0.00000    -0.03429   0.46700    3.24922    -1.46434   4.32419    34.19546
C-G        0.00000    0.00000    0.00000    0.00000    0.00000    0.00000    -0.17875   -0.50382   3.41975    -2.15891   0.92858    34.87565
T-A        0.00000    0.00000    0.00000    0.00000    0.00000    0.00000    -0.09297   -0.44674   3.39747    -0.85004   3.10360    33.94067
T-A        0.00000    0.00000    0.00000    0.00000    0.00000    0.00000    0.05250    -0.41065   3.21053    -1.00068   1.38225    34.00944
T-A        0.00000    0.00000    0.00000    0.00000    0.00000    0.00000    -0.00844   -0.15978   3.21438    -0.33502   4.25802    33.17897
A-T        0.00000    0.00000    0.00000    0.00000    0.00000    0.00000    0.08534    -0.03687   3.35454    0.69078    9.96047    33.49204
A-T        0.00000    0.00000    0.00000    0.00000    0.00000    0.00000    0.01349    -0.24261   3.14797    1.26483    3.37765    32.42916
C-G        0.00000    0.00000    0.00000    0.00000    0.00000    0.00000    0.04656    -0.69076   3.28015    1.36122    0.34158    31.62130
A-T        0.00000    0.00000    0.00000    0.00000    0.00000    0.00000    0.08721    -0.11988   3.34128    0.59195    3.72454    34.91587
C-G        0.00000    0.00000    0.00000    0.00000    0.00000    0.00000    0.04751    -0.71315   3.32087    0.34105    0.45893    31.51947
T-A        0.00000    0.00000    0.00000    0.00000    0.00000    0.00000    0.08916    -0.78447   3.55291    -0.41444   -0.06032   33.80743
T-A        0.00000    0.00000    0.00000    0.00000    0.00000    0.00000    0.03385    -0.39222   3.23576    -0.15123   -2.48360   35.44048
T-A        0.00000    0.00000    0.00000    0.00000    0.00000    0.00000    -0.05059   -0.26896   3.24731    -0.70562   -0.42037   34.60431
A-T        0.00000    0.00000    0.00000    0.00000    0.00000    0.00000    0.01093    0.23933    3.32991    -1.60590   3.70210    35.08256
T-A        0.00000    0.00000    0.00000    0.00000    0.00000    0.00000    0.05880    -0.73529   3.14701    -0.56740   3.37223    27.77528
G-C        0.00000    0.00000    0.00000    0.00000    0.00000    0.00000    0.01589    -0.26918   3.32943    0.29416    6.53575    36.97707
C-G        0.00000    0.00000    0.00000    0.00000    0.00000    0.00000    0.26776    -0.46080   3.22580    -0.67583   3.88162    32.47929
T-A        0.00000    0.00000    0.00000    0.00000    0.00000    0.00000    0.28483    -0.46759   3.42918    2.93936    2.25484    34.18273
T-A        0.00000    0.00000    0.00000    0.00000    0.00000    0.00000    -0.01092   -0.25457   3.19755    1.04111    2.68740    33.79316
C-G        0.00000    0.00000    0.00000    0.00000    0.00000    0.00000    0.09372    -0.24906   3.32536    0.74330    1.35685    35.46116
C-G        0.00000    0.00000    0.00000    0.00000    0.00000    0.00000    -0.11196   -0.19955   3.28235    -0.45113   5.29433    31.49801
G-C        0.00000    0.00000    0.00000    0.00000    0.00000    0.00000    -0.04807   0.31548    3.05332    -0.16037   5.06762    30.68931
G-C        0.00000    0.00000    0.00000    0.00000    0.00000    0.00000    0.24429    -0.27515   3.34185    0.18648    3.48465    33.65881
C-G        0.00000    0.00000    0.00000    0.00000    0.00000    0.00000    0.09082    -0.58404   3.29690    -0.61323   2.22295    33.17960
T-A        0.00000    0.00000    0.00000    0.00000    0.00000    0.00000    -0.02714   -0.26159   3.30221    -0.35425   2.73077    31.31194
C-G        0.00000    0.00000    0.00000    0.00000    0.00000    0.00000    0.08412    0.02732    3.31256    0.50693    2.73246    34.90817
G-C        0.00000    0.00000    0.00000    0.00000    0.00000    0.00000    -0.00022   0.46756    3.29177    -0.81850   5.15194    34.92852
T-A        0.00000    0.00000    0.00000    0.00000    0.00000    0.00000    0.24439    -0.67967   3.22369    -0.30242   3.20514    31.71873
A-T        0.00000    0.00000    0.00000    0.00000    0.00000    0.00000    0.01427    -0.63837   3.38247    0.65221    5.97594    33.97887
T-A        0.00000    0.00000    0.00000    0.00000    0.00000    0.00000    -0.01547   -0.73056   3.16581    0.30297    -0.17272   29.80771
A-T        0.00000    0.00000    0.00000    0.00000    0.00000    0.00000    -0.03658   0.17199    3.34752    0.96430    2.83637    35.65228
A-T        0.00000    0.00000    0.00000    0.00000    0.00000    0.00000    -0.01133   -0.35399   3.22151    0.38271    1.08608    34.12546
T-A        0.00000    0.00000    0.00000    0.00000    0.00000    0.00000    -0.00192   -0.68883   3.26776    0.38051    -0.38508   31.15283
G-C        0.00000    0.00000    0.00000    0.00000    0.00000    0.00000    -0.02510   -0.21883   3.41738    -0.55780   3.58849    35.98721
T-A        0.00000    0.00000    0.00000    0.00000    0.00000    0.00000    0.03958    -0.49638   3.24102    0.01934    0.38292    29.97146
G-C        0.00000    0.00000    0.00000    0.00000    0.00000    0.00000    -0.01674   -0.08320   3.33496    0.31461    3.98970    34.97253
T-A        0.00000    0.00000    0.00000    0.00000    0.00000    0.00000    -0.09432   -0.52974   3.17723    -0.48574   2.31583    31.03376
C-G        0.00000    0.00000    0.00000    0.00000    0.00000    0.00000    0.06186    -0.07083   3.16862    0.38505    0.10604    35.68707
G-C        0.00000    0.00000    0.00000    0.00000    0.00000    0.00000    -0.03406   0.41392    3.26559    -1.24221   10.29549   29.80886
A-T        0.00000    0.00000    0.00000    0.00000    0.00000    0.00000    -0.14049   -0.06859   3.15184    -1.34624   0.54323    35.31528
C-G        0.00000    0.00000    0.00000    0.00000    0.00000    0.00000    -0.13956   -0.80497   3.19525    0.04753    3.09094    31.49996
C-G        0.00000    0.00000    0.00000    0.00000    0.00000    0.00000    0.17833    -0.58516   3.36543    0.94146    7.43898    30.68520
A-T        0.00000    0.00000    0.00000    0.00000    0.00000    0.00000    0.10514    0.55224    3.30768    0.35341    7.34030    33.44924
A-T        0.00000    0.00000    0.00000    0.00000    0.00000    0.00000    0.10244    -0.20035   3.27429    0.96029    0.31047    34.58354
A-T        0.00000    0.00000    0.00000    0.00000    0.00000    0.00000    0.00946    -0.39808   3.25910    0.28737    -3.09408   36.22888
T-A        0.00000    0.00000    0.00000    0.00000    0.00000    0.00000    0.02735    -0.71683   3.27385    0.27643    -1.17079   31.31083
G-C        0.00000    0.00000    0.00000    0.00000    0.00000    0.00000    -0.26900   -1.09600   3.26800    0.65200    -9.99900   39.98200
T-A        0.00000    0.00000    0.00000    0.00000    0.00000    0.00000    -0.92800   -1.59400   3.28000    -2.06300   -8.64800   31.95400
G-C        0.00000    0.00000    0.00000    0.00000    0.00000    0.00000    -0.32200   -0.59400   3.18100    -1.65300   -0.34900   39.42200
A-T        0.00000    0.00000    0.00000    0.00000    0.00000    0.00000    0.12100    -0.98300   3.10600    2.86200    -6.40900   31.81400
G-C        0.00000    0.00000    0.00000    0.00000    0.00000    0.00000    0.96000    -0.48300   2.89500    -0.86600   -7.57100   33.58100
C-G        0.00000    0.00000    0.00000    0.00000    0.00000    0.00000    -0.71700   -0.08600   3.08700    11.68200   -4.89500   33.31200
G-C        0.00000    0.00000    0.00000    0.00000    0.00000    0.00000    -0.04900   1.55200    5.41000    -0.16800   60.11300   13.23400
C-G        0.00000    0.00000    0.00000    0.00000    0.00000    0.00000    0.67500    -0.12400   3.12600    -12.51800  -5.62800   33.19300
T-A        0.00000    0.00000    0.00000    0.00000    0.00000    0.00000    -0.92900   -0.52900   2.87800    1.16500    -8.56500   33.47300
C-G        0.00000    0.00000    0.00000    0.00000    0.00000    0.00000    -0.13400   -1.01700   3.04900    -2.60200   -6.08500   32.11200
A-T        0.00000    0.00000    0.00000    0.00000    0.00000    0.00000    0.37700    -0.59600   3.22500    2.12500    -0.60700   39.45000
C-G        0.00000    0.00000    0.00000    0.00000    0.00000    0.00000    0.90500    -1.56500   3.20700    2.32500    -8.21100   32.16300
A-T        0.00000    0.00000    0.00000    0.00000    0.00000    0.00000    0.52800    -0.91200   3.45700    1.68300    -11.71700  37.47400
