147 # base pairs
  0 # ***local base-pair & step parameters***
#          Shear      Stretch    Stagger    Buckle     Prop-Tw    Opening    Shift      Slide      Rise       Tilt       Roll       Twist
A-T        0.00000    0.00000    0.00000    0.00000    0.00000    0.00000    0.00000    0.00000    0.00000    0.00000    0.00000    0.00000
G-C        0.00000    0.00000    0.00000    0.00000    0.00000    0.00000    -0.27000   -1.09500   3.26900    0.65500    -9.99300   39.97500
T-A        0.00000    0.00000    0.00000    0.00000    0.00000    0.00000    -0.92900   -1.59400   3.27900    -2.06900   -8.63400   31.93800
G-C        0.00000    0.00000    0.00000    0.00000    0.00000    0.00000    -0.32200   -0.59300   3.18200    -1.66400   -0.37500   39.43600
A-T        0.00000    0.00000    0.00000    0.00000    0.00000    0.00000    0.12100    -0.98400   3.10400    2.85800    -6.38900   31.82300
G-C        0.00000    0.00000    0.00000    0.00000    0.00000    0.00000    0.96000    -0.48500   2.89700    -0.88500   -7.59600   33.57900
C-G        0.00000    0.00000    0.00000    0.00000    0.00000    0.00000    -0.71600   -0.08700   3.08600    11.71000   -4.91700   33.30600
G-C        0.00000    0.00000    0.00000    0.00000    0.00000    0.00000    -0.04800   1.55200    5.41100    -0.14600   60.13700   13.20200
C-G        0.00000    0.00000    0.00000    0.00000    0.00000    0.00000    0.67500    -0.12200   3.12500    -12.51800  -5.63900   33.20600
T-A        0.00000    0.00000    0.00000    0.00000    0.00000    0.00000    -0.92700   -0.52800   2.87800    1.16700    -8.56000   33.49500
C-G        0.00000    0.00000    0.00000    0.00000    0.00000    0.00000    -0.13300   -1.01700   3.05000    -2.61000   -6.08100   32.11700
A-T        0.00000    0.00000    0.00000    0.00000    0.00000    0.00000    0.37700    -0.59600   3.22400    2.15400    -0.57500   39.43500
C-G        0.00000    0.00000    0.00000    0.00000    0.00000    0.00000    0.90400    -1.56500   3.20800    2.29400    -8.21000   32.14300
A-T        0.00000    0.00000    0.00000    0.00000    0.00000    0.00000    0.52900    -0.91300   3.45700    1.67600    -11.72600  37.48400
A-T        0.00000    0.00000    0.00000    0.00000    0.00000    0.00000    -0.02157   -0.25956   3.25065    -0.56664   -1.53122   36.44617
T-A        0.00000    0.00000    0.00000    0.00000    0.00000    0.00000    -0.02477   -0.67331   3.23330    -0.42281   -0.16367   31.45725
T-A        0.00000    0.00000    0.00000    0.00000    0.00000    0.00000    -0.03182   -0.21711   3.24255    -0.46550   0.27445    36.00769
T-A        0.00000    0.00000    0.00000    0.00000    0.00000    0.00000    -0.00684   -0.21362   3.24100    -0.13283   0.62211    35.90128
A-T        0.00000    0.00000    0.00000    0.00000    0.00000    0.00000    0.05943    0.32091    3.36844    0.37473    2.36075    39.25355
T-A        0.00000    0.00000    0.00000    0.00000    0.00000    0.00000    0.03006    -0.67990   3.23225    0.28738    0.03783    31.39791
T-A        0.00000    0.00000    0.00000    0.00000    0.00000    0.00000    0.01114    -0.26555   3.24877    0.39030    -0.98131   36.25964
C-G        0.00000    0.00000    0.00000    0.00000    0.00000    0.00000    0.04255    -0.12052   3.30740    0.25454    0.89457    37.60594
G-C        0.00000    0.00000    0.00000    0.00000    0.00000    0.00000    -0.05298   0.37453    3.36885    -0.48080   5.08613    35.77680
C-G        0.00000    0.00000    0.00000    0.00000    0.00000    0.00000    -0.08637   -0.44378   3.31827    -0.66700   2.20650    34.33884
A-T        0.00000    0.00000    0.00000    0.00000    0.00000    0.00000    -0.13908   0.25130    3.34791    -0.79215   5.45941    36.32176
A-T        0.00000    0.00000    0.00000    0.00000    0.00000    0.00000    -0.00683   -0.22020   3.24014    -0.18299   0.53710    35.80192
A-T        0.00000    0.00000    0.00000    0.00000    0.00000    0.00000    0.01798    -0.21339   3.23944    0.19082    0.68036    35.77870
G-C        0.00000    0.00000    0.00000    0.00000    0.00000    0.00000    0.00784    -0.29283   3.31764    0.27309    3.84868    33.26748
G-C        0.00000    0.00000    0.00000    0.00000    0.00000    0.00000    0.12464    -0.27952   3.37618    0.98368    4.52088    34.35506
C-G        0.00000    0.00000    0.00000    0.00000    0.00000    0.00000    0.08898    -0.42892   3.32347    0.66413    1.84503    34.48377
C-G        0.00000    0.00000    0.00000    0.00000    0.00000    0.00000    0.07080    -0.30165   3.38931    0.32330    3.54230    34.65082
G-C        0.00000    0.00000    0.00000    0.00000    0.00000    0.00000    -0.05804   0.37915    3.36773    -0.89897   4.75164    35.86904
G-C        0.00000    0.00000    0.00000    0.00000    0.00000    0.00000    -0.14751   -0.32061   3.38517    -1.39241   4.28124    34.35374
C-G        0.00000    0.00000    0.00000    0.00000    0.00000    0.00000    -0.12315   -0.46425   3.30587    -1.14309   2.88141    34.01899
C-G        0.00000    0.00000    0.00000    0.00000    0.00000    0.00000    -0.13872   -0.32951   3.36898    -0.97461   5.97775    33.73514
C-G        0.00000    0.00000    0.00000    0.00000    0.00000    0.00000    -0.05277   -0.29942   3.36224    -0.10911   6.28916    33.68756
G-C        0.00000    0.00000    0.00000    0.00000    0.00000    0.00000    0.07682    0.37609    3.36677    1.21875    7.91095    34.75806
A-T        0.00000    0.00000    0.00000    0.00000    0.00000    0.00000    0.09362    -0.07152   3.29536    1.29275    2.26457    37.19953
C-G        0.00000    0.00000    0.00000    0.00000    0.00000    0.00000    0.06712    -0.63448   3.28154    1.24547    1.07913    32.87845
A-T        0.00000    0.00000    0.00000    0.00000    0.00000    0.00000    0.06155    0.33706    3.33158    0.99299    3.01824    37.19733
C-G        0.00000    0.00000    0.00000    0.00000    0.00000    0.00000    0.04130    -0.64938   3.30946    0.22482    -0.23211   33.30828
G-C        0.00000    0.00000    0.00000    0.00000    0.00000    0.00000    -0.10433   0.41561    3.36004    -1.61945   3.58421    36.20041
A-T        0.00000    0.00000    0.00000    0.00000    0.00000    0.00000    -0.15910   -0.11977   3.29848    -1.72207   0.95445    37.38653
C-G        0.00000    0.00000    0.00000    0.00000    0.00000    0.00000    -0.09954   -0.64402   3.25550    -1.12004   2.18379    32.53233
T-A        0.00000    0.00000    0.00000    0.00000    0.00000    0.00000    -0.05655   -0.32606   3.30628    -0.87653   5.41912    32.64795
T-A        0.00000    0.00000    0.00000    0.00000    0.00000    0.00000    -0.04003   -0.18785   3.22625    -0.23961   3.07835    34.88828
A-T        0.00000    0.00000    0.00000    0.00000    0.00000    0.00000    0.02928    0.05158    3.34841    1.03227    7.36376    36.22456
C-G        0.00000    0.00000    0.00000    0.00000    0.00000    0.00000    0.04130    -0.63050   3.25153    1.64075    2.50553    32.46223
T-A        0.00000    0.00000    0.00000    0.00000    0.00000    0.00000    0.11422    -0.29460   3.31863    2.68950    2.93678    33.56738
G-C        0.00000    0.00000    0.00000    0.00000    0.00000    0.00000    0.19103    0.41324    3.32341    2.00046    2.15978    37.91792
T-A        0.00000    0.00000    0.00000    0.00000    0.00000    0.00000    0.04521    -0.64463   3.32314    0.12435    -0.99657   33.66833
A-T        0.00000    0.00000    0.00000    0.00000    0.00000    0.00000    -0.03442   0.79725    3.39260    -1.08026   -7.27742   44.55217
G-C        0.00000    0.00000    0.00000    0.00000    0.00000    0.00000    -0.09533   -0.33453   3.33287    -2.69911   2.09182    33.99564
G-C        0.00000    0.00000    0.00000    0.00000    0.00000    0.00000    -0.33206   -0.29086   3.37449    -3.32541   5.08926    34.32237
T-A        0.00000    0.00000    0.00000    0.00000    0.00000    0.00000    -0.06439   -0.64879   3.23454    -1.62378   3.50608    32.21410
A-T        0.00000    0.00000    0.00000    0.00000    0.00000    0.00000    -0.06509   -0.16874   3.34269    -0.65792   10.55802   34.50073
T-A        0.00000    0.00000    0.00000    0.00000    0.00000    0.00000    -0.00072   -0.64893   3.19265    0.42166    2.86368    30.44616
C-G        0.00000    0.00000    0.00000    0.00000    0.00000    0.00000    0.18052    -0.06045   3.26703    2.19057    3.87321    36.46322
T-A        0.00000    0.00000    0.00000    0.00000    0.00000    0.00000    0.12069    -0.30205   3.31204    3.34886    3.61708    33.42126
C-G        0.00000    0.00000    0.00000    0.00000    0.00000    0.00000    0.22980    -0.09639   3.30613    2.44486    -0.43170   38.03807
A-T        0.00000    0.00000    0.00000    0.00000    0.00000    0.00000    0.05021    0.42391    3.31431    0.88243    0.39904    38.38103
T-A        0.00000    0.00000    0.00000    0.00000    0.00000    0.00000    -0.00344   -0.70926   3.27196    -0.39473   -3.29551   32.46684
G-C        0.00000    0.00000    0.00000    0.00000    0.00000    0.00000    -0.11860   0.32724    3.32729    -2.37587   2.00436    37.56127
T-A        0.00000    0.00000    0.00000    0.00000    0.00000    0.00000    -0.09623   -0.65707   3.27964    -2.38738   1.35908    32.86894
T-A        0.00000    0.00000    0.00000    0.00000    0.00000    0.00000    -0.08435   -0.20071   3.23000    -1.91003   2.26474    35.34168
A-T        0.00000    0.00000    0.00000    0.00000    0.00000    0.00000    -0.07995   -0.19811   3.33991    -1.26686   11.10846   34.17801
T-A        0.00000    0.00000    0.00000    0.00000    0.00000    0.00000    0.00338    -0.64631   3.18554    0.17552    3.38278    30.23827
A-T        0.00000    0.00000    0.00000    0.00000    0.00000    0.00000    0.11013    -0.10617   3.34392    1.87834    9.57435    35.07321
A-T        0.00000    0.00000    0.00000    0.00000    0.00000    0.00000    0.09163    -0.21957   3.23596    2.10348    1.04409    35.74460
C-G        0.00000    0.00000    0.00000    0.00000    0.00000    0.00000    0.09699    -0.65642   3.29651    2.29138    0.50479    33.12568
G-C        0.00000    0.00000    0.00000    0.00000    0.00000    0.00000    0.23451    0.49981    3.35131    3.08147    1.60714    37.04097
G-C        0.00000    0.00000    0.00000    0.00000    0.00000    0.00000    -0.06048   -0.24341   3.40104    -0.31580   0.75190    35.71591
A-T        0.00000    0.00000    0.00000    0.00000    0.00000    0.00000    -0.18342   -0.11006   3.31923    -1.85646   -1.47717   38.51458
T-A        0.00000    0.00000    0.00000    0.00000    0.00000    0.00000    -0.04407   -0.68439   3.24447    -1.37044   -1.10935   31.87830
C-G        0.00000    0.00000    0.00000    0.00000    0.00000    0.00000    -0.21179   -0.07720   3.29957    -2.72045   2.70111    37.42404
G-C        0.00000    0.00000    0.00000    0.00000    0.00000    0.00000    -0.22320   0.30825    3.37590    -2.99481   9.91429    34.36738
A-T        0.00000    0.00000    0.00000    0.00000    0.00000    0.00000    0.00114    -0.05708   3.26477    -0.08364   5.30807    36.22828
G-C        0.00000    0.00000    0.00000    0.00000    0.00000    0.00000    0.05666    -0.30766   3.30109    1.10552    6.45903    32.71676
C-G        0.00000    0.00000    0.00000    0.00000    0.00000    0.00000    0.23866    -0.47559   3.29632    2.57568    3.57205    34.04266
T-A        0.00000    0.00000    0.00000    0.00000    0.00000    0.00000    0.11381    -0.32692   3.32733    3.12720    2.84926    33.90723
C-G        0.00000    0.00000    0.00000    0.00000    0.00000    0.00000    0.16410    -0.11522   3.31880    1.81038    -0.86133   38.45318
G-C        0.00000    0.00000    0.00000    0.00000    0.00000    0.00000    0.01524    0.50570    3.36048    0.47367    1.37076    37.39269
G-C        0.00000    0.00000    0.00000    0.00000    0.00000    0.00000    -0.23059   -0.22089   3.39551    -1.90642   1.67592    35.63532
G-C        0.00000    0.00000    0.00000    0.00000    0.00000    0.00000    -0.33337   -0.21042   3.38118    -3.13194   3.11322    35.14067
A-T        0.00000    0.00000    0.00000    0.00000    0.00000    0.00000    -0.20753   -0.06383   3.28412    -2.38018   2.22937    37.21061
T-A        0.00000    0.00000    0.00000    0.00000    0.00000    0.00000    -0.01308   -0.65436   3.20720    -0.79194   1.80240    30.91810
C-G        0.00000    0.00000    0.00000    0.00000    0.00000    0.00000    -0.00106   -0.06115   3.27312    -0.28143   4.54696    36.51904
C-G        0.00000    0.00000    0.00000    0.00000    0.00000    0.00000    0.15418    -0.30073   3.35982    1.38172    7.09762    33.72573
G-C        0.00000    0.00000    0.00000    0.00000    0.00000    0.00000    0.27511    0.31883    3.37809    3.30381    7.85385    35.10461
C-G        0.00000    0.00000    0.00000    0.00000    0.00000    0.00000    0.19012    -0.45112   3.32365    2.08629    2.26289    34.61927
T-A        0.00000    0.00000    0.00000    0.00000    0.00000    0.00000    0.06637    -0.33291   3.34172    1.93335    1.75149    34.31670
T-A        0.00000    0.00000    0.00000    0.00000    0.00000    0.00000    -0.02216   -0.29821   3.26282    0.42757    -3.73300   37.46087
T-A        0.00000    0.00000    0.00000    0.00000    0.00000    0.00000    -0.05423   -0.28592   3.26212    -0.33972   -3.53830   37.45031
A-T        0.00000    0.00000    0.00000    0.00000    0.00000    0.00000    -0.10907   0.73573    3.38936    -1.35038   -3.86547   43.41741
A-T        0.00000    0.00000    0.00000    0.00000    0.00000    0.00000    -0.02565   -0.21471   3.24882    -0.99966   -0.55926   36.74161
C-G        0.00000    0.00000    0.00000    0.00000    0.00000    0.00000    -0.04285   -0.61653   3.25977    -0.54935   2.30282    33.14832
A-T        0.00000    0.00000    0.00000    0.00000    0.00000    0.00000    -0.04616   0.26227    3.36499    -0.38782   6.80277    36.50439
C-G        0.00000    0.00000    0.00000    0.00000    0.00000    0.00000    0.02973    -0.63793   3.25866    0.50473    2.62421    32.99807
T-A        0.00000    0.00000    0.00000    0.00000    0.00000    0.00000    0.08242    -0.31395   3.32868    1.34853    4.17726    33.82530
T-A        0.00000    0.00000    0.00000    0.00000    0.00000    0.00000    0.02061    -0.24664   3.25046    0.74013    -0.67024   36.65286
T-A        0.00000    0.00000    0.00000    0.00000    0.00000    0.00000    0.00086    -0.26742   3.25538    0.63002    -1.76373   36.93316
A-T        0.00000    0.00000    0.00000    0.00000    0.00000    0.00000    -0.01608   0.62044    3.39353    0.29979    -3.60079   43.03166
T-A        0.00000    0.00000    0.00000    0.00000    0.00000    0.00000    -0.02751   -0.68722   3.25129    -0.12105   -1.30494   32.08537
G-C        0.00000    0.00000    0.00000    0.00000    0.00000    0.00000    -0.03722   0.35395    3.34602    -0.67470   3.79177    37.49933
C-G        0.00000    0.00000    0.00000    0.00000    0.00000    0.00000    -0.09133   -0.42329   3.32182    -0.91526   2.20761    34.70547
T-A        0.00000    0.00000    0.00000    0.00000    0.00000    0.00000    0.01401    -0.28018   3.32722    -0.30909   3.78264    33.79053
T-A        0.00000    0.00000    0.00000    0.00000    0.00000    0.00000    -0.00501   -0.20649   3.24354    -0.20519   0.55342    36.22803
C-G        0.00000    0.00000    0.00000    0.00000    0.00000    0.00000    0.06181    -0.07820   3.29886    0.33312    2.26208    37.52402
C-G        0.00000    0.00000    0.00000    0.00000    0.00000    0.00000    0.11512    -0.29161   3.38518    0.85067    4.83219    34.66490
G-C        0.00000    0.00000    0.00000    0.00000    0.00000    0.00000    0.07685    0.36557    3.38429    0.82046    5.75081    36.02235
G-C        0.00000    0.00000    0.00000    0.00000    0.00000    0.00000    0.00251    -0.31478   3.39428    0.09605    4.18906    34.87456
C-G        0.00000    0.00000    0.00000    0.00000    0.00000    0.00000    -0.03434   -0.44521   3.33047    -0.15646   2.07855    34.78609
T-A        0.00000    0.00000    0.00000    0.00000    0.00000    0.00000    -0.01910   -0.31306   3.33567    0.11239    3.14946    34.01301
C-G        0.00000    0.00000    0.00000    0.00000    0.00000    0.00000    -0.03132   -0.07482   3.30838    -0.29681   1.66647    37.86122
G-C        0.00000    0.00000    0.00000    0.00000    0.00000    0.00000    -0.02878   0.43320    3.38154    -0.16297   6.19215    35.97054
T-A        0.00000    0.00000    0.00000    0.00000    0.00000    0.00000    0.02463    -0.62235   3.27312    -0.05852   1.69516    33.20509
A-T        0.00000    0.00000    0.00000    0.00000    0.00000    0.00000    0.04931    0.53505    3.38109    0.42497    -0.15625   41.33832
T-A        0.00000    0.00000    0.00000    0.00000    0.00000    0.00000    0.02860    -0.67801   3.24117    0.22196    -0.54244   31.84253
A-T        0.00000    0.00000    0.00000    0.00000    0.00000    0.00000    0.05388    0.55358    3.38836    0.27062    -2.10281   42.18544
A-T        0.00000    0.00000    0.00000    0.00000    0.00000    0.00000    0.02333    -0.26884   3.25519    -0.13164   -1.81477   36.88614
T-A        0.00000    0.00000    0.00000    0.00000    0.00000    0.00000    -0.00847   -0.68992   3.24507    -0.26368   -0.74484   31.88776
G-C        0.00000    0.00000    0.00000    0.00000    0.00000    0.00000    -0.02671   0.22486    3.35744    -0.81328   4.93326    36.86856
T-A        0.00000    0.00000    0.00000    0.00000    0.00000    0.00000    -0.04496   -0.64688   3.27193    -0.74944   1.95733    33.04616
G-C        0.00000    0.00000    0.00000    0.00000    0.00000    0.00000    -0.00730   0.24083    3.36099    -0.36980   6.38841    36.36988
T-A        0.00000    0.00000    0.00000    0.00000    0.00000    0.00000    0.00429    -0.62295   3.25573    -0.01791   2.47533    32.89475
C-G        0.00000    0.00000    0.00000    0.00000    0.00000    0.00000    0.07690    -0.05547   3.29471    0.85125    2.34028    37.51872
G-C        0.00000    0.00000    0.00000    0.00000    0.00000    0.00000    0.17362    0.44960    3.37687    2.05874    5.66239    36.12099
A-T        0.00000    0.00000    0.00000    0.00000    0.00000    0.00000    0.08495    -0.08383   3.32001    0.99861    0.51529    38.31403
C-G        0.00000    0.00000    0.00000    0.00000    0.00000    0.00000    0.04599    -0.64734   3.30945    0.44960    0.10417    33.66796
C-G        0.00000    0.00000    0.00000    0.00000    0.00000    0.00000    0.00251    -0.29032   3.39919    -0.35324   2.92606    35.27663
A-T        0.00000    0.00000    0.00000    0.00000    0.00000    0.00000    -0.13326   0.27948    3.34714    -1.48309   3.70898    37.52476
A-T        0.00000    0.00000    0.00000    0.00000    0.00000    0.00000    -0.03283   -0.24573   3.24734    -1.03291   -0.37457   36.41290
A-T        0.00000    0.00000    0.00000    0.00000    0.00000    0.00000    -0.03386   -0.21118   3.24016    -0.71044   1.17772    36.01670
T-A        0.00000    0.00000    0.00000    0.00000    0.00000    0.00000    -0.02824   -0.65934   3.21432    -0.13360   1.55599    31.20610
G-C        0.00000    0.00000    0.00000    0.00000    0.00000    0.00000    -0.27000   -1.09600   3.26700    0.65900    -9.99400   39.97800
T-A        0.00000    0.00000    0.00000    0.00000    0.00000    0.00000    -0.92800   -1.59300   3.28000    -2.06300   -8.66200   31.96100
G-C        0.00000    0.00000    0.00000    0.00000    0.00000    0.00000    -0.32200   -0.59200   3.18200    -1.62200   -0.34400   39.42200
A-T        0.00000    0.00000    0.00000    0.00000    0.00000    0.00000    0.12100    -0.98200   3.10500    2.84700    -6.38400   31.81100
G-C        0.00000    0.00000    0.00000    0.00000    0.00000    0.00000    0.96100    -0.48300   2.89500    -0.87800   -7.57600   33.58400
C-G        0.00000    0.00000    0.00000    0.00000    0.00000    0.00000    -0.71700   -0.08600   3.08800    11.68700   -4.89500   33.31100
G-C        0.00000    0.00000    0.00000    0.00000    0.00000    0.00000    -0.05000   1.55100    5.41000    -0.16000   60.13100   13.23400
C-G        0.00000    0.00000    0.00000    0.00000    0.00000    0.00000    0.67500    -0.12400   3.12600    -12.51500  -5.65000   33.18600
T-A        0.00000    0.00000    0.00000    0.00000    0.00000    0.00000    -0.92700   -0.52800   2.87900    1.16800    -8.57300   33.49200
C-G        0.00000    0.00000    0.00000    0.00000    0.00000    0.00000    -0.13300   -1.01800   3.05000    -2.59300   -6.06700   32.11100
A-T        0.00000    0.00000    0.00000    0.00000    0.00000    0.00000    0.37600    -0.59600   3.22500    2.12800    -0.58400   39.45000
C-G        0.00000    0.00000    0.00000    0.00000    0.00000    0.00000    0.90400    -1.56500   3.20600    2.30700    -8.21000   32.14500
A-T        0.00000    0.00000    0.00000    0.00000    0.00000    0.00000    0.52900    -0.91300   3.45900    1.67500    -11.72900  37.48400
