147 # base pairs
  0 # ***local base-pair & step parameters***
#          Shear      Stretch    Stagger    Buckle     Prop-Tw    Opening    Shift      Slide      Rise       Tilt       Roll       Twist
A-T        0.00000    0.00000    0.00000    0.00000    0.00000    0.00000    0.00000    0.00000    0.00000    0.00000    0.00000    0.00000
G-C        0.00000    0.00000    0.00000    0.00000    0.00000    0.00000    -0.27000   -1.09500   3.26900    0.65500    -9.99300   39.97500
T-A        0.00000    0.00000    0.00000    0.00000    0.00000    0.00000    -0.92900   -1.59400   3.27900    -2.06900   -8.63400   31.93800
G-C        0.00000    0.00000    0.00000    0.00000    0.00000    0.00000    -0.32200   -0.59300   3.18200    -1.66400   -0.37500   39.43600
A-T        0.00000    0.00000    0.00000    0.00000    0.00000    0.00000    0.12100    -0.98400   3.10400    2.85800    -6.38900   31.82300
G-C        0.00000    0.00000    0.00000    0.00000    0.00000    0.00000    0.96000    -0.48500   2.89700    -0.88500   -7.59600   33.57900
C-G        0.00000    0.00000    0.00000    0.00000    0.00000    0.00000    -0.71600   -0.08700   3.08600    11.71000   -4.91700   33.30600
G-C        0.00000    0.00000    0.00000    0.00000    0.00000    0.00000    -0.04800   1.55200    5.41100    -0.14600   60.13700   13.20200
C-G        0.00000    0.00000    0.00000    0.00000    0.00000    0.00000    0.67500    -0.12200   3.12500    -12.51800  -5.63900   33.20600
T-A        0.00000    0.00000    0.00000    0.00000    0.00000    0.00000    -0.92700   -0.52800   2.87800    1.16700    -8.56000   33.49500
C-G        0.00000    0.00000    0.00000    0.00000    0.00000    0.00000    -0.13300   -1.01700   3.05000    -2.61000   -6.08100   32.11700
A-T        0.00000    0.00000    0.00000    0.00000    0.00000    0.00000    0.37700    -0.59600   3.22400    2.15400    -0.57500   39.43500
C-G        0.00000    0.00000    0.00000    0.00000    0.00000    0.00000    0.90400    -1.56500   3.20800    2.29400    -8.21000   32.14300
A-T        0.00000    0.00000    0.00000    0.00000    0.00000    0.00000    0.52900    -0.91300   3.45700    1.67600    -11.72600  37.48400
A-T        0.00000    0.00000    0.00000    0.00000    0.00000    0.00000    -0.04976   -0.11285   3.24617    -0.79156   -0.23258   36.99861
T-A        0.00000    0.00000    0.00000    0.00000    0.00000    0.00000    -0.02282   -0.73459   3.31981    -0.40742   -2.66636   33.80448
T-A        0.00000    0.00000    0.00000    0.00000    0.00000    0.00000    -0.00826   -0.36265   3.26794    -0.41071   -2.35916   36.93887
T-A        0.00000    0.00000    0.00000    0.00000    0.00000    0.00000    -0.00118   -0.17331   3.26969    -0.30235   0.80206    35.92057
A-T        0.00000    0.00000    0.00000    0.00000    0.00000    0.00000    0.06881    0.37242    3.42593    0.04574    0.00183    41.41449
T-A        0.00000    0.00000    0.00000    0.00000    0.00000    0.00000    -0.00411   -0.68761   3.26096    -0.16277   -1.13287   32.88230
T-A        0.00000    0.00000    0.00000    0.00000    0.00000    0.00000    0.03999    -0.23884   3.25142    1.29399    -1.51529   37.33353
C-G        0.00000    0.00000    0.00000    0.00000    0.00000    0.00000    0.02413    0.00223    3.30630    0.52798    1.32021    37.48976
G-C        0.00000    0.00000    0.00000    0.00000    0.00000    0.00000    -0.06896   0.56160    3.34922    -0.84550   8.50225    34.26345
C-G        0.00000    0.00000    0.00000    0.00000    0.00000    0.00000    -0.17423   -0.42703   3.26627    -1.28577   3.11651    32.09071
A-T        0.00000    0.00000    0.00000    0.00000    0.00000    0.00000    -0.20855   0.58119    3.30955    -1.36861   3.66585    37.41228
A-T        0.00000    0.00000    0.00000    0.00000    0.00000    0.00000    0.02473    -0.11264   3.28062    0.18856    0.97443    36.14837
A-T        0.00000    0.00000    0.00000    0.00000    0.00000    0.00000    -0.05568   -0.31833   3.24949    -0.22219   -0.62944   36.41767
G-C        0.00000    0.00000    0.00000    0.00000    0.00000    0.00000    0.01607    -0.44450   3.36178    0.47829    3.20403    33.50600
G-C        0.00000    0.00000    0.00000    0.00000    0.00000    0.00000    0.09733    -0.30010   3.44180    0.46864    3.15937    36.68776
C-G        0.00000    0.00000    0.00000    0.00000    0.00000    0.00000    0.13233    -0.34545   3.28417    0.84153    2.16556    35.22872
C-G        0.00000    0.00000    0.00000    0.00000    0.00000    0.00000    -0.22535   -0.24778   3.37550    -0.31257   2.89393    35.01780
G-C        0.00000    0.00000    0.00000    0.00000    0.00000    0.00000    -0.08349   0.33979    3.10038    -0.99861   5.04915    32.62326
G-C        0.00000    0.00000    0.00000    0.00000    0.00000    0.00000    0.08986    -0.25954   3.36363    -1.27615   3.87243    34.99490
C-G        0.00000    0.00000    0.00000    0.00000    0.00000    0.00000    -0.21962   -0.41226   3.27610    -1.60845   3.44194    34.74055
C-G        0.00000    0.00000    0.00000    0.00000    0.00000    0.00000    0.12701    -0.40318   3.38770    -0.80129   5.63148    34.39206
C-G        0.00000    0.00000    0.00000    0.00000    0.00000    0.00000    0.03323    -0.20223   3.36503    1.89118    4.77522    35.32864
G-C        0.00000    0.00000    0.00000    0.00000    0.00000    0.00000    -0.15981   0.86823    3.30549    0.01645    4.57152    34.92539
A-T        0.00000    0.00000    0.00000    0.00000    0.00000    0.00000    0.03938    -0.05192   3.20607    0.71732    0.04088    37.11011
C-G        0.00000    0.00000    0.00000    0.00000    0.00000    0.00000    0.16934    -0.51358   3.18531    1.22895    1.77016    32.56629
A-T        0.00000    0.00000    0.00000    0.00000    0.00000    0.00000    0.19671    -0.00067   3.39710    -0.02144   1.32328    38.57621
C-G        0.00000    0.00000    0.00000    0.00000    0.00000    0.00000    0.20268    -0.51486   3.32624    0.16062    0.24694    32.54592
G-C        0.00000    0.00000    0.00000    0.00000    0.00000    0.00000    -0.08080   0.48752    3.28187    -2.11329   1.52224    37.86851
A-T        0.00000    0.00000    0.00000    0.00000    0.00000    0.00000    -0.23741   -0.05480   3.16468    -2.46701   -0.21304   36.56357
C-G        0.00000    0.00000    0.00000    0.00000    0.00000    0.00000    -0.22623   -0.66668   3.21953    -0.57120   4.01673    32.71773
T-A        0.00000    0.00000    0.00000    0.00000    0.00000    0.00000    -0.05680   -0.57511   3.51114    -1.70193   6.63797    36.37793
T-A        0.00000    0.00000    0.00000    0.00000    0.00000    0.00000    0.02310    -0.03583   3.16403    -0.11606   4.55894    32.30173
A-T        0.00000    0.00000    0.00000    0.00000    0.00000    0.00000    0.09825    -0.04244   3.31577    1.17349    8.29558    35.08409
C-G        0.00000    0.00000    0.00000    0.00000    0.00000    0.00000    0.16252    -0.67831   3.26558    2.24577    2.68110    32.78352
T-A        0.00000    0.00000    0.00000    0.00000    0.00000    0.00000    -0.01396   -0.47678   3.35046    2.92265    4.56677    32.74711
G-C        0.00000    0.00000    0.00000    0.00000    0.00000    0.00000    0.09319    0.16356    3.34234    1.01004    2.88406    37.29950
T-A        0.00000    0.00000    0.00000    0.00000    0.00000    0.00000    0.19718    -0.48993   3.19346    0.74552    -1.80344   34.46533
A-T        0.00000    0.00000    0.00000    0.00000    0.00000    0.00000    -0.09094   1.42814    3.38318    -0.77769   -9.85138   46.78358
G-C        0.00000    0.00000    0.00000    0.00000    0.00000    0.00000    -0.27715   -0.05594   3.28869    -3.23369   3.62227    33.23551
G-C        0.00000    0.00000    0.00000    0.00000    0.00000    0.00000    -0.08698   -0.68070   3.48672    -2.05758   5.55868    35.42589
T-A        0.00000    0.00000    0.00000    0.00000    0.00000    0.00000    -0.03322   -0.42974   3.19598    -1.49291   3.15040    31.95297
A-T        0.00000    0.00000    0.00000    0.00000    0.00000    0.00000    -0.04068   -0.55785   3.41918    -0.38279   9.49756    35.66076
T-A        0.00000    0.00000    0.00000    0.00000    0.00000    0.00000    -0.03696   -0.63761   3.17434    0.83515    3.56172    31.69171
C-G        0.00000    0.00000    0.00000    0.00000    0.00000    0.00000    0.10463    -0.20476   3.46107    1.77573    3.73497    40.16337
T-A        0.00000    0.00000    0.00000    0.00000    0.00000    0.00000    0.19782    -0.26085   3.31238    2.29239    3.22093    34.42068
C-G        0.00000    0.00000    0.00000    0.00000    0.00000    0.00000    0.33643    0.42341    3.25865    4.30941    -0.50606   39.37506
G-C        0.00000    0.00000    0.00000    0.00000    0.00000    0.00000    0.04204    0.77695    3.26454    0.88452    -1.34135   37.61172
A-T        0.00000    0.00000    0.00000    0.00000    0.00000    0.00000    -0.21650   0.34689    3.29903    -2.75698   -1.45905   39.89824
G-C        0.00000    0.00000    0.00000    0.00000    0.00000    0.00000    -0.09143   -0.03483   3.31094    -3.53792   -0.02085   34.69738
C-G        0.00000    0.00000    0.00000    0.00000    0.00000    0.00000    -0.16442   -0.48536   3.40494    -2.20609   2.13108    36.65104
T-A        0.00000    0.00000    0.00000    0.00000    0.00000    0.00000    -0.14370   -0.26906   3.33596    -1.65970   5.79613    32.70104
C-G        0.00000    0.00000    0.00000    0.00000    0.00000    0.00000    0.03801    0.08441    3.33396    1.28326    4.76945    35.98017
G-C        0.00000    0.00000    0.00000    0.00000    0.00000    0.00000    0.42539    0.71306    3.28151    2.91791    6.65775    34.31095
G-C        0.00000    0.00000    0.00000    0.00000    0.00000    0.00000    0.22349    -0.35023   3.39147    1.95722    4.86396    35.31664
G-C        0.00000    0.00000    0.00000    0.00000    0.00000    0.00000    0.31624    -0.29829   3.36638    3.46709    5.72155    34.79790
A-T        0.00000    0.00000    0.00000    0.00000    0.00000    0.00000    -0.00718   -0.31093   3.38373    1.65291    -2.18864   39.17966
T-A        0.00000    0.00000    0.00000    0.00000    0.00000    0.00000    0.00461    -0.60699   3.26875    0.28216    -0.92037   32.98413
C-G        0.00000    0.00000    0.00000    0.00000    0.00000    0.00000    0.03573    -0.32606   3.40010    -0.91823   -3.10634   39.57619
C-G        0.00000    0.00000    0.00000    0.00000    0.00000    0.00000    -0.41773   -0.07864   3.28983    -3.23095   5.37798    33.41203
G-C        0.00000    0.00000    0.00000    0.00000    0.00000    0.00000    -0.07695   0.46058    3.31585    -2.74215   6.24167    35.54073
C-G        0.00000    0.00000    0.00000    0.00000    0.00000    0.00000    -0.20450   -0.51660   3.41896    -2.33686   1.79996    35.39116
T-A        0.00000    0.00000    0.00000    0.00000    0.00000    0.00000    -0.03547   -0.42906   3.43636    0.04424    4.37009    35.25605
T-A        0.00000    0.00000    0.00000    0.00000    0.00000    0.00000    0.07753    -0.31955   3.23704    0.50531    1.81734    35.63761
T-A        0.00000    0.00000    0.00000    0.00000    0.00000    0.00000    0.05501    -0.14540   3.24493    0.69865    2.62810    35.07878
A-T        0.00000    0.00000    0.00000    0.00000    0.00000    0.00000    0.21946    0.58816    3.32196    2.11542    0.08561    38.53260
A-T        0.00000    0.00000    0.00000    0.00000    0.00000    0.00000    0.06676    -0.22770   3.23297    1.19454    -2.84201   37.30561
C-G        0.00000    0.00000    0.00000    0.00000    0.00000    0.00000    0.03953    -0.58450   3.38159    0.86537    -2.98864   35.38703
A-T        0.00000    0.00000    0.00000    0.00000    0.00000    0.00000    0.00119    0.00639    3.36390    -2.07542   0.10236    38.77019
C-G        0.00000    0.00000    0.00000    0.00000    0.00000    0.00000    -0.00676   -0.73261   3.31949    -1.41605   0.08967    32.74612
T-A        0.00000    0.00000    0.00000    0.00000    0.00000    0.00000    -0.02839   -0.64871   3.52429    -2.61712   3.65011    35.89945
T-A        0.00000    0.00000    0.00000    0.00000    0.00000    0.00000    -0.06385   -0.19353   3.19310    -0.79002   4.08072    34.00253
C-G        0.00000    0.00000    0.00000    0.00000    0.00000    0.00000    0.06259    0.29661    3.23902    -0.17408   6.08374    35.83306
A-T        0.00000    0.00000    0.00000    0.00000    0.00000    0.00000    -0.23768   -0.19613   3.38771    2.63784    9.10041    32.90019
T-A        0.00000    0.00000    0.00000    0.00000    0.00000    0.00000    0.05576    -0.48913   3.22493    0.62973    3.80031    30.60932
G-C        0.00000    0.00000    0.00000    0.00000    0.00000    0.00000    0.04850    -0.16299   3.43076    1.74497    4.86282    37.78393
T-A        0.00000    0.00000    0.00000    0.00000    0.00000    0.00000    0.01360    -0.60672   3.36172    1.02248    -0.97897   34.43546
T-A        0.00000    0.00000    0.00000    0.00000    0.00000    0.00000    -0.05016   -0.21087   3.24007    1.13175    -3.42170   36.93154
A-T        0.00000    0.00000    0.00000    0.00000    0.00000    0.00000    -0.02444   0.38895    3.48284    -0.75635   -5.66784   44.34614
T-A        0.00000    0.00000    0.00000    0.00000    0.00000    0.00000    -0.04074   -0.70125   3.21443    -0.87204   -1.60470   31.56094
A-T        0.00000    0.00000    0.00000    0.00000    0.00000    0.00000    -0.08963   0.41867    3.42320    -1.13786   -0.75212   41.36664
A-T        0.00000    0.00000    0.00000    0.00000    0.00000    0.00000    0.01044    -0.18292   3.18724    -0.91934   1.53818    34.93788
C-G        0.00000    0.00000    0.00000    0.00000    0.00000    0.00000    0.00784    -0.66906   3.31834    -0.42870   1.91120    33.90403
G-C        0.00000    0.00000    0.00000    0.00000    0.00000    0.00000    0.19237    0.34985    3.26176    0.98926    7.72746    34.51578
G-C        0.00000    0.00000    0.00000    0.00000    0.00000    0.00000    0.40547    -0.12130   3.27832    2.53457    7.40683    32.53801
A-T        0.00000    0.00000    0.00000    0.00000    0.00000    0.00000    -0.01801   -0.28284   3.35069    0.73616    0.47642    37.83359
T-A        0.00000    0.00000    0.00000    0.00000    0.00000    0.00000    0.02194    -0.77783   3.27819    0.21055    -1.10384   31.41275
T-A        0.00000    0.00000    0.00000    0.00000    0.00000    0.00000    0.01897    -0.35655   3.23925    0.33337    -0.71240   35.68385
A-T        0.00000    0.00000    0.00000    0.00000    0.00000    0.00000    -0.01217   0.34658    3.46251    -0.44952   -3.39737   43.07203
T-A        0.00000    0.00000    0.00000    0.00000    0.00000    0.00000    -0.04491   -0.71956   3.18110    -0.38130   1.59227    29.32775
G-C        0.00000    0.00000    0.00000    0.00000    0.00000    0.00000    -0.00623   -0.23345   3.31848    0.01132    5.82152    37.69467
C-G        0.00000    0.00000    0.00000    0.00000    0.00000    0.00000    0.17595    -0.41526   3.26435    -1.32719   2.66864    33.91913
T-A        0.00000    0.00000    0.00000    0.00000    0.00000    0.00000    0.13491    -0.42270   3.45059    1.51192    2.41052    35.59072
T-A        0.00000    0.00000    0.00000    0.00000    0.00000    0.00000    0.01752    -0.22625   3.20428    0.68754    2.98933    34.65640
C-G        0.00000    0.00000    0.00000    0.00000    0.00000    0.00000    0.10534    -0.21784   3.35134    0.38269    2.00547    37.08282
C-G        0.00000    0.00000    0.00000    0.00000    0.00000    0.00000    -0.01185   -0.19868   3.30466    -0.20049   5.62773    32.84714
G-C        0.00000    0.00000    0.00000    0.00000    0.00000    0.00000    0.03108    0.32378    3.09770    0.23299    5.63335    32.20855
G-C        0.00000    0.00000    0.00000    0.00000    0.00000    0.00000    0.20574    -0.26514   3.36472    0.02362    3.64146    34.65040
C-G        0.00000    0.00000    0.00000    0.00000    0.00000    0.00000    0.04257    -0.58909   3.30998    -0.48797   2.42630    34.57348
T-A        0.00000    0.00000    0.00000    0.00000    0.00000    0.00000    -0.10425   -0.20404   3.32484    0.16799    2.91016    33.00426
C-G        0.00000    0.00000    0.00000    0.00000    0.00000    0.00000    0.03631    0.15969    3.33084    1.12077    2.16860    37.11697
G-C        0.00000    0.00000    0.00000    0.00000    0.00000    0.00000    0.00010    0.53984    3.31546    0.10090    4.70035    37.11131
T-A        0.00000    0.00000    0.00000    0.00000    0.00000    0.00000    0.25262    -0.70511   3.27103    -0.08773   2.56659    33.33835
A-T        0.00000    0.00000    0.00000    0.00000    0.00000    0.00000    0.04331    -0.39810   3.39381    0.83279    3.14537    37.18852
T-A        0.00000    0.00000    0.00000    0.00000    0.00000    0.00000    0.03548    -0.70816   3.21521    0.30900    -1.22136   31.60861
A-T        0.00000    0.00000    0.00000    0.00000    0.00000    0.00000    0.00266    0.30939    3.46182    0.29391    -3.25978   42.85961
A-T        0.00000    0.00000    0.00000    0.00000    0.00000    0.00000    -0.03074   -0.35605   3.23963    -0.46622   -0.41792   35.59966
T-A        0.00000    0.00000    0.00000    0.00000    0.00000    0.00000    -0.00107   -0.67608   3.28214    -0.40523   -0.64996   32.30847
G-C        0.00000    0.00000    0.00000    0.00000    0.00000    0.00000    -0.10379   -0.17311   3.48730    -1.72680   4.70469    37.78160
T-A        0.00000    0.00000    0.00000    0.00000    0.00000    0.00000    -0.05701   -0.49689   3.25585    -0.96720   1.52849    31.50069
G-C        0.00000    0.00000    0.00000    0.00000    0.00000    0.00000    -0.07475   -0.03103   3.38739    0.28660    5.70425    36.35883
T-A        0.00000    0.00000    0.00000    0.00000    0.00000    0.00000    -0.12879   -0.46265   3.16042    0.34744    3.53695    32.04360
C-G        0.00000    0.00000    0.00000    0.00000    0.00000    0.00000    0.18325    -0.04149   3.16759    1.82844    0.21414    36.50906
G-C        0.00000    0.00000    0.00000    0.00000    0.00000    0.00000    0.12101    0.69848    3.30151    2.60796    6.39621    34.35634
A-T        0.00000    0.00000    0.00000    0.00000    0.00000    0.00000    0.01365    -0.05682   3.20531    0.20118    -0.78081   37.24524
C-G        0.00000    0.00000    0.00000    0.00000    0.00000    0.00000    -0.08180   -0.79779   3.23385    -0.25912   1.48870    33.04675
C-G        0.00000    0.00000    0.00000    0.00000    0.00000    0.00000    0.06024    -0.42012   3.39274    -0.05311   4.65744    33.53096
A-T        0.00000    0.00000    0.00000    0.00000    0.00000    0.00000    -0.23335   0.87033    3.30201    -2.41353   1.79225    38.10309
A-T        0.00000    0.00000    0.00000    0.00000    0.00000    0.00000    -0.03042   -0.14636   3.27932    -0.62864   0.86766    35.78529
A-T        0.00000    0.00000    0.00000    0.00000    0.00000    0.00000    -0.00695   -0.37908   3.26775    -0.53455   -1.31859   36.44026
T-A        0.00000    0.00000    0.00000    0.00000    0.00000    0.00000    -0.02166   -0.57389   3.25914    0.26900    1.86540    31.83470
G-C        0.00000    0.00000    0.00000    0.00000    0.00000    0.00000    -0.27000   -1.09600   3.26700    0.65900    -9.99400   39.97800
T-A        0.00000    0.00000    0.00000    0.00000    0.00000    0.00000    -0.92800   -1.59300   3.28000    -2.06300   -8.66200   31.96100
G-C        0.00000    0.00000    0.00000    0.00000    0.00000    0.00000    -0.32200   -0.59200   3.18200    -1.62200   -0.34400   39.42200
A-T        0.00000    0.00000    0.00000    0.00000    0.00000    0.00000    0.12100    -0.98200   3.10500    2.84700    -6.38400   31.81100
G-C        0.00000    0.00000    0.00000    0.00000    0.00000    0.00000    0.96100    -0.48300   2.89500    -0.87800   -7.57600   33.58400
C-G        0.00000    0.00000    0.00000    0.00000    0.00000    0.00000    -0.71700   -0.08600   3.08800    11.68700   -4.89500   33.31100
G-C        0.00000    0.00000    0.00000    0.00000    0.00000    0.00000    -0.05000   1.55100    5.41000    -0.16000   60.13100   13.23400
C-G        0.00000    0.00000    0.00000    0.00000    0.00000    0.00000    0.67500    -0.12400   3.12600    -12.51500  -5.65000   33.18600
T-A        0.00000    0.00000    0.00000    0.00000    0.00000    0.00000    -0.92700   -0.52800   2.87900    1.16800    -8.57300   33.49200
C-G        0.00000    0.00000    0.00000    0.00000    0.00000    0.00000    -0.13300   -1.01800   3.05000    -2.59300   -6.06700   32.11100
A-T        0.00000    0.00000    0.00000    0.00000    0.00000    0.00000    0.37600    -0.59600   3.22500    2.12800    -0.58400   39.45000
C-G        0.00000    0.00000    0.00000    0.00000    0.00000    0.00000    0.90400    -1.56500   3.20600    2.30700    -8.21000   32.14500
A-T        0.00000    0.00000    0.00000    0.00000    0.00000    0.00000    0.52900    -0.91300   3.45900    1.67500    -11.72900  37.48400
