147 # base pairs
  0 # ***local base-pair & step parameters***
#          Shear      Stretch    Stagger    Buckle     Prop-Tw    Opening    Shift      Slide      Rise       Tilt       Roll       Twist
A-T        0.00000    0.00000    0.00000    0.00000    0.00000    0.00000    0.00000    0.00000    0.00000    0.00000    0.00000    0.00000
G-C        0.00000    0.00000    0.00000    0.00000    0.00000    0.00000    -0.27000   -1.09500   3.26900    0.65500    -9.99300   39.97500
T-A        0.00000    0.00000    0.00000    0.00000    0.00000    0.00000    -0.92900   -1.59400   3.27900    -2.06900   -8.63400   31.93800
G-C        0.00000    0.00000    0.00000    0.00000    0.00000    0.00000    -0.32200   -0.59300   3.18200    -1.66400   -0.37500   39.43600
A-T        0.00000    0.00000    0.00000    0.00000    0.00000    0.00000    0.12100    -0.98400   3.10400    2.85800    -6.38900   31.82300
G-C        0.00000    0.00000    0.00000    0.00000    0.00000    0.00000    0.96000    -0.48500   2.89700    -0.88500   -7.59600   33.57900
C-G        0.00000    0.00000    0.00000    0.00000    0.00000    0.00000    -0.71600   -0.08700   3.08600    11.71000   -4.91700   33.30600
G-C        0.00000    0.00000    0.00000    0.00000    0.00000    0.00000    -0.04800   1.55200    5.41100    -0.14600   60.13700   13.20200
C-G        0.00000    0.00000    0.00000    0.00000    0.00000    0.00000    0.67500    -0.12200   3.12500    -12.51800  -5.63900   33.20600
T-A        0.00000    0.00000    0.00000    0.00000    0.00000    0.00000    -0.92700   -0.52800   2.87800    1.16700    -8.56000   33.49500
C-G        0.00000    0.00000    0.00000    0.00000    0.00000    0.00000    -0.13300   -1.01700   3.05000    -2.61000   -6.08100   32.11700
A-T        0.00000    0.00000    0.00000    0.00000    0.00000    0.00000    0.37700    -0.59600   3.22400    2.15400    -0.57500   39.43500
C-G        0.00000    0.00000    0.00000    0.00000    0.00000    0.00000    0.90400    -1.56500   3.20800    2.29400    -8.21000   32.14300
A-T        0.00000    0.00000    0.00000    0.00000    0.00000    0.00000    0.52900    -0.91300   3.45700    1.67600    -11.72600  37.48400
A-T        0.00000    0.00000    0.00000    0.00000    0.00000    0.00000    -0.01759   -0.25290   3.25365    -0.46782   -1.68468   36.76082
T-A        0.00000    0.00000    0.00000    0.00000    0.00000    0.00000    -0.02133   -0.67312   3.23778    -0.36658   -0.36463   31.70242
T-A        0.00000    0.00000    0.00000    0.00000    0.00000    0.00000    -0.02833   -0.21610   3.24667    -0.42723   -0.11818   36.38361
T-A        0.00000    0.00000    0.00000    0.00000    0.00000    0.00000    -0.00641   -0.21320   3.24512    -0.16383   0.23335    36.27588
A-T        0.00000    0.00000    0.00000    0.00000    0.00000    0.00000    0.05164    0.38374    3.37704    0.23820    1.55216    40.12511
T-A        0.00000    0.00000    0.00000    0.00000    0.00000    0.00000    0.02615    -0.67939   3.23524    0.20396    -0.03710   31.60408
T-A        0.00000    0.00000    0.00000    0.00000    0.00000    0.00000    0.00632    -0.25645   3.25073    0.28856    -0.91625   36.50696
C-G        0.00000    0.00000    0.00000    0.00000    0.00000    0.00000    0.03264    -0.11287   3.31146    0.18745    1.01430    37.84333
G-C        0.00000    0.00000    0.00000    0.00000    0.00000    0.00000    -0.04871   0.38104    3.37837    -0.38639   5.24135    36.04343
C-G        0.00000    0.00000    0.00000    0.00000    0.00000    0.00000    -0.07443   -0.44235   3.32306    -0.51921   2.22764    34.57718
A-T        0.00000    0.00000    0.00000    0.00000    0.00000    0.00000    -0.12167   0.28106    3.35254    -0.61742   5.28101    36.73994
A-T        0.00000    0.00000    0.00000    0.00000    0.00000    0.00000    -0.00096   -0.21471   3.24403    -0.07729   0.22878    36.19368
A-T        0.00000    0.00000    0.00000    0.00000    0.00000    0.00000    0.02272    -0.21190   3.24403    0.23492    0.22110    36.20623
G-C        0.00000    0.00000    0.00000    0.00000    0.00000    0.00000    0.01130    -0.29000   3.32669    0.21862    3.47982    33.70697
G-C        0.00000    0.00000    0.00000    0.00000    0.00000    0.00000    0.10205    -0.27090   3.38335    0.72466    4.22752    34.74187
C-G        0.00000    0.00000    0.00000    0.00000    0.00000    0.00000    0.06336    -0.42958   3.33086    0.38443    1.76032    34.74864
C-G        0.00000    0.00000    0.00000    0.00000    0.00000    0.00000    0.03121    -0.30251   3.39357    -0.00964   3.67089    34.86805
G-C        0.00000    0.00000    0.00000    0.00000    0.00000    0.00000    -0.08410   0.37330    3.37723    -1.16073   5.13645    36.01882
G-C        0.00000    0.00000    0.00000    0.00000    0.00000    0.00000    -0.14888   -0.31160   3.38625    -1.36202   4.61132    34.50898
C-G        0.00000    0.00000    0.00000    0.00000    0.00000    0.00000    -0.10756   -0.46585   3.30732    -0.92501   3.05322    34.17660
C-G        0.00000    0.00000    0.00000    0.00000    0.00000    0.00000    -0.09666   -0.30626   3.37147    -0.52926   5.97458    34.04391
C-G        0.00000    0.00000    0.00000    0.00000    0.00000    0.00000    -0.00300   -0.27336   3.36696    0.35543    6.01626    34.09945
G-C        0.00000    0.00000    0.00000    0.00000    0.00000    0.00000    0.11204    0.40578    3.37465    1.59746    7.23005    35.33201
A-T        0.00000    0.00000    0.00000    0.00000    0.00000    0.00000    0.09900    -0.06963   3.30614    1.30515    1.67351    37.70614
C-G        0.00000    0.00000    0.00000    0.00000    0.00000    0.00000    0.06602    -0.63668   3.29434    1.07106    0.67012    33.27737
A-T        0.00000    0.00000    0.00000    0.00000    0.00000    0.00000    0.03677    0.35729    3.33562    0.52443    2.65553    37.70339
C-G        0.00000    0.00000    0.00000    0.00000    0.00000    0.00000    0.01998    -0.65071   3.31150    -0.08507   -0.14809   33.54219
G-C        0.00000    0.00000    0.00000    0.00000    0.00000    0.00000    -0.15136   0.40062    3.37074    -2.15025   4.12599    36.30892
A-T        0.00000    0.00000    0.00000    0.00000    0.00000    0.00000    -0.16441   -0.11018   3.29783    -1.75285   1.49286    37.44253
C-G        0.00000    0.00000    0.00000    0.00000    0.00000    0.00000    -0.10393   -0.64173   3.25111    -0.92708   2.57825    32.65127
T-A        0.00000    0.00000    0.00000    0.00000    0.00000    0.00000    -0.04766   -0.31513   3.30858    -0.38414   5.64528    32.90492
T-A        0.00000    0.00000    0.00000    0.00000    0.00000    0.00000    -0.02543   -0.17995   3.22952    0.13541    2.81281    35.24190
A-T        0.00000    0.00000    0.00000    0.00000    0.00000    0.00000    0.06061    0.20794    3.35888    1.45434    5.29793    37.82643
C-G        0.00000    0.00000    0.00000    0.00000    0.00000    0.00000    0.06010    -0.63166   3.27073    1.74210    1.76246    32.90911
T-A        0.00000    0.00000    0.00000    0.00000    0.00000    0.00000    0.12049    -0.29222   3.33139    2.43303    2.02894    34.08236
G-C        0.00000    0.00000    0.00000    0.00000    0.00000    0.00000    0.15268    0.43273    3.32489    1.39978    1.42169    38.39982
T-A        0.00000    0.00000    0.00000    0.00000    0.00000    0.00000    0.02231    -0.65241   3.32879    -0.41513   -1.01257   33.85738
A-T        0.00000    0.00000    0.00000    0.00000    0.00000    0.00000    -0.07163   0.71999    3.39529    -1.63864   -5.79949   44.07776
G-C        0.00000    0.00000    0.00000    0.00000    0.00000    0.00000    -0.10397   -0.33030   3.33129    -2.88527   2.99818    34.01763
G-C        0.00000    0.00000    0.00000    0.00000    0.00000    0.00000    -0.30457   -0.29280   3.37300    -2.99909   5.92240    34.30602
T-A        0.00000    0.00000    0.00000    0.00000    0.00000    0.00000    -0.04597   -0.64225   3.22834    -1.18528   3.92373    32.33955
A-T        0.00000    0.00000    0.00000    0.00000    0.00000    0.00000    -0.02651   -0.09362   3.35040    0.09224    10.10143   35.31532
T-A        0.00000    0.00000    0.00000    0.00000    0.00000    0.00000    0.00938    -0.64908   3.20154    0.76971    2.33290    30.86262
C-G        0.00000    0.00000    0.00000    0.00000    0.00000    0.00000    0.21864    -0.05593   3.28101    2.59312    2.77960    37.17367
T-A        0.00000    0.00000    0.00000    0.00000    0.00000    0.00000    0.13173    -0.29416   3.32860    3.24103    2.36320    34.15921
C-G        0.00000    0.00000    0.00000    0.00000    0.00000    0.00000    0.19013    -0.09983   3.32261    1.86396    -1.44098   38.73007
G-C        0.00000    0.00000    0.00000    0.00000    0.00000    0.00000    0.03344    0.53584    3.35843    0.18861    0.58266    37.71811
A-T        0.00000    0.00000    0.00000    0.00000    0.00000    0.00000    -0.16029   -0.11573   3.32615    -1.74617   -1.61789   38.79282
G-C        0.00000    0.00000    0.00000    0.00000    0.00000    0.00000    -0.12060   -0.32343   3.33239    -3.39414   2.18478    34.18319
C-G        0.00000    0.00000    0.00000    0.00000    0.00000    0.00000    -0.27579   -0.46722   3.30176    -3.06122   3.28503    34.19754
T-A        0.00000    0.00000    0.00000    0.00000    0.00000    0.00000    -0.06715   -0.30598   3.30232    -1.68643   6.47630    32.75105
C-G        0.00000    0.00000    0.00000    0.00000    0.00000    0.00000    -0.03490   -0.05693   3.26261    -0.36015   5.73580    36.11982
G-C        0.00000    0.00000    0.00000    0.00000    0.00000    0.00000    0.19777    0.27416    3.37875    2.62945    10.88051   34.04377
G-C        0.00000    0.00000    0.00000    0.00000    0.00000    0.00000    0.35754    -0.32379   3.36489    3.53816    6.62957    33.94744
G-C        0.00000    0.00000    0.00000    0.00000    0.00000    0.00000    0.38345    -0.30333   3.38406    3.88648    4.30262    34.84440
A-T        0.00000    0.00000    0.00000    0.00000    0.00000    0.00000    0.16676    -0.11170   3.33862    2.31630    -1.18594   39.04759
T-A        0.00000    0.00000    0.00000    0.00000    0.00000    0.00000    0.00744    -0.70863   3.27864    0.36844    -3.60743   32.87593
C-G        0.00000    0.00000    0.00000    0.00000    0.00000    0.00000    -0.06886   -0.11644   3.34345    -1.10728   -2.29347   39.32397
C-G        0.00000    0.00000    0.00000    0.00000    0.00000    0.00000    -0.31086   -0.27158   3.39423    -3.19995   2.49732    35.40860
G-C        0.00000    0.00000    0.00000    0.00000    0.00000    0.00000    -0.42263   0.41138    3.36793    -5.45850   6.08257    35.76007
C-G        0.00000    0.00000    0.00000    0.00000    0.00000    0.00000    -0.21514   -0.47917   3.27932    -2.52667   4.27758    33.71468
T-A        0.00000    0.00000    0.00000    0.00000    0.00000    0.00000    -0.00509   -0.29609   3.29238    -0.64977   7.17380    32.42477
T-A        0.00000    0.00000    0.00000    0.00000    0.00000    0.00000    0.01833    -0.15786   3.21886    0.34204    4.59091    34.63478
T-A        0.00000    0.00000    0.00000    0.00000    0.00000    0.00000    0.05350    -0.19284   3.22727    1.47469    2.83303    35.13928
A-T        0.00000    0.00000    0.00000    0.00000    0.00000    0.00000    0.17091    0.29037    3.36792    2.89852    1.61397    39.48318
A-T        0.00000    0.00000    0.00000    0.00000    0.00000    0.00000    0.07390    -0.30427   3.25650    1.65980    -3.20421   36.91145
C-G        0.00000    0.00000    0.00000    0.00000    0.00000    0.00000    0.01990    -0.65660   3.33087    0.93060    -1.36531   33.58242
A-T        0.00000    0.00000    0.00000    0.00000    0.00000    0.00000    -0.12065   0.43586    3.30967    -1.04624   0.37108    38.31978
C-G        0.00000    0.00000    0.00000    0.00000    0.00000    0.00000    -0.09512   -0.62519   3.30164    -1.44285   -0.38115   33.28136
T-A        0.00000    0.00000    0.00000    0.00000    0.00000    0.00000    -0.06063   -0.29583   3.32230    -2.50049   2.95658    33.32645
T-A        0.00000    0.00000    0.00000    0.00000    0.00000    0.00000    -0.06770   -0.20010   3.23068    -1.72414   1.93472    35.26810
T-A        0.00000    0.00000    0.00000    0.00000    0.00000    0.00000    -0.02664   -0.17366   3.22228    -0.90965   3.70481    34.71337
A-T        0.00000    0.00000    0.00000    0.00000    0.00000    0.00000    0.06026    -0.17631   3.34107    0.41578    10.42193   34.33840
T-A        0.00000    0.00000    0.00000    0.00000    0.00000    0.00000    0.04039    -0.66429   3.20416    0.79674    2.04572    30.61339
C-G        0.00000    0.00000    0.00000    0.00000    0.00000    0.00000    0.21537    -0.10511   3.28015    2.35901    2.48482    36.76022
A-T        0.00000    0.00000    0.00000    0.00000    0.00000    0.00000    0.09473    0.21102    3.34115    2.28003    3.88746    36.54828
T-A        0.00000    0.00000    0.00000    0.00000    0.00000    0.00000    -0.00020   -0.70424   3.25896    0.60009    -2.19241   32.00927
G-C        0.00000    0.00000    0.00000    0.00000    0.00000    0.00000    -0.00209   0.37483    3.32091    0.01365    1.45748    37.84618
T-A        0.00000    0.00000    0.00000    0.00000    0.00000    0.00000    -0.08236   -0.64309   3.30904    -1.13529   -0.24986   33.26449
T-A        0.00000    0.00000    0.00000    0.00000    0.00000    0.00000    -0.07720   -0.25062   3.24882    -1.32698   -1.40960   36.44781
A-T        0.00000    0.00000    0.00000    0.00000    0.00000    0.00000    -0.09331   0.34780    3.36192    -1.70463   2.75546    39.05088
T-A        0.00000    0.00000    0.00000    0.00000    0.00000    0.00000    0.00193    -0.65723   3.21024    -0.47772   1.57345    30.90554
A-T        0.00000    0.00000    0.00000    0.00000    0.00000    0.00000    0.04414    0.05989    3.35424    0.08082    6.95094    36.62125
A-T        0.00000    0.00000    0.00000    0.00000    0.00000    0.00000    0.06114    -0.21154   3.23437    0.79713    1.78528    35.43165
C-G        0.00000    0.00000    0.00000    0.00000    0.00000    0.00000    0.06224    -0.65814   3.26700    1.32655    2.04077    32.63973
G-C        0.00000    0.00000    0.00000    0.00000    0.00000    0.00000    0.19238    0.36411    3.36932    2.47472    5.23682    35.76811
G-C        0.00000    0.00000    0.00000    0.00000    0.00000    0.00000    0.04861    -0.31700   3.39480    0.79119    3.20874    34.84163
A-T        0.00000    0.00000    0.00000    0.00000    0.00000    0.00000    -0.05718   -0.11390   3.31687    -0.17139   -0.10002   38.11434
T-A        0.00000    0.00000    0.00000    0.00000    0.00000    0.00000    -0.03425   -0.68675   3.24777    -0.36964   -1.20757   31.88074
G-C        0.00000    0.00000    0.00000    0.00000    0.00000    0.00000    -0.05887   0.31907    3.34413    -1.14183   4.44868    36.88907
C-G        0.00000    0.00000    0.00000    0.00000    0.00000    0.00000    -0.09766   -0.43504   3.30680    -1.04437   2.73914    34.27539
T-A        0.00000    0.00000    0.00000    0.00000    0.00000    0.00000    0.02266    -0.28542   3.31580    -0.16132   4.44343    33.27625
T-A        0.00000    0.00000    0.00000    0.00000    0.00000    0.00000    0.00551    -0.20732   3.23824    0.01875    1.12890    35.76480
C-G        0.00000    0.00000    0.00000    0.00000    0.00000    0.00000    0.09795    -0.08596   3.29100    0.75900    2.40038    37.16180
C-G        0.00000    0.00000    0.00000    0.00000    0.00000    0.00000    0.15670    -0.30098   3.38237    1.28178    4.63751    34.44214
G-C        0.00000    0.00000    0.00000    0.00000    0.00000    0.00000    0.09520    0.37001    3.37386    1.10505    5.22430    35.90425
G-C        0.00000    0.00000    0.00000    0.00000    0.00000    0.00000    -0.01517   -0.31802   3.39281    0.00052    3.75644    34.74927
C-G        0.00000    0.00000    0.00000    0.00000    0.00000    0.00000    -0.06178   -0.43865   3.32871    -0.43511   1.85834    34.64255
T-A        0.00000    0.00000    0.00000    0.00000    0.00000    0.00000    -0.03107   -0.31599   3.33046    -0.27873   3.08927    33.71902
C-G        0.00000    0.00000    0.00000    0.00000    0.00000    0.00000    -0.05750   -0.07735   3.30188    -0.62611   1.93940    37.51848
G-C        0.00000    0.00000    0.00000    0.00000    0.00000    0.00000    -0.05100   0.41217    3.37326    -0.48224   6.86029    35.43003
T-A        0.00000    0.00000    0.00000    0.00000    0.00000    0.00000    0.02981    -0.62099   3.25933    -0.04640   2.14293    32.80654
A-T        0.00000    0.00000    0.00000    0.00000    0.00000    0.00000    0.06334    0.41966    3.37065    0.62128    1.36475    40.02707
T-A        0.00000    0.00000    0.00000    0.00000    0.00000    0.00000    0.03326    -0.67861   3.23649    0.36712    -0.33640   31.58386
A-T        0.00000    0.00000    0.00000    0.00000    0.00000    0.00000    0.06901    0.50664    3.38083    0.54953    -1.85686   41.55355
A-T        0.00000    0.00000    0.00000    0.00000    0.00000    0.00000    0.02755    -0.28362   3.25392    -0.03055   -2.08545   36.66933
T-A        0.00000    0.00000    0.00000    0.00000    0.00000    0.00000    -0.00990   -0.69420   3.24560    -0.26805   -0.96934   31.74590
G-C        0.00000    0.00000    0.00000    0.00000    0.00000    0.00000    -0.03885   0.21529    3.34956    -1.00628   4.73975    36.56655
T-A        0.00000    0.00000    0.00000    0.00000    0.00000    0.00000    -0.05632   -0.64742   3.26798    -0.92481   1.93286    32.75326
G-C        0.00000    0.00000    0.00000    0.00000    0.00000    0.00000    -0.02126   0.21085    3.35592    -0.67193   6.67086    35.84017
T-A        0.00000    0.00000    0.00000    0.00000    0.00000    0.00000    -0.00063   -0.62324   3.24541    -0.14317   2.74552    32.49608
C-G        0.00000    0.00000    0.00000    0.00000    0.00000    0.00000    0.07547    -0.06056   3.28498    0.82138    2.76978    37.03507
G-C        0.00000    0.00000    0.00000    0.00000    0.00000    0.00000    0.18827    0.42493    3.36723    2.24455    6.21566    35.55657
A-T        0.00000    0.00000    0.00000    0.00000    0.00000    0.00000    0.10007    -0.09063   3.31264    1.19836    0.77798    37.91007
C-G        0.00000    0.00000    0.00000    0.00000    0.00000    0.00000    0.05493    -0.64891   3.30411    0.62284    0.15448    33.34892
C-G        0.00000    0.00000    0.00000    0.00000    0.00000    0.00000    0.02400    -0.29806   3.39462    -0.13310   2.82291    34.98372
A-T        0.00000    0.00000    0.00000    0.00000    0.00000    0.00000    -0.12909   0.27130    3.33914    -1.38059   3.48947    37.24146
A-T        0.00000    0.00000    0.00000    0.00000    0.00000    0.00000    -0.03310   -0.25975   3.24610    -1.09292   -0.65858   36.19913
A-T        0.00000    0.00000    0.00000    0.00000    0.00000    0.00000    -0.03698   -0.22276   3.23828    -0.85631   1.03243    35.76471
T-A        0.00000    0.00000    0.00000    0.00000    0.00000    0.00000    -0.03058   -0.66090   3.21132    -0.25891   1.61901    30.98199
G-C        0.00000    0.00000    0.00000    0.00000    0.00000    0.00000    -0.27000   -1.09600   3.26700    0.65900    -9.99400   39.97800
T-A        0.00000    0.00000    0.00000    0.00000    0.00000    0.00000    -0.92800   -1.59300   3.28000    -2.06300   -8.66200   31.96100
G-C        0.00000    0.00000    0.00000    0.00000    0.00000    0.00000    -0.32200   -0.59200   3.18200    -1.62200   -0.34400   39.42200
A-T        0.00000    0.00000    0.00000    0.00000    0.00000    0.00000    0.12100    -0.98200   3.10500    2.84700    -6.38400   31.81100
G-C        0.00000    0.00000    0.00000    0.00000    0.00000    0.00000    0.96100    -0.48300   2.89500    -0.87800   -7.57600   33.58400
C-G        0.00000    0.00000    0.00000    0.00000    0.00000    0.00000    -0.71700   -0.08600   3.08800    11.68700   -4.89500   33.31100
G-C        0.00000    0.00000    0.00000    0.00000    0.00000    0.00000    -0.05000   1.55100    5.41000    -0.16000   60.13100   13.23400
C-G        0.00000    0.00000    0.00000    0.00000    0.00000    0.00000    0.67500    -0.12400   3.12600    -12.51500  -5.65000   33.18600
T-A        0.00000    0.00000    0.00000    0.00000    0.00000    0.00000    -0.92700   -0.52800   2.87900    1.16800    -8.57300   33.49200
C-G        0.00000    0.00000    0.00000    0.00000    0.00000    0.00000    -0.13300   -1.01800   3.05000    -2.59300   -6.06700   32.11100
A-T        0.00000    0.00000    0.00000    0.00000    0.00000    0.00000    0.37600    -0.59600   3.22500    2.12800    -0.58400   39.45000
C-G        0.00000    0.00000    0.00000    0.00000    0.00000    0.00000    0.90400    -1.56500   3.20600    2.30700    -8.21000   32.14500
A-T        0.00000    0.00000    0.00000    0.00000    0.00000    0.00000    0.52900    -0.91300   3.45900    1.67500    -11.72900  37.48400
