147 # base pairs
  0 # ***local base-pair & step parameters***
#          Shear      Stretch    Stagger    Buckle     Prop-Tw    Opening    Shift      Slide      Rise       Tilt       Roll       Twist
A-T        0.00000    0.00000    0.00000    0.00000    0.00000    0.00000    0.00000    0.00000    0.00000    0.00000    0.00000    0.00000
G-C        0.00000    0.00000    0.00000    0.00000    0.00000    0.00000    -0.27000   -1.09500   3.26900    0.65500    -9.99300   39.97500
T-A        0.00000    0.00000    0.00000    0.00000    0.00000    0.00000    -0.92900   -1.59400   3.27900    -2.06900   -8.63400   31.93800
G-C        0.00000    0.00000    0.00000    0.00000    0.00000    0.00000    -0.32200   -0.59300   3.18200    -1.66400   -0.37500   39.43600
A-T        0.00000    0.00000    0.00000    0.00000    0.00000    0.00000    0.12100    -0.98400   3.10400    2.85800    -6.38900   31.82300
G-C        0.00000    0.00000    0.00000    0.00000    0.00000    0.00000    0.96000    -0.48500   2.89700    -0.88500   -7.59600   33.57900
C-G        0.00000    0.00000    0.00000    0.00000    0.00000    0.00000    -0.71600   -0.08700   3.08600    11.71000   -4.91700   33.30600
G-C        0.00000    0.00000    0.00000    0.00000    0.00000    0.00000    -0.04800   1.55200    5.41100    -0.14600   60.13700   13.20200
C-G        0.00000    0.00000    0.00000    0.00000    0.00000    0.00000    0.67500    -0.12200   3.12500    -12.51800  -5.63900   33.20600
T-A        0.00000    0.00000    0.00000    0.00000    0.00000    0.00000    -0.92700   -0.52800   2.87800    1.16700    -8.56000   33.49500
C-G        0.00000    0.00000    0.00000    0.00000    0.00000    0.00000    -0.13300   -1.01700   3.05000    -2.61000   -6.08100   32.11700
A-T        0.00000    0.00000    0.00000    0.00000    0.00000    0.00000    0.37700    -0.59600   3.22400    2.15400    -0.57500   39.43500
C-G        0.00000    0.00000    0.00000    0.00000    0.00000    0.00000    0.90400    -1.56500   3.20800    2.29400    -8.21000   32.14300
A-T        0.00000    0.00000    0.00000    0.00000    0.00000    0.00000    0.52900    -0.91300   3.45700    1.67600    -11.72600  37.48400
A-T        0.00000    0.00000    0.00000    0.00000    0.00000    0.00000    -0.01351   -0.24871   3.25415    -0.32739   -1.64590   36.87255
T-A        0.00000    0.00000    0.00000    0.00000    0.00000    0.00000    -0.01951   -0.67323   3.23973    -0.27251   -0.47510   31.81736
T-A        0.00000    0.00000    0.00000    0.00000    0.00000    0.00000    -0.02578   -0.21807   3.24879    -0.33214   -0.45126   36.59484
T-A        0.00000    0.00000    0.00000    0.00000    0.00000    0.00000    -0.00639   -0.21618   3.24757    -0.14420   -0.16729   36.50847
A-T        0.00000    0.00000    0.00000    0.00000    0.00000    0.00000    0.04635    0.44511    3.38106    0.14136    0.68525    40.79259
T-A        0.00000    0.00000    0.00000    0.00000    0.00000    0.00000    0.02415    -0.67956   3.23741    0.11886    -0.17005   31.72555
T-A        0.00000    0.00000    0.00000    0.00000    0.00000    0.00000    0.00218    -0.25276   3.25135    0.15309    -0.92333   36.63147
C-G        0.00000    0.00000    0.00000    0.00000    0.00000    0.00000    0.01986    -0.10948   3.31247    0.04055    1.14031    37.92986
G-C        0.00000    0.00000    0.00000    0.00000    0.00000    0.00000    -0.05473   0.37634    3.38209    -0.46349   5.51693    36.08583
C-G        0.00000    0.00000    0.00000    0.00000    0.00000    0.00000    -0.06872   -0.44576   3.32239    -0.45224   2.37914    34.62803
A-T        0.00000    0.00000    0.00000    0.00000    0.00000    0.00000    -0.11048   0.28282    3.35526    -0.45637   5.40065    36.82870
A-T        0.00000    0.00000    0.00000    0.00000    0.00000    0.00000    0.00341    -0.21117   3.24485    0.05471    0.18739    36.33905
A-T        0.00000    0.00000    0.00000    0.00000    0.00000    0.00000    0.02655    -0.21193   3.24573    0.34019    -0.01396   36.40373
G-C        0.00000    0.00000    0.00000    0.00000    0.00000    0.00000    0.01312    -0.28753   3.33076    0.29194    3.20089    33.92642
G-C        0.00000    0.00000    0.00000    0.00000    0.00000    0.00000    0.09361    -0.26240   3.38624    0.64213    3.94150    34.96196
C-G        0.00000    0.00000    0.00000    0.00000    0.00000    0.00000    0.04929    -0.42570   3.33539    0.22135    1.60301    34.90527
C-G        0.00000    0.00000    0.00000    0.00000    0.00000    0.00000    0.00471    -0.30091   3.39496    -0.27630   3.63017    34.98729
G-C        0.00000    0.00000    0.00000    0.00000    0.00000    0.00000    -0.11020   0.37085    3.37962    -1.49393   5.28721    36.07233
G-C        0.00000    0.00000    0.00000    0.00000    0.00000    0.00000    -0.15999   -0.30902   3.38509    -1.48733   4.83655    34.53168
C-G        0.00000    0.00000    0.00000    0.00000    0.00000    0.00000    -0.10577   -0.47030   3.30491    -0.90025   3.25645    34.17588
C-G        0.00000    0.00000    0.00000    0.00000    0.00000    0.00000    -0.08083   -0.30180   3.37043    -0.35090   6.16069    34.08566
C-G        0.00000    0.00000    0.00000    0.00000    0.00000    0.00000    0.02341    -0.26631   3.36696    0.62746    6.06050    34.19888
G-C        0.00000    0.00000    0.00000    0.00000    0.00000    0.00000    0.14086    0.41241    3.37652    1.95791    7.06722    35.50894
A-T        0.00000    0.00000    0.00000    0.00000    0.00000    0.00000    0.10972    -0.06995   3.31030    1.43477    1.41364    37.91753
C-G        0.00000    0.00000    0.00000    0.00000    0.00000    0.00000    0.06662    -0.63777   3.30064    1.06673    0.41919    33.46101
A-T        0.00000    0.00000    0.00000    0.00000    0.00000    0.00000    0.02755    0.37566    3.33466    0.35653    2.29650    37.99117
C-G        0.00000    0.00000    0.00000    0.00000    0.00000    0.00000    0.00960    -0.64997   3.31369    -0.24392   -0.23141   33.67097
G-C        0.00000    0.00000    0.00000    0.00000    0.00000    0.00000    -0.18239   0.40156    3.37276    -2.52796   4.21255    36.38989
A-T        0.00000    0.00000    0.00000    0.00000    0.00000    0.00000    -0.17400   -0.10483   3.29621    -1.87385   1.70837    37.45373
C-G        0.00000    0.00000    0.00000    0.00000    0.00000    0.00000    -0.10614   -0.63953   3.24686    -0.91896   2.80362    32.66977
T-A        0.00000    0.00000    0.00000    0.00000    0.00000    0.00000    -0.04298   -0.31088   3.30751    -0.24295   5.86560    32.95252
T-A        0.00000    0.00000    0.00000    0.00000    0.00000    0.00000    -0.01800   -0.17519   3.22924    0.27796    2.89672    35.30897
A-T        0.00000    0.00000    0.00000    0.00000    0.00000    0.00000    0.07621    0.23832    3.36121    1.66530    4.87331    38.20673
C-G        0.00000    0.00000    0.00000    0.00000    0.00000    0.00000    0.06744    -0.63379   3.27644    1.83379    1.53807    33.05743
T-A        0.00000    0.00000    0.00000    0.00000    0.00000    0.00000    0.12073    -0.29330   3.33517    2.41350    1.69978    34.26940
G-C        0.00000    0.00000    0.00000    0.00000    0.00000    0.00000    0.13693    0.44273    3.32396    1.23311    1.08707    38.61133
T-A        0.00000    0.00000    0.00000    0.00000    0.00000    0.00000    0.00955    -0.65385   3.33106    -0.59377   -1.06914   33.94662
A-T        0.00000    0.00000    0.00000    0.00000    0.00000    0.00000    -0.08888   0.71628    3.39562    -1.84584   -5.49855   44.06754
G-C        0.00000    0.00000    0.00000    0.00000    0.00000    0.00000    -0.10790   -0.32399   3.32988    -2.96850   3.27595    34.05563
G-C        0.00000    0.00000    0.00000    0.00000    0.00000    0.00000    -0.29241   -0.28522   3.37090    -2.89978   6.18242    34.33231
T-A        0.00000    0.00000    0.00000    0.00000    0.00000    0.00000    -0.03265   -0.63865   3.22571    -1.04285   4.05675    32.39907
A-T        0.00000    0.00000    0.00000    0.00000    0.00000    0.00000    -0.00552   -0.06721   3.35271    0.33457    9.88910    35.62713
T-A        0.00000    0.00000    0.00000    0.00000    0.00000    0.00000    0.01622    -0.65037   3.20462    0.86827    2.13818    31.00680
C-G        0.00000    0.00000    0.00000    0.00000    0.00000    0.00000    0.22847    -0.05938   3.28561    2.67161    2.42063    37.40154
T-A        0.00000    0.00000    0.00000    0.00000    0.00000    0.00000    0.12896    -0.29687   3.33375    3.13302    2.00830    34.37783
C-G        0.00000    0.00000    0.00000    0.00000    0.00000    0.00000    0.16713    -0.10273   3.32709    1.60932    -1.65074   38.91703
G-C        0.00000    0.00000    0.00000    0.00000    0.00000    0.00000    -0.01256   0.53482    3.36107    -0.33019   0.63460    37.80434
A-T        0.00000    0.00000    0.00000    0.00000    0.00000    0.00000    -0.17882   -0.10954   3.32402    -1.94000   -1.35679   38.77615
G-C        0.00000    0.00000    0.00000    0.00000    0.00000    0.00000    -0.12267   -0.31606   3.33051    -3.40671   2.54510    34.18582
C-G        0.00000    0.00000    0.00000    0.00000    0.00000    0.00000    -0.25900   -0.46906   3.29903    -2.88126   3.49204    34.19838
T-A        0.00000    0.00000    0.00000    0.00000    0.00000    0.00000    -0.05307   -0.29990   3.30247    -1.38490   6.57871    32.84210
C-G        0.00000    0.00000    0.00000    0.00000    0.00000    0.00000    -0.00582   -0.05461   3.26448    -0.05925   5.57166    36.26385
G-C        0.00000    0.00000    0.00000    0.00000    0.00000    0.00000    0.22917    0.28622    3.38111    2.96503    10.37495   34.33834
G-C        0.00000    0.00000    0.00000    0.00000    0.00000    0.00000    0.35732    -0.32209   3.37065    3.51654    6.18618    34.20374
G-C        0.00000    0.00000    0.00000    0.00000    0.00000    0.00000    0.35297    -0.30054   3.38924    3.59688    3.92793    35.07848
A-T        0.00000    0.00000    0.00000    0.00000    0.00000    0.00000    0.13573    -0.11246   3.34069    1.97422    -1.32741   39.17908
T-A        0.00000    0.00000    0.00000    0.00000    0.00000    0.00000    -0.00105   -0.70666   3.27789    0.21173    -3.47653   32.91729
C-G        0.00000    0.00000    0.00000    0.00000    0.00000    0.00000    -0.08862   -0.10897   3.34320    -1.28627   -1.93299   39.34330
C-G        0.00000    0.00000    0.00000    0.00000    0.00000    0.00000    -0.30841   -0.26380   3.39289    -3.12488   2.88746    35.44004
G-C        0.00000    0.00000    0.00000    0.00000    0.00000    0.00000    -0.38636   0.41271    3.37377    -5.00197   6.41459    35.82761
C-G        0.00000    0.00000    0.00000    0.00000    0.00000    0.00000    -0.18005   -0.47768   3.28272    -2.16314   4.26447    33.86763
T-A        0.00000    0.00000    0.00000    0.00000    0.00000    0.00000    0.01017    -0.29249   3.29793    -0.32496   6.91479    32.71488
T-A        0.00000    0.00000    0.00000    0.00000    0.00000    0.00000    0.02482    -0.16372   3.22349    0.47910    3.96343    35.00415
T-A        0.00000    0.00000    0.00000    0.00000    0.00000    0.00000    0.05318    -0.20108   3.23222    1.46793    2.12611    35.51958
A-T        0.00000    0.00000    0.00000    0.00000    0.00000    0.00000    0.15455    0.37071    3.37488    2.65586    0.29250    40.42990
A-T        0.00000    0.00000    0.00000    0.00000    0.00000    0.00000    0.06172    -0.30462   3.25871    1.38874    -3.43275   37.09600
C-G        0.00000    0.00000    0.00000    0.00000    0.00000    0.00000    0.00154    -0.65383   3.32971    0.66806    -1.24582   33.67730
A-T        0.00000    0.00000    0.00000    0.00000    0.00000    0.00000    -0.13726   0.43424    3.31509    -1.26354   0.83435    38.31455
C-G        0.00000    0.00000    0.00000    0.00000    0.00000    0.00000    -0.09629   -0.62274   3.29594    -1.40832   -0.01200   33.29180
T-A        0.00000    0.00000    0.00000    0.00000    0.00000    0.00000    -0.05145   -0.29113   3.32211    -2.23423   3.29676    33.38609
T-A        0.00000    0.00000    0.00000    0.00000    0.00000    0.00000    -0.05590   -0.19469   3.23145    -1.47411   2.01292    35.36597
T-A        0.00000    0.00000    0.00000    0.00000    0.00000    0.00000    -0.01610   -0.17601   3.22497    -0.66164   3.38813    34.92779
A-T        0.00000    0.00000    0.00000    0.00000    0.00000    0.00000    0.07246    -0.09199   3.34825    0.62178    9.00774    35.33340
T-A        0.00000    0.00000    0.00000    0.00000    0.00000    0.00000    0.03895    -0.66850   3.21148    0.80267    1.56144    30.86060
G-C        0.00000    0.00000    0.00000    0.00000    0.00000    0.00000    0.22021    0.20111    3.35010    2.35973    5.62874    36.37746
C-G        0.00000    0.00000    0.00000    0.00000    0.00000    0.00000    0.14728    -0.43338   3.33285    1.78782    1.51308    34.70101
T-A        0.00000    0.00000    0.00000    0.00000    0.00000    0.00000    0.03311    -0.33235   3.34263    1.25763    1.12720    34.23800
T-A        0.00000    0.00000    0.00000    0.00000    0.00000    0.00000    -0.04653   -0.29614   3.26136    -0.10841   -3.67503   37.27913
C-G        0.00000    0.00000    0.00000    0.00000    0.00000    0.00000    -0.09968   -0.09239   3.32163    -1.24342   -0.09251   38.28657
C-G        0.00000    0.00000    0.00000    0.00000    0.00000    0.00000    -0.20655   -0.25971   3.37757    -2.03746   4.21887    34.63920
G-C        0.00000    0.00000    0.00000    0.00000    0.00000    0.00000    -0.19067   0.40873    3.36921    -2.58379   7.03340    35.25846
G-C        0.00000    0.00000    0.00000    0.00000    0.00000    0.00000    -0.06345   -0.27244   3.36139    -1.02472   6.28978    33.87035
C-G        0.00000    0.00000    0.00000    0.00000    0.00000    0.00000    0.04304    -0.47780   3.28556    0.13883    3.95801    33.68880
T-A        0.00000    0.00000    0.00000    0.00000    0.00000    0.00000    0.08238    -0.32150   3.31092    1.29391    4.96999    32.91827
C-G        0.00000    0.00000    0.00000    0.00000    0.00000    0.00000    0.13569    -0.10614   3.29026    1.33602    2.23692    37.04644
T-A        0.00000    0.00000    0.00000    0.00000    0.00000    0.00000    0.06400    -0.34160   3.32803    1.67263    2.95369    33.52021
C-G        0.00000    0.00000    0.00000    0.00000    0.00000    0.00000    0.06430    -0.11785   3.31049    0.70192    0.37748    37.78436
A-T        0.00000    0.00000    0.00000    0.00000    0.00000    0.00000    -0.08760   0.30552    3.33725    -0.19477   3.20270    37.23076
T-A        0.00000    0.00000    0.00000    0.00000    0.00000    0.00000    -0.03075   -0.68586   3.24548    -0.30797   -1.08603   31.73808
G-C        0.00000    0.00000    0.00000    0.00000    0.00000    0.00000    -0.04145   0.31401    3.34205    -0.97614   4.49179    36.71068
T-A        0.00000    0.00000    0.00000    0.00000    0.00000    0.00000    -0.01961   -0.62764   3.26674    -0.83401   1.80247    32.73325
T-A        0.00000    0.00000    0.00000    0.00000    0.00000    0.00000    -0.01754   -0.21373   3.23997    -0.37556   0.70828    35.81134
A-T        0.00000    0.00000    0.00000    0.00000    0.00000    0.00000    0.04292    0.26798    3.36419    0.11880    3.31832    38.62701
T-A        0.00000    0.00000    0.00000    0.00000    0.00000    0.00000    0.02926    -0.67575   3.22649    0.24809    0.44442    31.22732
A-T        0.00000    0.00000    0.00000    0.00000    0.00000    0.00000    0.06687    0.30389    3.37240    0.67968    1.14615    39.62359
A-T        0.00000    0.00000    0.00000    0.00000    0.00000    0.00000    0.03324    -0.27298   3.24917    0.36113    -1.12814   36.23938
C-G        0.00000    0.00000    0.00000    0.00000    0.00000    0.00000    -0.01781   -0.65710   3.28818    0.30249    0.90747    32.97134
G-C        0.00000    0.00000    0.00000    0.00000    0.00000    0.00000    -0.06941   0.38780    3.36633    -0.56492   5.13530    35.71177
G-C        0.00000    0.00000    0.00000    0.00000    0.00000    0.00000    -0.13170   -0.28036   3.37826    -0.92227   4.35013    34.35826
A-T        0.00000    0.00000    0.00000    0.00000    0.00000    0.00000    -0.08032   -0.08047   3.29241    -0.59165   1.92766    37.18047
G-C        0.00000    0.00000    0.00000    0.00000    0.00000    0.00000    -0.04624   -0.29211   3.31436    -0.61911   4.02153    33.16951
T-A        0.00000    0.00000    0.00000    0.00000    0.00000    0.00000    0.03062    -0.62271   3.25776    -0.06362   2.06837    32.58636
A-T        0.00000    0.00000    0.00000    0.00000    0.00000    0.00000    0.06000    0.37608    3.36525    0.51886    1.52881    39.49025
T-A        0.00000    0.00000    0.00000    0.00000    0.00000    0.00000    0.03094    -0.68103   3.23437    0.29075    -0.27412   31.38678
A-T        0.00000    0.00000    0.00000    0.00000    0.00000    0.00000    0.05785    0.42887    3.37405    0.40448    -1.01851   40.67020
A-T        0.00000    0.00000    0.00000    0.00000    0.00000    0.00000    0.02437    -0.28455   3.25052    -0.06801   -1.67920   36.30893
T-A        0.00000    0.00000    0.00000    0.00000    0.00000    0.00000    -0.01112   -0.69327   3.24068    -0.24690   -0.68631   31.49316
G-C        0.00000    0.00000    0.00000    0.00000    0.00000    0.00000    -0.02735   0.19358    3.34743    -0.86938   5.10460    36.15549
T-A        0.00000    0.00000    0.00000    0.00000    0.00000    0.00000    -0.05052   -0.64555   3.26301    -0.76559   2.00829    32.51399
G-C        0.00000    0.00000    0.00000    0.00000    0.00000    0.00000    -0.00431   0.20575    3.35132    -0.45830   6.60438    35.62611
T-A        0.00000    0.00000    0.00000    0.00000    0.00000    0.00000    0.00232    -0.62323   3.24624    -0.05115   2.56405    32.34810
C-G        0.00000    0.00000    0.00000    0.00000    0.00000    0.00000    0.07824    -0.06777   3.28405    0.81827    2.51919    36.90735
G-C        0.00000    0.00000    0.00000    0.00000    0.00000    0.00000    0.16889    0.42459    3.36055    1.97737    5.97318    35.39062
A-T        0.00000    0.00000    0.00000    0.00000    0.00000    0.00000    0.07906    -0.09630   3.30874    0.95003    0.75819    37.68039
C-G        0.00000    0.00000    0.00000    0.00000    0.00000    0.00000    0.04725    -0.64849   3.29829    0.44705    0.28977    33.09936
C-G        0.00000    0.00000    0.00000    0.00000    0.00000    0.00000    0.00118    -0.31368   3.39005    -0.35146   3.16208    34.62795
A-T        0.00000    0.00000    0.00000    0.00000    0.00000    0.00000    -0.13247   0.23621    3.33877    -1.33771   4.05285    36.72579
A-T        0.00000    0.00000    0.00000    0.00000    0.00000    0.00000    -0.02906   -0.26013   3.24261    -0.97839   -0.23006   35.82815
A-T        0.00000    0.00000    0.00000    0.00000    0.00000    0.00000    -0.03065   -0.22713   3.23571    -0.69707   1.25494    35.44531
T-A        0.00000    0.00000    0.00000    0.00000    0.00000    0.00000    -0.02753   -0.66318   3.21000    -0.15319   1.61051    30.80242
G-C        0.00000    0.00000    0.00000    0.00000    0.00000    0.00000    -0.27000   -1.09600   3.26700    0.65900    -9.99400   39.97800
T-A        0.00000    0.00000    0.00000    0.00000    0.00000    0.00000    -0.92800   -1.59300   3.28000    -2.06300   -8.66200   31.96100
G-C        0.00000    0.00000    0.00000    0.00000    0.00000    0.00000    -0.32200   -0.59200   3.18200    -1.62200   -0.34400   39.42200
A-T        0.00000    0.00000    0.00000    0.00000    0.00000    0.00000    0.12100    -0.98200   3.10500    2.84700    -6.38400   31.81100
G-C        0.00000    0.00000    0.00000    0.00000    0.00000    0.00000    0.96100    -0.48300   2.89500    -0.87800   -7.57600   33.58400
C-G        0.00000    0.00000    0.00000    0.00000    0.00000    0.00000    -0.71700   -0.08600   3.08800    11.68700   -4.89500   33.31100
G-C        0.00000    0.00000    0.00000    0.00000    0.00000    0.00000    -0.05000   1.55100    5.41000    -0.16000   60.13100   13.23400
C-G        0.00000    0.00000    0.00000    0.00000    0.00000    0.00000    0.67500    -0.12400   3.12600    -12.51500  -5.65000   33.18600
T-A        0.00000    0.00000    0.00000    0.00000    0.00000    0.00000    -0.92700   -0.52800   2.87900    1.16800    -8.57300   33.49200
C-G        0.00000    0.00000    0.00000    0.00000    0.00000    0.00000    -0.13300   -1.01800   3.05000    -2.59300   -6.06700   32.11100
A-T        0.00000    0.00000    0.00000    0.00000    0.00000    0.00000    0.37600    -0.59600   3.22500    2.12800    -0.58400   39.45000
C-G        0.00000    0.00000    0.00000    0.00000    0.00000    0.00000    0.90400    -1.56500   3.20600    2.30700    -8.21000   32.14500
A-T        0.00000    0.00000    0.00000    0.00000    0.00000    0.00000    0.52900    -0.91300   3.45900    1.67500    -11.72900  37.48400
