147 # base pairs
  0 # ***local base-pair & step parameters***
#          Shear      Stretch    Stagger    Buckle     Prop-Tw    Opening    Shift      Slide      Rise       Tilt       Roll       Twist
A-T        0.00000    0.00000    0.00000    0.00000    0.00000    0.00000    0.00000    0.00000    0.00000    0.00000    0.00000    0.00000
G-C        0.00000    0.00000    0.00000    0.00000    0.00000    0.00000    -0.27000   -1.09500   3.26900    0.65500    -9.99300   39.97500
T-A        0.00000    0.00000    0.00000    0.00000    0.00000    0.00000    -0.92900   -1.59400   3.27900    -2.06900   -8.63400   31.93800
G-C        0.00000    0.00000    0.00000    0.00000    0.00000    0.00000    -0.32200   -0.59300   3.18200    -1.66400   -0.37500   39.43600
A-T        0.00000    0.00000    0.00000    0.00000    0.00000    0.00000    0.12100    -0.98400   3.10400    2.85800    -6.38900   31.82300
G-C        0.00000    0.00000    0.00000    0.00000    0.00000    0.00000    0.96000    -0.48500   2.89700    -0.88500   -7.59600   33.57900
C-G        0.00000    0.00000    0.00000    0.00000    0.00000    0.00000    -0.71600   -0.08700   3.08600    11.71000   -4.91700   33.30600
G-C        0.00000    0.00000    0.00000    0.00000    0.00000    0.00000    -0.04800   1.55200    5.41100    -0.14600   60.13700   13.20200
C-G        0.00000    0.00000    0.00000    0.00000    0.00000    0.00000    0.67500    -0.12200   3.12500    -12.51800  -5.63900   33.20600
T-A        0.00000    0.00000    0.00000    0.00000    0.00000    0.00000    -0.92700   -0.52800   2.87800    1.16700    -8.56000   33.49500
C-G        0.00000    0.00000    0.00000    0.00000    0.00000    0.00000    -0.13300   -1.01700   3.05000    -2.61000   -6.08100   32.11700
A-T        0.00000    0.00000    0.00000    0.00000    0.00000    0.00000    0.37700    -0.59600   3.22400    2.15400    -0.57500   39.43500
C-G        0.00000    0.00000    0.00000    0.00000    0.00000    0.00000    0.90400    -1.56500   3.20800    2.29400    -8.21000   32.14300
A-T        0.00000    0.00000    0.00000    0.00000    0.00000    0.00000    0.52900    -0.91300   3.45700    1.67600    -11.72600  37.48400
A-T        0.00000    0.00000    0.00000    0.00000    0.00000    0.00000    -0.05409   -0.10537   3.24548    -0.92195   -0.09265   36.97479
T-A        0.00000    0.00000    0.00000    0.00000    0.00000    0.00000    -0.02140   -0.73422   3.31814    -0.42678   -2.57046   33.80281
T-A        0.00000    0.00000    0.00000    0.00000    0.00000    0.00000    -0.00701   -0.36195   3.26870    -0.38824   -2.22756   36.92535
T-A        0.00000    0.00000    0.00000    0.00000    0.00000    0.00000    0.00304    -0.16919   3.26873    -0.25257   0.98441    35.89112
A-T        0.00000    0.00000    0.00000    0.00000    0.00000    0.00000    0.07138    0.35919    3.42791    0.18103    -0.01217   41.47686
T-A        0.00000    0.00000    0.00000    0.00000    0.00000    0.00000    -0.00751   -0.68804   3.26235    -0.10225   -1.23138   32.91632
T-A        0.00000    0.00000    0.00000    0.00000    0.00000    0.00000    0.04085    -0.23814   3.25127    1.36396    -1.70046   37.44783
C-G        0.00000    0.00000    0.00000    0.00000    0.00000    0.00000    0.01980    0.00413    3.30712    0.52305    1.21232    37.54929
G-C        0.00000    0.00000    0.00000    0.00000    0.00000    0.00000    -0.08443   0.56698    3.34660    -0.98630   8.38801    34.27594
C-G        0.00000    0.00000    0.00000    0.00000    0.00000    0.00000    -0.17655   -0.42677   3.26615    -1.32642   3.10745    32.09115
A-T        0.00000    0.00000    0.00000    0.00000    0.00000    0.00000    -0.21416   0.58516    3.30832    -1.45658   3.66511    37.42115
A-T        0.00000    0.00000    0.00000    0.00000    0.00000    0.00000    0.02546    -0.11118   3.28049    0.15789    1.03201    36.13251
A-T        0.00000    0.00000    0.00000    0.00000    0.00000    0.00000    -0.05414   -0.31923   3.24941    -0.23115   -0.54135   36.39189
G-C        0.00000    0.00000    0.00000    0.00000    0.00000    0.00000    0.01693    -0.44952   3.36184    0.48480    3.29085    33.47697
G-C        0.00000    0.00000    0.00000    0.00000    0.00000    0.00000    0.09933    -0.30939   3.44274    0.49107    3.26700    36.64671
C-G        0.00000    0.00000    0.00000    0.00000    0.00000    0.00000    0.13309    -0.35036   3.28420    0.87830    2.22550    35.21338
C-G        0.00000    0.00000    0.00000    0.00000    0.00000    0.00000    -0.22240   -0.24832   3.37551    -0.23680   2.93127    35.02495
G-C        0.00000    0.00000    0.00000    0.00000    0.00000    0.00000    -0.08151   0.34332    3.10124    -0.90131   5.04227    32.64567
G-C        0.00000    0.00000    0.00000    0.00000    0.00000    0.00000    0.09587    -0.25307   3.36348    -1.18021   3.81864    35.01541
C-G        0.00000    0.00000    0.00000    0.00000    0.00000    0.00000    -0.20957   -0.40384   3.27646    -1.53116   3.35168    34.79073
C-G        0.00000    0.00000    0.00000    0.00000    0.00000    0.00000    0.13717    -0.39133   3.38798    -0.73337   5.42136    34.49161
C-G        0.00000    0.00000    0.00000    0.00000    0.00000    0.00000    0.03798    -0.20191   3.36686    1.85133    4.66330    35.38387
G-C        0.00000    0.00000    0.00000    0.00000    0.00000    0.00000    -0.16294   0.88170    3.30911    -0.09915   4.46735    35.01808
A-T        0.00000    0.00000    0.00000    0.00000    0.00000    0.00000    0.03133    -0.05238   3.20522    0.60936    0.03473    37.10510
C-G        0.00000    0.00000    0.00000    0.00000    0.00000    0.00000    0.16722    -0.51299   3.18504    1.13873    1.83324    32.56226
A-T        0.00000    0.00000    0.00000    0.00000    0.00000    0.00000    0.18587    -0.00662   3.39756    -0.07723   1.53395    38.49656
C-G        0.00000    0.00000    0.00000    0.00000    0.00000    0.00000    0.19863    -0.51434   3.32246    0.14638    0.45959    32.53864
G-C        0.00000    0.00000    0.00000    0.00000    0.00000    0.00000    -0.07637   0.48950    3.28487    -1.91499   1.75908    37.85495
A-T        0.00000    0.00000    0.00000    0.00000    0.00000    0.00000    -0.22550   -0.05448   3.16716    -2.30786   -0.18655   36.60501
C-G        0.00000    0.00000    0.00000    0.00000    0.00000    0.00000    -0.22287   -0.66208   3.22174    -0.46522   3.95042    32.77096
T-A        0.00000    0.00000    0.00000    0.00000    0.00000    0.00000    -0.05294   -0.58009   3.51457    -1.53230   6.32837    36.41700
T-A        0.00000    0.00000    0.00000    0.00000    0.00000    0.00000    0.02104    -0.04673   3.16849    -0.14953   4.10804    32.48968
A-T        0.00000    0.00000    0.00000    0.00000    0.00000    0.00000    0.09972    0.02478    3.32423    1.13769    7.21670    35.94109
C-G        0.00000    0.00000    0.00000    0.00000    0.00000    0.00000    0.16030    -0.67915   3.27096    2.10457    2.41539    32.85909
T-A        0.00000    0.00000    0.00000    0.00000    0.00000    0.00000    -0.00669   -0.47063   3.35443    2.60568    4.47371    32.87271
G-C        0.00000    0.00000    0.00000    0.00000    0.00000    0.00000    0.08800    0.15454    3.34428    0.68850    3.02338    37.22617
T-A        0.00000    0.00000    0.00000    0.00000    0.00000    0.00000    0.18018    -0.49641   3.19279    0.59073    -1.45341   34.24002
A-T        0.00000    0.00000    0.00000    0.00000    0.00000    0.00000    -0.07960   1.30224    3.38274    -0.82316   -8.33909   45.88131
G-C        0.00000    0.00000    0.00000    0.00000    0.00000    0.00000    -0.28635   -0.06659   3.28537    -3.03805   3.96209    33.09887
G-C        0.00000    0.00000    0.00000    0.00000    0.00000    0.00000    -0.07882   -0.68425   3.49029    -1.82107   5.67013    35.37182
T-A        0.00000    0.00000    0.00000    0.00000    0.00000    0.00000    -0.02089   -0.43600   3.19840    -1.25012   3.06426    31.93604
A-T        0.00000    0.00000    0.00000    0.00000    0.00000    0.00000    -0.03269   -0.54659   3.41711    -0.17770   9.02270    35.75989
T-A        0.00000    0.00000    0.00000    0.00000    0.00000    0.00000    -0.04127   -0.64474   3.17865    0.85392    3.13386    31.78445
C-G        0.00000    0.00000    0.00000    0.00000    0.00000    0.00000    0.10353    -0.20770   3.45525    1.63334    3.32508    40.16070
T-A        0.00000    0.00000    0.00000    0.00000    0.00000    0.00000    0.19444    -0.26613   3.31799    2.09765    3.01917    34.42082
C-G        0.00000    0.00000    0.00000    0.00000    0.00000    0.00000    0.29981    0.39351    3.27081    3.78432    -0.58184   39.34295
G-C        0.00000    0.00000    0.00000    0.00000    0.00000    0.00000    0.00171    0.47790    3.27555    0.06539    -0.37351   39.02444
T-A        0.00000    0.00000    0.00000    0.00000    0.00000    0.00000    -0.16450   -0.66747   3.28323    -2.07868   0.14491    32.21790
C-G        0.00000    0.00000    0.00000    0.00000    0.00000    0.00000    -0.03012   -0.06515   3.26481    -1.30681   0.89091    36.58192
A-T        0.00000    0.00000    0.00000    0.00000    0.00000    0.00000    -0.53797   0.63342    3.35575    -4.50096   6.15210    37.20618
T-A        0.00000    0.00000    0.00000    0.00000    0.00000    0.00000    -0.04446   -0.47523   3.22559    -0.73291   4.51478    30.91131
G-C        0.00000    0.00000    0.00000    0.00000    0.00000    0.00000    -0.01200   -0.05480   3.53629    -0.72169   10.03207   36.83444
T-A        0.00000    0.00000    0.00000    0.00000    0.00000    0.00000    0.07475    -0.64294   3.29075    1.35395    2.78407    32.54168
T-A        0.00000    0.00000    0.00000    0.00000    0.00000    0.00000    0.04808    -0.18713   3.17614    1.93695    2.47749    34.45978
A-T        0.00000    0.00000    0.00000    0.00000    0.00000    0.00000    0.13155    0.32579    3.44596    2.39770    -1.76169   42.37732
T-A        0.00000    0.00000    0.00000    0.00000    0.00000    0.00000    0.02520    -0.70157   3.22486    1.41670    -2.60402   31.69207
A-T        0.00000    0.00000    0.00000    0.00000    0.00000    0.00000    -0.02112   0.42699    3.52939    0.68264    -9.43815   47.07112
A-T        0.00000    0.00000    0.00000    0.00000    0.00000    0.00000    -0.01551   -0.19534   3.25671    -2.02018   -5.17716   37.56890
C-G        0.00000    0.00000    0.00000    0.00000    0.00000    0.00000    -0.19656   -0.63206   3.37840    -2.11610   -1.44154   34.74748
G-C        0.00000    0.00000    0.00000    0.00000    0.00000    0.00000    -0.06399   0.28764    3.25642    -4.57260   7.03262    34.96133
G-C        0.00000    0.00000    0.00000    0.00000    0.00000    0.00000    0.04225    -0.16433   3.27719    -0.53300   7.64642    32.15744
A-T        0.00000    0.00000    0.00000    0.00000    0.00000    0.00000    -0.03341   -0.20844   3.27645    -0.09878   6.96406    34.68075
A-T        0.00000    0.00000    0.00000    0.00000    0.00000    0.00000    0.07945    -0.19069   3.18390    0.07429    5.83558    33.43194
G-C        0.00000    0.00000    0.00000    0.00000    0.00000    0.00000    0.25113    -0.43772   3.41622    1.80615    3.99805    34.97787
C-G        0.00000    0.00000    0.00000    0.00000    0.00000    0.00000    0.14682    -0.49075   3.40118    2.02538    1.96444    36.16734
T-A        0.00000    0.00000    0.00000    0.00000    0.00000    0.00000    0.02459    -0.11106   3.30202    2.82377    -0.17295   33.60769
C-G        0.00000    0.00000    0.00000    0.00000    0.00000    0.00000    0.11672    0.23646    3.31298    1.53553    -0.97067   38.61211
G-C        0.00000    0.00000    0.00000    0.00000    0.00000    0.00000    0.03409    1.21326    3.37594    -0.18305   0.65725    36.58720
G-C        0.00000    0.00000    0.00000    0.00000    0.00000    0.00000    -0.33188   -0.11821   3.36486    -4.76447   2.16483    35.50117
G-C        0.00000    0.00000    0.00000    0.00000    0.00000    0.00000    -0.27635   -0.21929   3.33864    -2.04607   6.04292    33.33998
A-T        0.00000    0.00000    0.00000    0.00000    0.00000    0.00000    -0.09235   -0.24165   3.31754    -1.27525   2.78743    36.53865
T-A        0.00000    0.00000    0.00000    0.00000    0.00000    0.00000    0.00648    -0.63585   3.22672    -0.23409   2.84204    31.38791
C-G        0.00000    0.00000    0.00000    0.00000    0.00000    0.00000    0.08376    -0.23474   3.30419    0.61575    3.45550    36.18315
C-G        0.00000    0.00000    0.00000    0.00000    0.00000    0.00000    0.03831    -0.22214   3.28978    0.58641    6.81853    32.05799
G-C        0.00000    0.00000    0.00000    0.00000    0.00000    0.00000    0.08385    0.41189    3.30991    1.75877    6.91589    34.75876
C-G        0.00000    0.00000    0.00000    0.00000    0.00000    0.00000    0.17086    -0.51710   3.43967    1.43523    0.67896    35.72329
T-A        0.00000    0.00000    0.00000    0.00000    0.00000    0.00000    0.27418    -0.43412   3.45812    3.00095    0.27940    35.83997
T-A        0.00000    0.00000    0.00000    0.00000    0.00000    0.00000    0.02793    -0.35263   3.26106    0.51846    -3.68859   36.88568
T-A        0.00000    0.00000    0.00000    0.00000    0.00000    0.00000    -0.07118   -0.28790   3.27687    -0.64316   -2.19668   36.14711
A-T        0.00000    0.00000    0.00000    0.00000    0.00000    0.00000    -0.12941   0.67957    3.32658    -1.16517   0.31353    38.50986
A-T        0.00000    0.00000    0.00000    0.00000    0.00000    0.00000    0.00544    -0.18498   3.18849    -0.87742   1.38988    34.95279
C-G        0.00000    0.00000    0.00000    0.00000    0.00000    0.00000    0.00203    -0.62569   3.31563    -0.43320   1.06725    33.21461
A-T        0.00000    0.00000    0.00000    0.00000    0.00000    0.00000    0.10420    -0.04264   3.39082    0.07905    5.58456    36.35737
C-G        0.00000    0.00000    0.00000    0.00000    0.00000    0.00000    0.22666    -0.65287   3.30521    0.92778    1.90751    32.61187
T-A        0.00000    0.00000    0.00000    0.00000    0.00000    0.00000    0.03590    -0.68376   3.55292    0.59260    2.64041    35.98411
T-A        0.00000    0.00000    0.00000    0.00000    0.00000    0.00000    0.05244    -0.34088   3.26156    1.06914    -2.66033   36.80083
T-A        0.00000    0.00000    0.00000    0.00000    0.00000    0.00000    -0.03269   -0.30556   3.27534    -0.04690   -2.33113   36.13372
A-T        0.00000    0.00000    0.00000    0.00000    0.00000    0.00000    -0.01482   0.33414    3.45435    -0.62287   -2.96741   42.56234
T-A        0.00000    0.00000    0.00000    0.00000    0.00000    0.00000    -0.03777   -0.72035   3.17762    -0.45960   1.76797    29.22372
G-C        0.00000    0.00000    0.00000    0.00000    0.00000    0.00000    -0.00545   -0.23613   3.32003    0.01640    5.91236    37.63884
C-G        0.00000    0.00000    0.00000    0.00000    0.00000    0.00000    0.18301    -0.42036   3.25895    -1.28273   2.87790    33.77973
T-A        0.00000    0.00000    0.00000    0.00000    0.00000    0.00000    0.15289    -0.42541   3.44953    1.69834    2.45457    35.48975
T-A        0.00000    0.00000    0.00000    0.00000    0.00000    0.00000    0.01887    -0.22777   3.20366    0.82376    3.02182    34.61181
C-G        0.00000    0.00000    0.00000    0.00000    0.00000    0.00000    0.11445    -0.21724   3.35085    0.52875    1.81634    37.02681
C-G        0.00000    0.00000    0.00000    0.00000    0.00000    0.00000    0.01027    -0.20186   3.30524    -0.05317   5.40309    32.81783
G-C        0.00000    0.00000    0.00000    0.00000    0.00000    0.00000    0.03072    0.32571    3.09316    0.20282    5.36343    32.16543
G-C        0.00000    0.00000    0.00000    0.00000    0.00000    0.00000    0.20226    -0.27028   3.36611    -0.08801   3.48313    34.64426
C-G        0.00000    0.00000    0.00000    0.00000    0.00000    0.00000    0.02920    -0.59008   3.30941    -0.65467   2.38688    34.48203
T-A        0.00000    0.00000    0.00000    0.00000    0.00000    0.00000    -0.10847   -0.21739   3.32431    -0.06334   3.02499    32.82982
C-G        0.00000    0.00000    0.00000    0.00000    0.00000    0.00000    0.02064    0.13068    3.33491    0.88681    2.36749    36.86493
G-C        0.00000    0.00000    0.00000    0.00000    0.00000    0.00000    -0.00459   0.53704    3.31627    -0.00103   5.06111    36.88543
T-A        0.00000    0.00000    0.00000    0.00000    0.00000    0.00000    0.25034    -0.70009   3.26218    -0.02346   2.75690    33.15197
A-T        0.00000    0.00000    0.00000    0.00000    0.00000    0.00000    0.04923    -0.41804   3.39262    1.01839    3.52527    36.90074
T-A        0.00000    0.00000    0.00000    0.00000    0.00000    0.00000    0.03497    -0.70803   3.21191    0.46398    -1.18966   31.50370
A-T        0.00000    0.00000    0.00000    0.00000    0.00000    0.00000    0.00867    0.32001    3.45966    0.50053    -3.41888   42.76705
A-T        0.00000    0.00000    0.00000    0.00000    0.00000    0.00000    -0.02091   -0.36494   3.23772    -0.38486   -0.89563   35.56276
T-A        0.00000    0.00000    0.00000    0.00000    0.00000    0.00000    0.00188    -0.68651   3.28323    -0.43888   -0.89833   32.28463
G-C        0.00000    0.00000    0.00000    0.00000    0.00000    0.00000    -0.11002   -0.18754   3.48219    -1.95843   4.30724    37.68448
T-A        0.00000    0.00000    0.00000    0.00000    0.00000    0.00000    -0.07604   -0.49617   3.25668    -1.21602   1.50337    31.39110
G-C        0.00000    0.00000    0.00000    0.00000    0.00000    0.00000    -0.08593   -0.04518   3.38538    0.00695    5.96886    36.04953
T-A        0.00000    0.00000    0.00000    0.00000    0.00000    0.00000    -0.13672   -0.46213   3.15531    0.22136    3.76859    31.88894
C-G        0.00000    0.00000    0.00000    0.00000    0.00000    0.00000    0.18103    -0.04269   3.16462    1.80890    0.39869    36.35594
G-C        0.00000    0.00000    0.00000    0.00000    0.00000    0.00000    0.12358    0.67236    3.30169    2.83997    7.39416    33.79684
A-T        0.00000    0.00000    0.00000    0.00000    0.00000    0.00000    0.02838    -0.05761   3.20529    0.40155    -0.67162   37.16407
C-G        0.00000    0.00000    0.00000    0.00000    0.00000    0.00000    -0.08874   -0.80286   3.23108    -0.03211   1.53121    32.96318
C-G        0.00000    0.00000    0.00000    0.00000    0.00000    0.00000    0.07000    -0.41360   3.39431    0.23408    4.45667    33.53324
A-T        0.00000    0.00000    0.00000    0.00000    0.00000    0.00000    -0.25186   0.91383    3.29480    -2.26390   0.80335    38.58067
A-T        0.00000    0.00000    0.00000    0.00000    0.00000    0.00000    -0.02101   -0.15960   3.28114    -0.67141   0.34203    35.86692
A-T        0.00000    0.00000    0.00000    0.00000    0.00000    0.00000    -0.00682   -0.38410   3.26497    -0.68832   -1.53616   36.42935
T-A        0.00000    0.00000    0.00000    0.00000    0.00000    0.00000    -0.02380   -0.57728   3.25972    0.03491    1.77824    31.81504
G-C        0.00000    0.00000    0.00000    0.00000    0.00000    0.00000    -0.27000   -1.09600   3.26700    0.65900    -9.99400   39.97800
T-A        0.00000    0.00000    0.00000    0.00000    0.00000    0.00000    -0.92800   -1.59300   3.28000    -2.06300   -8.66200   31.96100
G-C        0.00000    0.00000    0.00000    0.00000    0.00000    0.00000    -0.32200   -0.59200   3.18200    -1.62200   -0.34400   39.42200
A-T        0.00000    0.00000    0.00000    0.00000    0.00000    0.00000    0.12100    -0.98200   3.10500    2.84700    -6.38400   31.81100
G-C        0.00000    0.00000    0.00000    0.00000    0.00000    0.00000    0.96100    -0.48300   2.89500    -0.87800   -7.57600   33.58400
C-G        0.00000    0.00000    0.00000    0.00000    0.00000    0.00000    -0.71700   -0.08600   3.08800    11.68700   -4.89500   33.31100
G-C        0.00000    0.00000    0.00000    0.00000    0.00000    0.00000    -0.05000   1.55100    5.41000    -0.16000   60.13100   13.23400
C-G        0.00000    0.00000    0.00000    0.00000    0.00000    0.00000    0.67500    -0.12400   3.12600    -12.51500  -5.65000   33.18600
T-A        0.00000    0.00000    0.00000    0.00000    0.00000    0.00000    -0.92700   -0.52800   2.87900    1.16800    -8.57300   33.49200
C-G        0.00000    0.00000    0.00000    0.00000    0.00000    0.00000    -0.13300   -1.01800   3.05000    -2.59300   -6.06700   32.11100
A-T        0.00000    0.00000    0.00000    0.00000    0.00000    0.00000    0.37600    -0.59600   3.22500    2.12800    -0.58400   39.45000
C-G        0.00000    0.00000    0.00000    0.00000    0.00000    0.00000    0.90400    -1.56500   3.20600    2.30700    -8.21000   32.14500
A-T        0.00000    0.00000    0.00000    0.00000    0.00000    0.00000    0.52900    -0.91300   3.45900    1.67500    -11.72900  37.48400
