147 # base pairs
  0 # ***local base-pair & step parameters***
#          Shear      Stretch    Stagger    Buckle     Prop-Tw    Opening    Shift      Slide      Rise       Tilt       Roll       Twist
A-T        0.00000    0.00000    0.00000    0.00000    0.00000    0.00000    0.00000    0.00000    0.00000    0.00000    0.00000    0.00000
G-C        0.00000    0.00000    0.00000    0.00000    0.00000    0.00000    -0.27000   -1.09500   3.26900    0.65500    -9.99300   39.97500
T-A        0.00000    0.00000    0.00000    0.00000    0.00000    0.00000    -0.92900   -1.59400   3.27900    -2.06900   -8.63400   31.93800
G-C        0.00000    0.00000    0.00000    0.00000    0.00000    0.00000    -0.32200   -0.59300   3.18200    -1.66400   -0.37500   39.43600
A-T        0.00000    0.00000    0.00000    0.00000    0.00000    0.00000    0.12100    -0.98400   3.10400    2.85800    -6.38900   31.82300
G-C        0.00000    0.00000    0.00000    0.00000    0.00000    0.00000    0.96000    -0.48500   2.89700    -0.88500   -7.59600   33.57900
C-G        0.00000    0.00000    0.00000    0.00000    0.00000    0.00000    -0.71600   -0.08700   3.08600    11.71000   -4.91700   33.30600
G-C        0.00000    0.00000    0.00000    0.00000    0.00000    0.00000    -0.04800   1.55200    5.41100    -0.14600   60.13700   13.20200
C-G        0.00000    0.00000    0.00000    0.00000    0.00000    0.00000    0.67500    -0.12200   3.12500    -12.51800  -5.63900   33.20600
T-A        0.00000    0.00000    0.00000    0.00000    0.00000    0.00000    -0.92700   -0.52800   2.87800    1.16700    -8.56000   33.49500
C-G        0.00000    0.00000    0.00000    0.00000    0.00000    0.00000    -0.13300   -1.01700   3.05000    -2.61000   -6.08100   32.11700
A-T        0.00000    0.00000    0.00000    0.00000    0.00000    0.00000    0.37700    -0.59600   3.22400    2.15400    -0.57500   39.43500
C-G        0.00000    0.00000    0.00000    0.00000    0.00000    0.00000    0.90400    -1.56500   3.20800    2.29400    -8.21000   32.14300
A-T        0.00000    0.00000    0.00000    0.00000    0.00000    0.00000    0.52900    -0.91300   3.45700    1.67600    -11.72600  37.48400
A-T        0.00000    0.00000    0.00000    0.00000    0.00000    0.00000    -0.01793   -0.25217   3.25353    -0.43413   -1.68932   36.80747
T-A        0.00000    0.00000    0.00000    0.00000    0.00000    0.00000    -0.02273   -0.67284   3.23802    -0.34557   -0.39222   31.74306
T-A        0.00000    0.00000    0.00000    0.00000    0.00000    0.00000    -0.02909   -0.21509   3.24682    -0.40536   -0.19075   36.45339
T-A        0.00000    0.00000    0.00000    0.00000    0.00000    0.00000    -0.00672   -0.21198   3.24535    -0.15240   0.14495    36.35256
A-T        0.00000    0.00000    0.00000    0.00000    0.00000    0.00000    0.05257    0.41061    3.37763    0.23705    1.27299    40.36588
T-A        0.00000    0.00000    0.00000    0.00000    0.00000    0.00000    0.02743    -0.67899   3.23579    0.19380    -0.09476   31.65455
T-A        0.00000    0.00000    0.00000    0.00000    0.00000    0.00000    0.00710    -0.25604   3.25086    0.26244    -0.98202   36.57371
C-G        0.00000    0.00000    0.00000    0.00000    0.00000    0.00000    0.03001    -0.11286   3.31188    0.13782    0.99508    37.89451
G-C        0.00000    0.00000    0.00000    0.00000    0.00000    0.00000    -0.05448   0.37839    3.37860    -0.47416   5.27236    36.07462
C-G        0.00000    0.00000    0.00000    0.00000    0.00000    0.00000    -0.07794   -0.44418   3.32261    -0.55723   2.27712    34.59278
A-T        0.00000    0.00000    0.00000    0.00000    0.00000    0.00000    -0.12399   0.27683    3.35315    -0.62779   5.37807    36.74160
A-T        0.00000    0.00000    0.00000    0.00000    0.00000    0.00000    -0.00176   -0.21208   3.24333    -0.05313   0.32654    36.20420
A-T        0.00000    0.00000    0.00000    0.00000    0.00000    0.00000    0.02264    -0.20943   3.24351    0.28021    0.27731    36.23070
G-C        0.00000    0.00000    0.00000    0.00000    0.00000    0.00000    0.01208    -0.28726   3.32668    0.29787    3.46697    33.75568
G-C        0.00000    0.00000    0.00000    0.00000    0.00000    0.00000    0.10954    -0.26557   3.38299    0.80418    4.16091    34.80866
C-G        0.00000    0.00000    0.00000    0.00000    0.00000    0.00000    0.06775    -0.42624   3.33236    0.42040    1.67445    34.81562
C-G        0.00000    0.00000    0.00000    0.00000    0.00000    0.00000    0.03330    -0.29790   3.39384    -0.01825   3.55080    34.95243
G-C        0.00000    0.00000    0.00000    0.00000    0.00000    0.00000    -0.09018   0.37676    3.37676    -1.26821   5.00782    36.10301
G-C        0.00000    0.00000    0.00000    0.00000    0.00000    0.00000    -0.15822   -0.31046   3.38619    -1.48152   4.58066    34.55674
C-G        0.00000    0.00000    0.00000    0.00000    0.00000    0.00000    -0.11562   -0.46753   3.30680    -1.02434   3.09474    34.18669
C-G        0.00000    0.00000    0.00000    0.00000    0.00000    0.00000    -0.10738   -0.30967   3.37053    -0.62395   6.09273    34.02864
C-G        0.00000    0.00000    0.00000    0.00000    0.00000    0.00000    -0.00851   -0.27589   3.36561    0.32569    6.16750    34.07498
G-C        0.00000    0.00000    0.00000    0.00000    0.00000    0.00000    0.11661    0.39996    3.37459    1.67679    7.42057    35.29295
A-T        0.00000    0.00000    0.00000    0.00000    0.00000    0.00000    0.10622    -0.06867   3.30545    1.40543    1.75515    37.71105
C-G        0.00000    0.00000    0.00000    0.00000    0.00000    0.00000    0.06776    -0.63655   3.29418    1.16027    0.67001    33.30663
A-T        0.00000    0.00000    0.00000    0.00000    0.00000    0.00000    0.04362    0.36619    3.33420    0.62775    2.51393    37.79313
C-G        0.00000    0.00000    0.00000    0.00000    0.00000    0.00000    0.02168    -0.64999   3.31376    -0.05330   -0.27510   33.61306
G-C        0.00000    0.00000    0.00000    0.00000    0.00000    0.00000    -0.15383   0.41044    3.36940    -2.19111   3.88625    36.42571
A-T        0.00000    0.00000    0.00000    0.00000    0.00000    0.00000    -0.17033   -0.10916   3.29833    -1.83663   1.37211    37.51515
C-G        0.00000    0.00000    0.00000    0.00000    0.00000    0.00000    -0.10585   -0.64069   3.25112    -1.01663   2.55111    32.69146
T-A        0.00000    0.00000    0.00000    0.00000    0.00000    0.00000    -0.04931   -0.31434   3.30811    -0.50750   5.69616    32.92149
T-A        0.00000    0.00000    0.00000    0.00000    0.00000    0.00000    -0.02609   -0.17707   3.22834    0.07282    2.98289    35.21710
A-T        0.00000    0.00000    0.00000    0.00000    0.00000    0.00000    0.05995    0.17780    3.35772    1.43341    5.78277    37.59891
C-G        0.00000    0.00000    0.00000    0.00000    0.00000    0.00000    0.05873    -0.63253   3.26782    1.77667    1.90665    32.90194
T-A        0.00000    0.00000    0.00000    0.00000    0.00000    0.00000    0.11958    -0.29264   3.33027    2.54433    2.15077    34.09504
G-C        0.00000    0.00000    0.00000    0.00000    0.00000    0.00000    0.15821    0.43623    3.32457    1.54843    1.42923    38.46128
T-A        0.00000    0.00000    0.00000    0.00000    0.00000    0.00000    0.02268    -0.65081   3.32968    -0.32244   -1.07728   33.92055
A-T        0.00000    0.00000    0.00000    0.00000    0.00000    0.00000    -0.07074   0.76282    3.39637    -1.56642   -6.33423   44.46806
G-C        0.00000    0.00000    0.00000    0.00000    0.00000    0.00000    -0.10503   -0.32538   3.33252    -2.87229   2.80793    34.13584
G-C        0.00000    0.00000    0.00000    0.00000    0.00000    0.00000    -0.30914   -0.28138   3.37298    -3.06981   5.74775    34.42754
T-A        0.00000    0.00000    0.00000    0.00000    0.00000    0.00000    -0.04344   -0.64133   3.23016    -1.25690   3.83428    32.41481
A-T        0.00000    0.00000    0.00000    0.00000    0.00000    0.00000    -0.02564   -0.08318   3.35093    -0.02656   9.96550    35.45219
T-A        0.00000    0.00000    0.00000    0.00000    0.00000    0.00000    0.01142    -0.64926   3.20102    0.70636    2.37653    30.86886
C-G        0.00000    0.00000    0.00000    0.00000    0.00000    0.00000    0.21216    -0.05860   3.28042    2.49647    2.91030    37.15472
T-A        0.00000    0.00000    0.00000    0.00000    0.00000    0.00000    0.12683    -0.29802   3.32774    3.20291    2.56087    34.13223
C-G        0.00000    0.00000    0.00000    0.00000    0.00000    0.00000    0.18815    -0.10022   3.32110    1.89232    -1.23783   38.68543
G-C        0.00000    0.00000    0.00000    0.00000    0.00000    0.00000    0.04223    0.53078    3.35941    0.39195    0.77814    37.68933
A-T        0.00000    0.00000    0.00000    0.00000    0.00000    0.00000    -0.15020   -0.11275   3.32661    -1.57368   -1.59595   38.83401
G-C        0.00000    0.00000    0.00000    0.00000    0.00000    0.00000    -0.11907   -0.31711   3.33363    -3.19970   2.05703    34.27094
C-G        0.00000    0.00000    0.00000    0.00000    0.00000    0.00000    -0.26288   -0.45894   3.30508    -2.92760   3.08956    34.30832
T-A        0.00000    0.00000    0.00000    0.00000    0.00000    0.00000    -0.05866   -0.30083   3.30514    -1.66047   6.16507    32.90420
C-G        0.00000    0.00000    0.00000    0.00000    0.00000    0.00000    -0.03527   -0.05733   3.26615    -0.43462   5.43615    36.28100
G-C        0.00000    0.00000    0.00000    0.00000    0.00000    0.00000    0.17942    0.27882    3.37959    2.30604    10.61594   34.18025
G-C        0.00000    0.00000    0.00000    0.00000    0.00000    0.00000    0.33201    -0.32703   3.36647    3.22065    6.59558    33.98834
G-C        0.00000    0.00000    0.00000    0.00000    0.00000    0.00000    0.35583    -0.31075   3.38445    3.58268    4.46451    34.80457
A-T        0.00000    0.00000    0.00000    0.00000    0.00000    0.00000    0.15419    -0.11228   3.33567    2.17783    -0.84756   38.92597
T-A        0.00000    0.00000    0.00000    0.00000    0.00000    0.00000    0.00402    -0.70603   3.27468    0.38778    -3.26745   32.77837
C-G        0.00000    0.00000    0.00000    0.00000    0.00000    0.00000    -0.05781   -0.11257   3.34059    -0.90846   -1.98926   39.22349
C-G        0.00000    0.00000    0.00000    0.00000    0.00000    0.00000    -0.27673   -0.26334   3.39359    -2.79642   2.55950    35.43107
G-C        0.00000    0.00000    0.00000    0.00000    0.00000    0.00000    -0.38147   0.42602    3.36888    -4.90494   5.82416    35.90606
C-G        0.00000    0.00000    0.00000    0.00000    0.00000    0.00000    -0.19522   -0.46969   3.28564    -2.31133   3.96637    33.88007
T-A        0.00000    0.00000    0.00000    0.00000    0.00000    0.00000    0.00176    -0.29313   3.29768    -0.62314   6.68087    32.64481
T-A        0.00000    0.00000    0.00000    0.00000    0.00000    0.00000    0.01655    -0.16543   3.22240    0.24929    4.01260    34.87700
T-A        0.00000    0.00000    0.00000    0.00000    0.00000    0.00000    0.04787    -0.19745   3.22963    1.26910    2.49629    35.29820
A-T        0.00000    0.00000    0.00000    0.00000    0.00000    0.00000    0.15321    0.28777    3.36970    2.54532    1.64934    39.54189
A-T        0.00000    0.00000    0.00000    0.00000    0.00000    0.00000    0.06653    -0.29669   3.25540    1.47708    -2.81728   36.85349
C-G        0.00000    0.00000    0.00000    0.00000    0.00000    0.00000    0.01218    -0.65659   3.32460    0.87139    -0.98947   33.54884
A-T        0.00000    0.00000    0.00000    0.00000    0.00000    0.00000    -0.11449   0.41462    3.31571    -0.87996   0.93814    38.16948
C-G        0.00000    0.00000    0.00000    0.00000    0.00000    0.00000    -0.08929   -0.62638   3.29963    -1.20463   -0.18083   33.30332
T-A        0.00000    0.00000    0.00000    0.00000    0.00000    0.00000    -0.05161   -0.29395   3.32391    -2.09788   2.93684    33.44751
T-A        0.00000    0.00000    0.00000    0.00000    0.00000    0.00000    -0.06073   -0.20324   3.23357    -1.48799   1.51261    35.49600
T-A        0.00000    0.00000    0.00000    0.00000    0.00000    0.00000    -0.02326   -0.18065   3.22641    -0.78190   3.03682    35.02577
A-T        0.00000    0.00000    0.00000    0.00000    0.00000    0.00000    0.05842    -0.06711   3.34758    0.37669    8.73591    35.45980
T-A        0.00000    0.00000    0.00000    0.00000    0.00000    0.00000    0.03792    -0.66685   3.20983    0.68812    1.65093    30.80707
G-C        0.00000    0.00000    0.00000    0.00000    0.00000    0.00000    0.21667    0.18850    3.35115    2.19115    5.95988    36.17933
C-G        0.00000    0.00000    0.00000    0.00000    0.00000    0.00000    0.15214    -0.43974   3.32790    1.78275    1.75375    34.57483
T-A        0.00000    0.00000    0.00000    0.00000    0.00000    0.00000    0.03988    -0.33575   3.33979    1.36894    1.39418    34.10543
T-A        0.00000    0.00000    0.00000    0.00000    0.00000    0.00000    -0.04143   -0.29742   3.26011    0.01069    -3.50306   37.16574
C-G        0.00000    0.00000    0.00000    0.00000    0.00000    0.00000    -0.08693   -0.09676   3.32027    -1.06826   -0.10206   38.21692
T-A        0.00000    0.00000    0.00000    0.00000    0.00000    0.00000    -0.03644   -0.29104   3.33000    -1.20783   2.72754    33.78148
C-G        0.00000    0.00000    0.00000    0.00000    0.00000    0.00000    -0.09679   -0.06752   3.29834    -1.35733   2.26566    37.38934
A-T        0.00000    0.00000    0.00000    0.00000    0.00000    0.00000    -0.08777   0.24605    3.35543    -0.82590   6.96524    35.92679
T-A        0.00000    0.00000    0.00000    0.00000    0.00000    0.00000    0.02335    -0.66230   3.21364    0.02352    1.39570    30.98669
G-C        0.00000    0.00000    0.00000    0.00000    0.00000    0.00000    0.15412    0.18151    3.35940    0.90586    6.84136    35.85850
T-A        0.00000    0.00000    0.00000    0.00000    0.00000    0.00000    0.08185    -0.64619   3.26539    0.63330    1.93080    32.81654
T-A        0.00000    0.00000    0.00000    0.00000    0.00000    0.00000    0.01346    -0.26990   3.24926    0.76264    -1.12904   36.33584
A-T        0.00000    0.00000    0.00000    0.00000    0.00000    0.00000    0.01274    0.49595    3.38222    0.59381    -2.46550   41.67746
T-A        0.00000    0.00000    0.00000    0.00000    0.00000    0.00000    -0.02239   -0.69354   3.24884    -0.00846   -1.30255   31.78794
A-T        0.00000    0.00000    0.00000    0.00000    0.00000    0.00000    -0.07392   0.57527    3.37905    -0.59715   -2.39490   41.80661
A-T        0.00000    0.00000    0.00000    0.00000    0.00000    0.00000    -0.01678   -0.24099   3.24820    -0.57014   -0.93351   36.36058
C-G        0.00000    0.00000    0.00000    0.00000    0.00000    0.00000    -0.04188   -0.62047   3.26588    -0.31797   1.75699    32.84792
G-C        0.00000    0.00000    0.00000    0.00000    0.00000    0.00000    -0.03087   0.40811    3.37144    -0.58942   6.85319    35.31844
G-C        0.00000    0.00000    0.00000    0.00000    0.00000    0.00000    0.03955    -0.28136   3.37200    0.04811    5.38810    34.17749
A-T        0.00000    0.00000    0.00000    0.00000    0.00000    0.00000    0.04153    -0.09057   3.29850    0.41700    2.18549    37.26845
C-G        0.00000    0.00000    0.00000    0.00000    0.00000    0.00000    0.03408    -0.65229   3.27555    0.58472    1.61883    32.82250
G-C        0.00000    0.00000    0.00000    0.00000    0.00000    0.00000    0.06205    0.35732    3.37354    0.70416    5.67127    35.64296
G-C        0.00000    0.00000    0.00000    0.00000    0.00000    0.00000    -0.01954   -0.32410   3.38909    -0.04182   4.18536    34.49818
C-G        0.00000    0.00000    0.00000    0.00000    0.00000    0.00000    -0.04787   -0.44525   3.32189    -0.27591   2.16083    34.43926
T-A        0.00000    0.00000    0.00000    0.00000    0.00000    0.00000    -0.02004   -0.31672   3.32708    0.03333    3.30574    33.54109
C-G        0.00000    0.00000    0.00000    0.00000    0.00000    0.00000    -0.02799   -0.07884   3.30028    -0.29044   1.88602    37.42001
G-C        0.00000    0.00000    0.00000    0.00000    0.00000    0.00000    -0.01690   0.41958    3.37103    -0.06871   6.46370    35.46373
T-A        0.00000    0.00000    0.00000    0.00000    0.00000    0.00000    0.03000    -0.62306   3.26629    -0.00367   1.79017    32.83107
A-T        0.00000    0.00000    0.00000    0.00000    0.00000    0.00000    0.05533    0.45956    3.37232    0.47054    0.38407    40.41026
T-A        0.00000    0.00000    0.00000    0.00000    0.00000    0.00000    0.02861    -0.68157   3.23859    0.21553    -0.50095   31.57369
A-T        0.00000    0.00000    0.00000    0.00000    0.00000    0.00000    0.04753    0.47611    3.37956    0.20480    -1.50453   41.23406
A-T        0.00000    0.00000    0.00000    0.00000    0.00000    0.00000    0.02017    -0.27735   3.25184    -0.19001   -1.60909   36.46473
T-A        0.00000    0.00000    0.00000    0.00000    0.00000    0.00000    -0.01131   -0.69081   3.24046    -0.29305   -0.54875   31.57893
G-C        0.00000    0.00000    0.00000    0.00000    0.00000    0.00000    -0.02557   0.19330    3.35325    -0.84838   5.32678    36.28517
T-A        0.00000    0.00000    0.00000    0.00000    0.00000    0.00000    -0.04473   -0.64547   3.26350    -0.68974   2.12611    32.65698
G-C        0.00000    0.00000    0.00000    0.00000    0.00000    0.00000    0.00534    0.21677    3.35565    -0.26178   6.61082    35.87133
T-A        0.00000    0.00000    0.00000    0.00000    0.00000    0.00000    0.00738    -0.62251   3.25078    0.07558    2.48144    32.56392
C-G        0.00000    0.00000    0.00000    0.00000    0.00000    0.00000    0.08668    -0.06389   3.28941    0.93635    2.28957    37.18485
G-C        0.00000    0.00000    0.00000    0.00000    0.00000    0.00000    0.17292    0.44266    3.36644    2.03519    5.56343    35.76314
A-T        0.00000    0.00000    0.00000    0.00000    0.00000    0.00000    0.07434    -0.09262   3.31465    0.88528    0.47861    37.97759
C-G        0.00000    0.00000    0.00000    0.00000    0.00000    0.00000    0.04326    -0.64766   3.30411    0.33686    0.14043    33.33414
C-G        0.00000    0.00000    0.00000    0.00000    0.00000    0.00000    -0.01788   -0.30849   3.39379    -0.56268   3.11311    34.84307
A-T        0.00000    0.00000    0.00000    0.00000    0.00000    0.00000    -0.14199   0.24366    3.34326    -1.51888   4.12579    36.93087
A-T        0.00000    0.00000    0.00000    0.00000    0.00000    0.00000    -0.03162   -0.25097   3.24310    -1.01686   0.00095    35.93516
A-T        0.00000    0.00000    0.00000    0.00000    0.00000    0.00000    -0.03089   -0.21766   3.23611    -0.65414   1.50289    35.54681
T-A        0.00000    0.00000    0.00000    0.00000    0.00000    0.00000    -0.02668   -0.66109   3.21013    -0.08258   1.70771    30.89505
G-C        0.00000    0.00000    0.00000    0.00000    0.00000    0.00000    -0.27000   -1.09600   3.26700    0.65900    -9.99400   39.97800
T-A        0.00000    0.00000    0.00000    0.00000    0.00000    0.00000    -0.92800   -1.59300   3.28000    -2.06300   -8.66200   31.96100
G-C        0.00000    0.00000    0.00000    0.00000    0.00000    0.00000    -0.32200   -0.59200   3.18200    -1.62200   -0.34400   39.42200
A-T        0.00000    0.00000    0.00000    0.00000    0.00000    0.00000    0.12100    -0.98200   3.10500    2.84700    -6.38400   31.81100
G-C        0.00000    0.00000    0.00000    0.00000    0.00000    0.00000    0.96100    -0.48300   2.89500    -0.87800   -7.57600   33.58400
C-G        0.00000    0.00000    0.00000    0.00000    0.00000    0.00000    -0.71700   -0.08600   3.08800    11.68700   -4.89500   33.31100
G-C        0.00000    0.00000    0.00000    0.00000    0.00000    0.00000    -0.05000   1.55100    5.41000    -0.16000   60.13100   13.23400
C-G        0.00000    0.00000    0.00000    0.00000    0.00000    0.00000    0.67500    -0.12400   3.12600    -12.51500  -5.65000   33.18600
T-A        0.00000    0.00000    0.00000    0.00000    0.00000    0.00000    -0.92700   -0.52800   2.87900    1.16800    -8.57300   33.49200
C-G        0.00000    0.00000    0.00000    0.00000    0.00000    0.00000    -0.13300   -1.01800   3.05000    -2.59300   -6.06700   32.11100
A-T        0.00000    0.00000    0.00000    0.00000    0.00000    0.00000    0.37600    -0.59600   3.22500    2.12800    -0.58400   39.45000
C-G        0.00000    0.00000    0.00000    0.00000    0.00000    0.00000    0.90400    -1.56500   3.20600    2.30700    -8.21000   32.14500
A-T        0.00000    0.00000    0.00000    0.00000    0.00000    0.00000    0.52900    -0.91300   3.45900    1.67500    -11.72900  37.48400
