147 # base pairs
  0 # ***local base-pair & step parameters***
#          Shear      Stretch    Stagger    Buckle     Prop-Tw    Opening    Shift      Slide      Rise       Tilt       Roll       Twist
A-T        0.00000    0.00000    0.00000    0.00000    0.00000    0.00000    0.00000    0.00000    0.00000    0.00000    0.00000    0.00000
G-C        0.00000    0.00000    0.00000    0.00000    0.00000    0.00000    -0.27000   -1.09500   3.26900    0.65500    -9.99300   39.97500
T-A        0.00000    0.00000    0.00000    0.00000    0.00000    0.00000    -0.92900   -1.59400   3.27900    -2.06900   -8.63400   31.93800
G-C        0.00000    0.00000    0.00000    0.00000    0.00000    0.00000    -0.32200   -0.59300   3.18200    -1.66400   -0.37500   39.43600
A-T        0.00000    0.00000    0.00000    0.00000    0.00000    0.00000    0.12100    -0.98400   3.10400    2.85800    -6.38900   31.82300
G-C        0.00000    0.00000    0.00000    0.00000    0.00000    0.00000    0.96000    -0.48500   2.89700    -0.88500   -7.59600   33.57900
C-G        0.00000    0.00000    0.00000    0.00000    0.00000    0.00000    -0.71600   -0.08700   3.08600    11.71000   -4.91700   33.30600
G-C        0.00000    0.00000    0.00000    0.00000    0.00000    0.00000    -0.04800   1.55200    5.41100    -0.14600   60.13700   13.20200
C-G        0.00000    0.00000    0.00000    0.00000    0.00000    0.00000    0.67500    -0.12200   3.12500    -12.51800  -5.63900   33.20600
T-A        0.00000    0.00000    0.00000    0.00000    0.00000    0.00000    -0.92700   -0.52800   2.87800    1.16700    -8.56000   33.49500
C-G        0.00000    0.00000    0.00000    0.00000    0.00000    0.00000    -0.13300   -1.01700   3.05000    -2.61000   -6.08100   32.11700
A-T        0.00000    0.00000    0.00000    0.00000    0.00000    0.00000    0.37700    -0.59600   3.22400    2.15400    -0.57500   39.43500
C-G        0.00000    0.00000    0.00000    0.00000    0.00000    0.00000    0.90400    -1.56500   3.20800    2.29400    -8.21000   32.14300
A-T        0.00000    0.00000    0.00000    0.00000    0.00000    0.00000    0.52900    -0.91300   3.45700    1.67600    -11.72600  37.48400
A-T        0.00000    0.00000    0.00000    0.00000    0.00000    0.00000    -0.08275   -0.10252   3.24169    -1.23327   0.14658    36.60260
T-A        0.00000    0.00000    0.00000    0.00000    0.00000    0.00000    -0.02326   -0.73602   3.31304    -0.48673   -2.39360   33.58835
T-A        0.00000    0.00000    0.00000    0.00000    0.00000    0.00000    -0.00685   -0.36309   3.26987    -0.35745   -1.94827   36.74786
T-A        0.00000    0.00000    0.00000    0.00000    0.00000    0.00000    0.00769    -0.15992   3.25969    -0.17878   1.60905    35.47560
A-T        0.00000    0.00000    0.00000    0.00000    0.00000    0.00000    0.08141    0.32665    3.40995    0.37492    0.89178    40.29318
T-A        0.00000    0.00000    0.00000    0.00000    0.00000    0.00000    -0.00557   -0.69210   3.26072    0.03645    -1.24897   32.62921
T-A        0.00000    0.00000    0.00000    0.00000    0.00000    0.00000    0.04282    -0.24949   3.25241    1.41608    -1.81454   37.19232
C-G        0.00000    0.00000    0.00000    0.00000    0.00000    0.00000    0.01271    -0.00958   3.30450    0.49253    1.10646    37.28762
G-C        0.00000    0.00000    0.00000    0.00000    0.00000    0.00000    -0.11511   0.56655    3.33862    -1.27450   8.17971    34.15822
C-G        0.00000    0.00000    0.00000    0.00000    0.00000    0.00000    -0.18811   -0.42598   3.26216    -1.44627   3.13364    31.95964
A-T        0.00000    0.00000    0.00000    0.00000    0.00000    0.00000    -0.24689   0.53359    3.29622    -1.73843   4.09338    36.70296
A-T        0.00000    0.00000    0.00000    0.00000    0.00000    0.00000    0.01404    -0.11482   3.27661    0.09192    1.37329    35.67566
A-T        0.00000    0.00000    0.00000    0.00000    0.00000    0.00000    -0.05440   -0.33128   3.24280    -0.13301   -0.13124   35.98225
G-C        0.00000    0.00000    0.00000    0.00000    0.00000    0.00000    0.01640    -0.45787   3.35382    0.64141    3.61592    33.03895
G-C        0.00000    0.00000    0.00000    0.00000    0.00000    0.00000    0.12243    -0.33182   3.43609    0.72834    3.52969    36.14946
C-G        0.00000    0.00000    0.00000    0.00000    0.00000    0.00000    0.16979    -0.35953   3.27771    1.16804    2.26162    34.86010
C-G        0.00000    0.00000    0.00000    0.00000    0.00000    0.00000    -0.21576   -0.26743   3.37331    -0.09384   2.83454    34.81349
G-C        0.00000    0.00000    0.00000    0.00000    0.00000    0.00000    -0.06671   0.32750    3.08697    -0.78406   4.77211    32.28658
G-C        0.00000    0.00000    0.00000    0.00000    0.00000    0.00000    0.10886    -0.27549   3.36364    -1.14725   3.60736    34.79477
C-G        0.00000    0.00000    0.00000    0.00000    0.00000    0.00000    -0.23662   -0.41081   3.27120    -1.75394   3.26148    34.47617
C-G        0.00000    0.00000    0.00000    0.00000    0.00000    0.00000    0.10442    -0.41667   3.38185    -1.11757   5.59542    34.09713
C-G        0.00000    0.00000    0.00000    0.00000    0.00000    0.00000    0.00839    -0.21961   3.35602    1.47411    4.82430    34.79379
G-C        0.00000    0.00000    0.00000    0.00000    0.00000    0.00000    -0.18057   0.80826    3.28905    -0.21063   4.98759    34.33780
A-T        0.00000    0.00000    0.00000    0.00000    0.00000    0.00000    0.02568    -0.05337   3.19744    0.55574    0.22745    36.78447
C-G        0.00000    0.00000    0.00000    0.00000    0.00000    0.00000    0.17328    -0.51255   3.17823    1.24014    2.08664    32.22999
A-T        0.00000    0.00000    0.00000    0.00000    0.00000    0.00000    0.19325    -0.02249   3.38766    0.22587    1.91878    37.84441
C-G        0.00000    0.00000    0.00000    0.00000    0.00000    0.00000    0.21181    -0.51742   3.32058    0.32505    0.33935    32.22278
G-C        0.00000    0.00000    0.00000    0.00000    0.00000    0.00000    -0.06132   0.47813    3.27700    -1.63597   1.46303    37.50335
A-T        0.00000    0.00000    0.00000    0.00000    0.00000    0.00000    -0.22543   -0.05675   3.16195    -2.35786   -0.31936   36.40085
C-G        0.00000    0.00000    0.00000    0.00000    0.00000    0.00000    -0.20319   -0.67249   3.22177    -0.58489   3.72306    32.50518
T-A        0.00000    0.00000    0.00000    0.00000    0.00000    0.00000    -0.03833   -0.59850   3.51169    -1.82572   6.10104    35.91151
T-A        0.00000    0.00000    0.00000    0.00000    0.00000    0.00000    0.00944    -0.07528   3.16509    -0.24754   4.31733    31.81890
A-T        0.00000    0.00000    0.00000    0.00000    0.00000    0.00000    0.07877    -0.14678   3.30247    0.88822    9.43936    33.64034
C-G        0.00000    0.00000    0.00000    0.00000    0.00000    0.00000    0.13221    -0.67795   3.25089    2.04130    3.07647    32.42782
T-A        0.00000    0.00000    0.00000    0.00000    0.00000    0.00000    -0.10851   -0.66265   3.32456    2.91230    5.02911    33.74294
C-G        0.00000    0.00000    0.00000    0.00000    0.00000    0.00000    0.44459    0.06816    3.29035    2.92500    0.93299    35.80128
A-T        0.00000    0.00000    0.00000    0.00000    0.00000    0.00000    -0.31788   0.24456    3.35598    0.53811    4.14301    35.58662
T-A        0.00000    0.00000    0.00000    0.00000    0.00000    0.00000    0.00042    -0.52588   3.26192    -0.36100   -0.18084   31.89595
G-C        0.00000    0.00000    0.00000    0.00000    0.00000    0.00000    -0.16810   -0.20122   3.45795    -3.24688   1.03204    38.74371
T-A        0.00000    0.00000    0.00000    0.00000    0.00000    0.00000    -0.09188   -0.64969   3.32448    -1.85572   -0.43734   33.80065
T-A        0.00000    0.00000    0.00000    0.00000    0.00000    0.00000    -0.08958   -0.22042   3.16404    -1.93732   3.66869    34.71412
A-T        0.00000    0.00000    0.00000    0.00000    0.00000    0.00000    -0.02070   0.24891    3.32520    -0.85782   6.93342    35.69837
T-A        0.00000    0.00000    0.00000    0.00000    0.00000    0.00000    -0.00396   -0.71836   3.17486    0.57594    1.93975    31.33755
A-T        0.00000    0.00000    0.00000    0.00000    0.00000    0.00000    0.04580    0.34395    3.35510    2.24746    3.95407    37.65678
A-T        0.00000    0.00000    0.00000    0.00000    0.00000    0.00000    0.10166    -0.21424   3.19794    2.28320    0.42204    36.21193
C-G        0.00000    0.00000    0.00000    0.00000    0.00000    0.00000    0.11304    -0.72138   3.40956    1.45169    -2.28018   35.17673
G-C        0.00000    0.00000    0.00000    0.00000    0.00000    0.00000    0.18174    0.22928    3.28655    2.50784    -2.95648   41.31879
G-C        0.00000    0.00000    0.00000    0.00000    0.00000    0.00000    -0.25170   -0.22107   3.32578    -1.50637   2.47863    33.57445
A-T        0.00000    0.00000    0.00000    0.00000    0.00000    0.00000    -0.14051   -0.31502   3.38268    -1.59240   -1.24158   38.60018
T-A        0.00000    0.00000    0.00000    0.00000    0.00000    0.00000    -0.09223   -0.64612   3.19005    -0.97725   0.24242    30.27370
G-C        0.00000    0.00000    0.00000    0.00000    0.00000    0.00000    -0.11872   -0.13069   3.53691    -3.11314   7.71163    36.86769
T-A        0.00000    0.00000    0.00000    0.00000    0.00000    0.00000    -0.08430   -0.56238   3.15971    -0.84575   5.66916    29.95791
A-T        0.00000    0.00000    0.00000    0.00000    0.00000    0.00000    0.19494    -0.61195   3.35898    0.51089    15.63263   31.94326
G-C        0.00000    0.00000    0.00000    0.00000    0.00000    0.00000    -0.24694   -0.22518   3.22701    1.72790    8.28727    31.78793
G-C        0.00000    0.00000    0.00000    0.00000    0.00000    0.00000    0.15182    -0.70732   3.54648    2.68196    5.88232    35.74030
T-A        0.00000    0.00000    0.00000    0.00000    0.00000    0.00000    0.21294    -0.54485   3.26420    2.54024    -0.18706   32.55421
A-T        0.00000    0.00000    0.00000    0.00000    0.00000    0.00000    0.05530    -0.28092   3.36907    1.85600    -1.58456   38.88307
T-A        0.00000    0.00000    0.00000    0.00000    0.00000    0.00000    -0.09098   -0.77379   3.24343    -0.02764   -4.38647   33.56654
C-G        0.00000    0.00000    0.00000    0.00000    0.00000    0.00000    0.06102    -0.28453   3.35552    -1.69797   -2.37061   40.10990
T-A        0.00000    0.00000    0.00000    0.00000    0.00000    0.00000    0.05490    -0.31699   3.37724    -1.62602   2.23463    33.78884
C-G        0.00000    0.00000    0.00000    0.00000    0.00000    0.00000    -0.26882   -0.06739   3.43378    -3.07783   1.52194    37.51749
G-C        0.00000    0.00000    0.00000    0.00000    0.00000    0.00000    -0.11217   0.57232    3.34396    -3.32937   14.01995   32.08669
A-T        0.00000    0.00000    0.00000    0.00000    0.00000    0.00000    -0.13960   0.16329    3.29161    -2.81207   5.03029    35.58080
G-C        0.00000    0.00000    0.00000    0.00000    0.00000    0.00000    0.17541    -0.31060   3.32542    0.82222    6.33336    32.29671
C-G        0.00000    0.00000    0.00000    0.00000    0.00000    0.00000    0.13442    -0.52866   3.38289    1.72114    3.01633    35.98096
T-A        0.00000    0.00000    0.00000    0.00000    0.00000    0.00000    0.03790    -0.13377   3.30923    3.15863    1.80933    33.82878
C-G        0.00000    0.00000    0.00000    0.00000    0.00000    0.00000    0.27651    0.32443    3.27428    3.76825    0.16530    38.63516
G-C        0.00000    0.00000    0.00000    0.00000    0.00000    0.00000    0.17997    1.29366    3.40655    1.68473    0.48866    37.55951
G-C        0.00000    0.00000    0.00000    0.00000    0.00000    0.00000    -0.24513   -0.18876   3.40698    -3.29146   1.36473    36.46634
G-C        0.00000    0.00000    0.00000    0.00000    0.00000    0.00000    -0.26017   -0.18284   3.34474    -1.67556   4.97565    34.29985
A-T        0.00000    0.00000    0.00000    0.00000    0.00000    0.00000    -0.12278   -0.26383   3.35298    -1.46828   1.12741    37.78111
T-A        0.00000    0.00000    0.00000    0.00000    0.00000    0.00000    -0.01541   -0.62531   3.23465    -0.57846   2.26555    31.99413
C-G        0.00000    0.00000    0.00000    0.00000    0.00000    0.00000    0.05406    -0.22947   3.31746    -0.06202   3.04581    36.88965
C-G        0.00000    0.00000    0.00000    0.00000    0.00000    0.00000    -0.11400   -0.15648   3.28555    -0.55752   7.62973    32.58408
G-C        0.00000    0.00000    0.00000    0.00000    0.00000    0.00000    0.08592    0.41433    3.33815    1.41863    7.93310    35.06525
C-G        0.00000    0.00000    0.00000    0.00000    0.00000    0.00000    0.20845    -0.52258   3.43922    1.67077    1.02068    35.88306
T-A        0.00000    0.00000    0.00000    0.00000    0.00000    0.00000    0.35879    -0.43310   3.47465    3.74808    0.56104    36.23985
T-A        0.00000    0.00000    0.00000    0.00000    0.00000    0.00000    0.03924    -0.32963   3.27146    1.13495    -3.83434   37.43244
T-A        0.00000    0.00000    0.00000    0.00000    0.00000    0.00000    -0.05563   -0.31282   3.28831    -0.29543   -3.29387   36.75918
A-T        0.00000    0.00000    0.00000    0.00000    0.00000    0.00000    -0.11598   0.86526    3.30944    -0.86738   -3.50045   40.02101
A-T        0.00000    0.00000    0.00000    0.00000    0.00000    0.00000    -0.00385   -0.18117   3.21670    -1.07039   -0.62813   36.44039
C-G        0.00000    0.00000    0.00000    0.00000    0.00000    0.00000    -0.01973   -0.58932   3.34723    -0.69338   0.16354    34.37003
A-T        0.00000    0.00000    0.00000    0.00000    0.00000    0.00000    0.07033    0.01068    3.40148    -0.66459   4.70377    37.52301
C-G        0.00000    0.00000    0.00000    0.00000    0.00000    0.00000    0.21889    -0.65003   3.30509    0.54622    1.87837    33.03013
T-A        0.00000    0.00000    0.00000    0.00000    0.00000    0.00000    0.00538    -0.64040   3.54793    0.15545    3.65314    36.68859
T-A        0.00000    0.00000    0.00000    0.00000    0.00000    0.00000    0.06123    -0.32227   3.26334    0.99504    -1.95562   36.97919
T-A        0.00000    0.00000    0.00000    0.00000    0.00000    0.00000    -0.00991   -0.26905   3.27885    0.06432    -1.53284   36.34665
A-T        0.00000    0.00000    0.00000    0.00000    0.00000    0.00000    0.00956    0.32519    3.47497    -0.06495   -3.41058   43.75503
T-A        0.00000    0.00000    0.00000    0.00000    0.00000    0.00000    -0.05789   -0.72185   3.18387    -0.10112   1.52074    29.59087
G-C        0.00000    0.00000    0.00000    0.00000    0.00000    0.00000    -0.00720   -0.23142   3.31703    0.05610    5.69782    37.81480
C-G        0.00000    0.00000    0.00000    0.00000    0.00000    0.00000    0.14258    -0.40411   3.28364    -1.17292   2.18211    34.38241
T-A        0.00000    0.00000    0.00000    0.00000    0.00000    0.00000    0.10288    -0.41375   3.45775    1.35432    2.20679    36.00641
T-A        0.00000    0.00000    0.00000    0.00000    0.00000    0.00000    0.01304    -0.21865   3.20791    0.55341    2.72016    34.96552
C-G        0.00000    0.00000    0.00000    0.00000    0.00000    0.00000    0.09147    -0.20627   3.36179    0.20616    1.86248    37.67784
C-G        0.00000    0.00000    0.00000    0.00000    0.00000    0.00000    -0.01753   -0.17193   3.30715    -0.29697   5.69291    33.24803
G-C        0.00000    0.00000    0.00000    0.00000    0.00000    0.00000    0.05317    0.34973    3.11296    0.24984    5.71422    32.66778
G-C        0.00000    0.00000    0.00000    0.00000    0.00000    0.00000    0.20819    -0.24864   3.36972    -0.00028   3.65276    34.93128
C-G        0.00000    0.00000    0.00000    0.00000    0.00000    0.00000    0.06770    -0.58692   3.31284    -0.40653   2.46099    34.93221
T-A        0.00000    0.00000    0.00000    0.00000    0.00000    0.00000    -0.09370   -0.19065   3.33292    0.23266    2.86732    33.41767
C-G        0.00000    0.00000    0.00000    0.00000    0.00000    0.00000    0.01641    0.14937    3.34520    0.99745    1.97374    37.64538
G-C        0.00000    0.00000    0.00000    0.00000    0.00000    0.00000    -0.01663   0.54214    3.32253    -0.00495   4.68052    37.61533
T-A        0.00000    0.00000    0.00000    0.00000    0.00000    0.00000    0.24844    -0.73729   3.28376    -0.19037   2.59056    33.77952
A-T        0.00000    0.00000    0.00000    0.00000    0.00000    0.00000    0.03191    -0.36174   3.39877    0.81298    3.07077    37.75842
T-A        0.00000    0.00000    0.00000    0.00000    0.00000    0.00000    0.03242    -0.70279   3.22393    0.39876    -1.19425   32.02532
A-T        0.00000    0.00000    0.00000    0.00000    0.00000    0.00000    0.01124    0.37974    3.47989    0.42033    -4.25196   44.25116
A-T        0.00000    0.00000    0.00000    0.00000    0.00000    0.00000    -0.02596   -0.35164   3.24235    -0.33755   -0.92502   35.99429
T-A        0.00000    0.00000    0.00000    0.00000    0.00000    0.00000    0.01136    -0.68077   3.28778    -0.39018   -1.02213   32.67845
G-C        0.00000    0.00000    0.00000    0.00000    0.00000    0.00000    -0.11512   -0.15420   3.48836    -1.89867   3.92069    38.52235
T-A        0.00000    0.00000    0.00000    0.00000    0.00000    0.00000    -0.09010   -0.50256   3.27138    -1.29753   1.27023    32.06923
G-C        0.00000    0.00000    0.00000    0.00000    0.00000    0.00000    -0.11183   -0.02739   3.40355    -0.04962   5.62101    36.86728
T-A        0.00000    0.00000    0.00000    0.00000    0.00000    0.00000    -0.14286   -0.45726   3.15769    0.12371    3.74070    32.27957
C-G        0.00000    0.00000    0.00000    0.00000    0.00000    0.00000    0.16771    -0.04027   3.17414    1.65812    0.39796    36.71365
G-C        0.00000    0.00000    0.00000    0.00000    0.00000    0.00000    0.11884    0.71189    3.32174    2.84618    7.45788    34.68050
A-T        0.00000    0.00000    0.00000    0.00000    0.00000    0.00000    0.03865    -0.05420   3.21430    0.55195    -0.66492   37.51620
C-G        0.00000    0.00000    0.00000    0.00000    0.00000    0.00000    -0.09240   -0.80318   3.23265    0.06823    1.51214    33.27009
C-G        0.00000    0.00000    0.00000    0.00000    0.00000    0.00000    0.06243    -0.37936   3.40188    0.40579    4.17085    34.14569
A-T        0.00000    0.00000    0.00000    0.00000    0.00000    0.00000    -0.28328   1.00659    3.30138    -2.07573   -0.43697   40.02485
A-T        0.00000    0.00000    0.00000    0.00000    0.00000    0.00000    -0.01326   -0.15245   3.28591    -0.67472   -0.04382   36.47555
A-T        0.00000    0.00000    0.00000    0.00000    0.00000    0.00000    -0.00755   -0.37949   3.26483    -0.68539   -1.67143   36.66674
T-A        0.00000    0.00000    0.00000    0.00000    0.00000    0.00000    -0.02328   -0.57117   3.26499    -0.02545   1.61348    32.25416
G-C        0.00000    0.00000    0.00000    0.00000    0.00000    0.00000    -0.27000   -1.09600   3.26700    0.65900    -9.99400   39.97800
T-A        0.00000    0.00000    0.00000    0.00000    0.00000    0.00000    -0.92800   -1.59300   3.28000    -2.06300   -8.66200   31.96100
G-C        0.00000    0.00000    0.00000    0.00000    0.00000    0.00000    -0.32200   -0.59200   3.18200    -1.62200   -0.34400   39.42200
A-T        0.00000    0.00000    0.00000    0.00000    0.00000    0.00000    0.12100    -0.98200   3.10500    2.84700    -6.38400   31.81100
G-C        0.00000    0.00000    0.00000    0.00000    0.00000    0.00000    0.96100    -0.48300   2.89500    -0.87800   -7.57600   33.58400
C-G        0.00000    0.00000    0.00000    0.00000    0.00000    0.00000    -0.71700   -0.08600   3.08800    11.68700   -4.89500   33.31100
G-C        0.00000    0.00000    0.00000    0.00000    0.00000    0.00000    -0.05000   1.55100    5.41000    -0.16000   60.13100   13.23400
C-G        0.00000    0.00000    0.00000    0.00000    0.00000    0.00000    0.67500    -0.12400   3.12600    -12.51500  -5.65000   33.18600
T-A        0.00000    0.00000    0.00000    0.00000    0.00000    0.00000    -0.92700   -0.52800   2.87900    1.16800    -8.57300   33.49200
C-G        0.00000    0.00000    0.00000    0.00000    0.00000    0.00000    -0.13300   -1.01800   3.05000    -2.59300   -6.06700   32.11100
A-T        0.00000    0.00000    0.00000    0.00000    0.00000    0.00000    0.37600    -0.59600   3.22500    2.12800    -0.58400   39.45000
C-G        0.00000    0.00000    0.00000    0.00000    0.00000    0.00000    0.90400    -1.56500   3.20600    2.30700    -8.21000   32.14500
A-T        0.00000    0.00000    0.00000    0.00000    0.00000    0.00000    0.52900    -0.91300   3.45900    1.67500    -11.72900  37.48400
