147 # base pairs
  0 # ***local base-pair & step parameters***
#          Shear      Stretch    Stagger    Buckle     Prop-Tw    Opening    Shift      Slide      Rise       Tilt       Roll       Twist
A-T        0.00000    0.00000    0.00000    0.00000    0.00000    0.00000    0.00000    0.00000    0.00000    0.00000    0.00000    0.00000
G-C        0.00000    0.00000    0.00000    0.00000    0.00000    0.00000    -0.27000   -1.09500   3.26900    0.65500    -9.99300   39.97500
T-A        0.00000    0.00000    0.00000    0.00000    0.00000    0.00000    -0.92900   -1.59400   3.27900    -2.06900   -8.63400   31.93800
G-C        0.00000    0.00000    0.00000    0.00000    0.00000    0.00000    -0.32200   -0.59300   3.18200    -1.66400   -0.37500   39.43600
A-T        0.00000    0.00000    0.00000    0.00000    0.00000    0.00000    0.12100    -0.98400   3.10400    2.85800    -6.38900   31.82300
G-C        0.00000    0.00000    0.00000    0.00000    0.00000    0.00000    0.96000    -0.48500   2.89700    -0.88500   -7.59600   33.57900
C-G        0.00000    0.00000    0.00000    0.00000    0.00000    0.00000    -0.71600   -0.08700   3.08600    11.71000   -4.91700   33.30600
G-C        0.00000    0.00000    0.00000    0.00000    0.00000    0.00000    -0.04800   1.55200    5.41100    -0.14600   60.13700   13.20200
C-G        0.00000    0.00000    0.00000    0.00000    0.00000    0.00000    0.67500    -0.12200   3.12500    -12.51800  -5.63900   33.20600
T-A        0.00000    0.00000    0.00000    0.00000    0.00000    0.00000    -0.92700   -0.52800   2.87800    1.16700    -8.56000   33.49500
C-G        0.00000    0.00000    0.00000    0.00000    0.00000    0.00000    -0.13300   -1.01700   3.05000    -2.61000   -6.08100   32.11700
A-T        0.00000    0.00000    0.00000    0.00000    0.00000    0.00000    0.37700    -0.59600   3.22400    2.15400    -0.57500   39.43500
C-G        0.00000    0.00000    0.00000    0.00000    0.00000    0.00000    0.90400    -1.56500   3.20800    2.29400    -8.21000   32.14300
A-T        0.00000    0.00000    0.00000    0.00000    0.00000    0.00000    0.52900    -0.91300   3.45700    1.67600    -11.72600  37.48400
A-T        0.00000    0.00000    0.00000    0.00000    0.00000    0.00000    -0.03047   -0.12438   3.24863    -0.42571   -0.40219   37.03767
T-A        0.00000    0.00000    0.00000    0.00000    0.00000    0.00000    -0.02095   -0.73592   3.32337    -0.31687   -2.85893   33.79737
T-A        0.00000    0.00000    0.00000    0.00000    0.00000    0.00000    -0.00895   -0.36687   3.26571    -0.40940   -2.68829   36.95452
T-A        0.00000    0.00000    0.00000    0.00000    0.00000    0.00000    -0.00936   -0.19294   3.27265    -0.39486   0.18740    36.00393
A-T        0.00000    0.00000    0.00000    0.00000    0.00000    0.00000    0.05757    0.37907    3.42514    -0.30933   -0.14913   41.34373
T-A        0.00000    0.00000    0.00000    0.00000    0.00000    0.00000    -0.00456   -0.68819   3.25839    -0.35324   -0.93222   32.79466
T-A        0.00000    0.00000    0.00000    0.00000    0.00000    0.00000    0.02871    -0.24080   3.25168    1.03859    -0.97247   36.98488
C-G        0.00000    0.00000    0.00000    0.00000    0.00000    0.00000    0.02792    0.00215    3.30410    0.49869    1.67309    37.30976
G-C        0.00000    0.00000    0.00000    0.00000    0.00000    0.00000    -0.02250   0.55491    3.35732    -0.39749   8.90541    34.22821
C-G        0.00000    0.00000    0.00000    0.00000    0.00000    0.00000    -0.15842   -0.42670   3.26623    -1.10885   3.13821    32.09531
A-T        0.00000    0.00000    0.00000    0.00000    0.00000    0.00000    -0.15862   0.59095    3.31637    -0.90463   3.49701    37.52452
A-T        0.00000    0.00000    0.00000    0.00000    0.00000    0.00000    0.03981    -0.12256   3.28277    0.32689    0.57872    36.27112
A-T        0.00000    0.00000    0.00000    0.00000    0.00000    0.00000    -0.05488   -0.31802   3.25222    -0.26474   -1.15510   36.57732
G-C        0.00000    0.00000    0.00000    0.00000    0.00000    0.00000    0.01719    -0.43641   3.36455    0.35160    2.79344    33.67219
G-C        0.00000    0.00000    0.00000    0.00000    0.00000    0.00000    0.06877    -0.28025   3.44232    0.13517    2.87166    36.80393
C-G        0.00000    0.00000    0.00000    0.00000    0.00000    0.00000    0.08142    -0.34489   3.28416    0.40096    2.15503    35.21766
C-G        0.00000    0.00000    0.00000    0.00000    0.00000    0.00000    -0.25330   -0.24652   3.37216    -0.69474   3.09323    34.87454
G-C        0.00000    0.00000    0.00000    0.00000    0.00000    0.00000    -0.10173   0.33006    3.10230    -1.21621   5.51907    32.47963
G-C        0.00000    0.00000    0.00000    0.00000    0.00000    0.00000    0.08814    -0.26099   3.35776    -1.24155   4.28205    34.84731
C-G        0.00000    0.00000    0.00000    0.00000    0.00000    0.00000    -0.18877   -0.42627   3.27434    -1.34157   3.70789    34.62331
C-G        0.00000    0.00000    0.00000    0.00000    0.00000    0.00000    0.14993    -0.40497   3.38953    -0.33792   5.74499    34.31602
C-G        0.00000    0.00000    0.00000    0.00000    0.00000    0.00000    0.06526    -0.18595   3.36358    2.38911    4.68537    35.36083
G-C        0.00000    0.00000    0.00000    0.00000    0.00000    0.00000    -0.13026   0.89865    3.31115    0.33115    4.21696    35.07147
A-T        0.00000    0.00000    0.00000    0.00000    0.00000    0.00000    0.04566    -0.05195   3.20787    0.76924    -0.16041   37.17098
C-G        0.00000    0.00000    0.00000    0.00000    0.00000    0.00000    0.16664    -0.51943   3.19117    1.12687    1.44998    32.60950
A-T        0.00000    0.00000    0.00000    0.00000    0.00000    0.00000    0.18337    0.00243    3.39400    -0.34467   0.97309    38.70255
C-G        0.00000    0.00000    0.00000    0.00000    0.00000    0.00000    0.19518    -0.51575   3.32379    -0.07912   0.30287    32.47955
G-C        0.00000    0.00000    0.00000    0.00000    0.00000    0.00000    -0.10332   0.49084    3.28288    -2.62476   1.84417    37.69335
A-T        0.00000    0.00000    0.00000    0.00000    0.00000    0.00000    -0.24915   -0.05519   3.16144    -2.58989   -0.01231   36.44261
C-G        0.00000    0.00000    0.00000    0.00000    0.00000    0.00000    -0.24649   -0.67355   3.21298    -0.52591   4.40210    32.60393
T-A        0.00000    0.00000    0.00000    0.00000    0.00000    0.00000    -0.05658   -0.56597   3.50919    -1.49815   7.03886    36.36602
T-A        0.00000    0.00000    0.00000    0.00000    0.00000    0.00000    0.01985    -0.03343   3.16440    0.17753    4.77838    32.08087
A-T        0.00000    0.00000    0.00000    0.00000    0.00000    0.00000    0.10862    -0.01005   3.31803    1.42840    7.80642    35.46432
C-G        0.00000    0.00000    0.00000    0.00000    0.00000    0.00000    0.18717    -0.67944   3.27613    2.42196    2.29114    32.88091
T-A        0.00000    0.00000    0.00000    0.00000    0.00000    0.00000    -0.00808   -0.47803   3.35340    2.90863    4.29912    32.84037
G-C        0.00000    0.00000    0.00000    0.00000    0.00000    0.00000    0.08535    0.18856    3.33223    0.69834    2.11675    37.49807
T-A        0.00000    0.00000    0.00000    0.00000    0.00000    0.00000    0.19867    -0.49291   3.19473    0.53535    -2.03059   34.52789
A-T        0.00000    0.00000    0.00000    0.00000    0.00000    0.00000    -0.09704   1.40476    3.38554    -1.26567   -9.56532   46.64165
G-C        0.00000    0.00000    0.00000    0.00000    0.00000    0.00000    -0.31172   -0.04581   3.28913    -3.59868   4.06385    33.22606
G-C        0.00000    0.00000    0.00000    0.00000    0.00000    0.00000    -0.09275   -0.67118   3.48289    -2.15246   6.06834    35.40848
T-A        0.00000    0.00000    0.00000    0.00000    0.00000    0.00000    -0.03117   -0.43303   3.18802    -1.40165   3.61721    31.83801
A-T        0.00000    0.00000    0.00000    0.00000    0.00000    0.00000    -0.02904   -0.58112   3.42012    -0.11135   10.12483   35.41140
T-A        0.00000    0.00000    0.00000    0.00000    0.00000    0.00000    -0.04246   -0.63614   3.17379    1.04567    3.71320    31.71410
C-G        0.00000    0.00000    0.00000    0.00000    0.00000    0.00000    0.10496    -0.19865   3.46229    1.95979    3.65094    40.25066
T-A        0.00000    0.00000    0.00000    0.00000    0.00000    0.00000    0.19966    -0.26247   3.31507    2.42789    2.86607    34.62320
C-G        0.00000    0.00000    0.00000    0.00000    0.00000    0.00000    0.32710    0.43809    3.26207    4.14631    -1.05553   39.74928
G-C        0.00000    0.00000    0.00000    0.00000    0.00000    0.00000    0.02484    0.80183    3.25826    0.40209    -2.36779   38.02652
A-T        0.00000    0.00000    0.00000    0.00000    0.00000    0.00000    -0.26490   0.39433    3.28242    -3.41911   -1.49141   39.99467
G-C        0.00000    0.00000    0.00000    0.00000    0.00000    0.00000    -0.09193   -0.03214   3.30770    -3.90769   0.13907    34.75254
C-G        0.00000    0.00000    0.00000    0.00000    0.00000    0.00000    -0.17470   -0.49610   3.39824    -2.37692   2.41178    36.52819
T-A        0.00000    0.00000    0.00000    0.00000    0.00000    0.00000    -0.14987   -0.28721   3.33582    -1.73839   6.40064    32.58377
C-G        0.00000    0.00000    0.00000    0.00000    0.00000    0.00000    0.06675    0.08762    3.32496    1.68209    5.24321    35.71792
G-C        0.00000    0.00000    0.00000    0.00000    0.00000    0.00000    0.46104    0.68685    3.27679    3.30422    6.95129    34.18132
G-C        0.00000    0.00000    0.00000    0.00000    0.00000    0.00000    0.25607    -0.37264   3.39450    2.45603    4.87309    35.27552
G-C        0.00000    0.00000    0.00000    0.00000    0.00000    0.00000    0.33816    -0.29857   3.36709    3.73195    5.57744    34.88216
A-T        0.00000    0.00000    0.00000    0.00000    0.00000    0.00000    -0.00984   -0.31584   3.38833    1.75098    -2.59148   39.34702
T-A        0.00000    0.00000    0.00000    0.00000    0.00000    0.00000    0.00027    -0.60484   3.27100    0.25183    -1.14714   33.05338
C-G        0.00000    0.00000    0.00000    0.00000    0.00000    0.00000    0.02972    -0.32715   3.40259    -1.08432   -3.38001   39.69403
C-G        0.00000    0.00000    0.00000    0.00000    0.00000    0.00000    -0.45635   -0.06519   3.28766    -3.53663   5.44908    33.43246
G-C        0.00000    0.00000    0.00000    0.00000    0.00000    0.00000    -0.07920   0.46196    3.31660    -2.95321   6.41057    35.44964
C-G        0.00000    0.00000    0.00000    0.00000    0.00000    0.00000    -0.20925   -0.51831   3.41733    -2.43337   1.89232    35.34879
T-A        0.00000    0.00000    0.00000    0.00000    0.00000    0.00000    -0.03362   -0.43122   3.43564    0.01793    4.55543    35.19608
T-A        0.00000    0.00000    0.00000    0.00000    0.00000    0.00000    0.08004    -0.32060   3.23606    0.52908    2.04134    35.56589
T-A        0.00000    0.00000    0.00000    0.00000    0.00000    0.00000    0.05797    -0.14458   3.24346    0.76183    2.77427    35.02434
A-T        0.00000    0.00000    0.00000    0.00000    0.00000    0.00000    0.22503    0.57491    3.32137    2.22786    0.07274    38.49988
A-T        0.00000    0.00000    0.00000    0.00000    0.00000    0.00000    0.05904    -0.22938   3.23428    1.26793    -2.98585   37.36670
C-G        0.00000    0.00000    0.00000    0.00000    0.00000    0.00000    0.03442    -0.58072   3.38332    0.91133    -3.12118   35.45089
A-T        0.00000    0.00000    0.00000    0.00000    0.00000    0.00000    -0.00450   0.01685    3.36250    -2.12926   -0.07424   38.84700
C-G        0.00000    0.00000    0.00000    0.00000    0.00000    0.00000    -0.01022   -0.73300   3.31996    -1.46397   0.02872    32.75078
T-A        0.00000    0.00000    0.00000    0.00000    0.00000    0.00000    -0.02503   -0.64873   3.52414    -2.68394   3.58964    35.86709
T-A        0.00000    0.00000    0.00000    0.00000    0.00000    0.00000    0.04808    -0.35100   3.22883    -1.02197   1.02038    35.38399
T-A        0.00000    0.00000    0.00000    0.00000    0.00000    0.00000    0.00077    -0.09057   3.23977    -0.50307   4.44217    34.57699
A-T        0.00000    0.00000    0.00000    0.00000    0.00000    0.00000    0.08498    0.20691    3.34063    0.43919    5.93519    36.15341
T-A        0.00000    0.00000    0.00000    0.00000    0.00000    0.00000    -0.03452   -0.73215   3.14289    1.25898    3.57069    28.75611
G-C        0.00000    0.00000    0.00000    0.00000    0.00000    0.00000    0.02377    -0.25623   3.31935    0.74683    5.94737    37.46813
C-G        0.00000    0.00000    0.00000    0.00000    0.00000    0.00000    0.15772    -0.39117   3.33453    0.78969    0.86891    34.88388
T-A        0.00000    0.00000    0.00000    0.00000    0.00000    0.00000    0.26726    -0.42847   3.46513    3.02025    0.22797    36.17654
T-A        0.00000    0.00000    0.00000    0.00000    0.00000    0.00000    -0.01199   -0.24630   3.21904    -0.18803   -0.14369   35.47549
C-G        0.00000    0.00000    0.00000    0.00000    0.00000    0.00000    -0.02896   -0.23249   3.38269    -1.04128   0.01282    38.43168
C-G        0.00000    0.00000    0.00000    0.00000    0.00000    0.00000    -0.41580   -0.06897   3.27791    -2.84906   6.70234    32.85908
G-C        0.00000    0.00000    0.00000    0.00000    0.00000    0.00000    -0.15665   0.37399    3.11755    -1.74311   7.09525    32.08982
G-C        0.00000    0.00000    0.00000    0.00000    0.00000    0.00000    0.15830    -0.18848   3.32693    -0.45793   5.48547    34.36793
C-G        0.00000    0.00000    0.00000    0.00000    0.00000    0.00000    0.24288    -0.58578   3.29539    0.28193    3.29406    34.45538
T-A        0.00000    0.00000    0.00000    0.00000    0.00000    0.00000    0.01166    -0.21516   3.31803    1.30274    3.80103    32.87498
C-G        0.00000    0.00000    0.00000    0.00000    0.00000    0.00000    0.25100    0.19879    3.28386    3.25919    2.41776    36.88520
G-C        0.00000    0.00000    0.00000    0.00000    0.00000    0.00000    0.06075    0.48722    3.29633    1.32572    3.22669    37.26647
T-A        0.00000    0.00000    0.00000    0.00000    0.00000    0.00000    0.23450    -0.75014   3.30360    -0.19564   1.77734    33.74928
A-T        0.00000    0.00000    0.00000    0.00000    0.00000    0.00000    -0.05676   -0.37590   3.38929    -0.02438   1.84536    37.67135
T-A        0.00000    0.00000    0.00000    0.00000    0.00000    0.00000    -0.07793   -0.71392   3.21252    -0.22093   -0.97214   32.34401
C-G        0.00000    0.00000    0.00000    0.00000    0.00000    0.00000    -0.13896   -0.13085   3.29033    -1.62887   1.87461    38.85064
A-T        0.00000    0.00000    0.00000    0.00000    0.00000    0.00000    -0.39339   0.33403    3.36260    -0.67603   6.50582    35.45997
T-A        0.00000    0.00000    0.00000    0.00000    0.00000    0.00000    0.01717    -0.48797   3.23695    -0.06805   2.81817    31.08620
G-C        0.00000    0.00000    0.00000    0.00000    0.00000    0.00000    -0.00542   -0.08847   3.47026    -0.34244   5.13918    37.91440
T-A        0.00000    0.00000    0.00000    0.00000    0.00000    0.00000    0.04478    -0.61764   3.33586    0.31996    0.05898    33.82928
T-A        0.00000    0.00000    0.00000    0.00000    0.00000    0.00000    0.01945    -0.21538   3.20680    0.49079    -0.21082   35.71948
A-T        0.00000    0.00000    0.00000    0.00000    0.00000    0.00000    0.03720    0.22527    3.44370    -0.09392   -1.49704   41.53094
T-A        0.00000    0.00000    0.00000    0.00000    0.00000    0.00000    -0.01745   -0.71915   3.21270    -0.06433   -0.91554   31.52320
A-T        0.00000    0.00000    0.00000    0.00000    0.00000    0.00000    -0.07035   0.28038    3.43446    -0.02496   -1.02115   41.26982
A-T        0.00000    0.00000    0.00000    0.00000    0.00000    0.00000    -0.03100   -0.20114   3.20126    -0.35362   0.25003    35.56008
C-G        0.00000    0.00000    0.00000    0.00000    0.00000    0.00000    -0.04396   -0.66290   3.34930    -0.31781   0.49056    34.33453
G-C        0.00000    0.00000    0.00000    0.00000    0.00000    0.00000    0.14372    0.33202    3.27007    0.78993    5.41281    36.04767
G-C        0.00000    0.00000    0.00000    0.00000    0.00000    0.00000    0.25888    -0.10120   3.28481    1.59470    6.42014    32.80058
A-T        0.00000    0.00000    0.00000    0.00000    0.00000    0.00000    -0.03009   -0.27303   3.35368    0.34324    0.24254    37.91528
T-A        0.00000    0.00000    0.00000    0.00000    0.00000    0.00000    0.08153    -0.71822   3.21357    0.06344    -0.91133   32.30668
A-T        0.00000    0.00000    0.00000    0.00000    0.00000    0.00000    -0.00030   0.28314    3.45384    0.18781    -2.51667   42.34855
A-T        0.00000    0.00000    0.00000    0.00000    0.00000    0.00000    -0.03670   -0.34757   3.23964    -0.43501   0.16605    35.53550
T-A        0.00000    0.00000    0.00000    0.00000    0.00000    0.00000    -0.00362   -0.66929   3.27998    -0.28982   -0.42027   32.26241
G-C        0.00000    0.00000    0.00000    0.00000    0.00000    0.00000    -0.09473   -0.16638   3.48526    -1.40936   4.91755    37.78331
T-A        0.00000    0.00000    0.00000    0.00000    0.00000    0.00000    -0.03867   -0.49828   3.25467    -0.68059   1.43626    31.52999
G-C        0.00000    0.00000    0.00000    0.00000    0.00000    0.00000    -0.06542   -0.01918   3.38522    0.53128    5.30596    36.58745
T-A        0.00000    0.00000    0.00000    0.00000    0.00000    0.00000    -0.12161   -0.46655   3.16549    0.39431    3.24342    32.13003
C-G        0.00000    0.00000    0.00000    0.00000    0.00000    0.00000    0.17653    -0.04148   3.17000    1.74144    0.03989    36.60252
G-C        0.00000    0.00000    0.00000    0.00000    0.00000    0.00000    0.11007    0.70827    3.29766    2.13613    5.74859    34.59490
A-T        0.00000    0.00000    0.00000    0.00000    0.00000    0.00000    -0.00825   -0.05642   3.20168    -0.07431   -0.79200   37.20459
C-G        0.00000    0.00000    0.00000    0.00000    0.00000    0.00000    -0.07701   -0.79362   3.23366    -0.44488   1.55515    33.03256
C-G        0.00000    0.00000    0.00000    0.00000    0.00000    0.00000    0.05991    -0.43739   3.38931    -0.25180   5.01666    33.35603
A-T        0.00000    0.00000    0.00000    0.00000    0.00000    0.00000    -0.19507   0.80742    3.30834    -2.38927   3.03230    37.37257
A-T        0.00000    0.00000    0.00000    0.00000    0.00000    0.00000    -0.03232   -0.13872   3.27685    -0.50536   1.31685    35.62859
A-T        0.00000    0.00000    0.00000    0.00000    0.00000    0.00000    -0.00664   -0.37602   3.26951    -0.35592   -1.21395   36.43194
T-A        0.00000    0.00000    0.00000    0.00000    0.00000    0.00000    -0.01865   -0.57811   3.25881    0.48012    1.79690    31.81199
G-C        0.00000    0.00000    0.00000    0.00000    0.00000    0.00000    -0.27000   -1.09600   3.26700    0.65900    -9.99400   39.97800
T-A        0.00000    0.00000    0.00000    0.00000    0.00000    0.00000    -0.92800   -1.59300   3.28000    -2.06300   -8.66200   31.96100
G-C        0.00000    0.00000    0.00000    0.00000    0.00000    0.00000    -0.32200   -0.59200   3.18200    -1.62200   -0.34400   39.42200
A-T        0.00000    0.00000    0.00000    0.00000    0.00000    0.00000    0.12100    -0.98200   3.10500    2.84700    -6.38400   31.81100
G-C        0.00000    0.00000    0.00000    0.00000    0.00000    0.00000    0.96100    -0.48300   2.89500    -0.87800   -7.57600   33.58400
C-G        0.00000    0.00000    0.00000    0.00000    0.00000    0.00000    -0.71700   -0.08600   3.08800    11.68700   -4.89500   33.31100
G-C        0.00000    0.00000    0.00000    0.00000    0.00000    0.00000    -0.05000   1.55100    5.41000    -0.16000   60.13100   13.23400
C-G        0.00000    0.00000    0.00000    0.00000    0.00000    0.00000    0.67500    -0.12400   3.12600    -12.51500  -5.65000   33.18600
T-A        0.00000    0.00000    0.00000    0.00000    0.00000    0.00000    -0.92700   -0.52800   2.87900    1.16800    -8.57300   33.49200
C-G        0.00000    0.00000    0.00000    0.00000    0.00000    0.00000    -0.13300   -1.01800   3.05000    -2.59300   -6.06700   32.11100
A-T        0.00000    0.00000    0.00000    0.00000    0.00000    0.00000    0.37600    -0.59600   3.22500    2.12800    -0.58400   39.45000
C-G        0.00000    0.00000    0.00000    0.00000    0.00000    0.00000    0.90400    -1.56500   3.20600    2.30700    -8.21000   32.14500
A-T        0.00000    0.00000    0.00000    0.00000    0.00000    0.00000    0.52900    -0.91300   3.45900    1.67500    -11.72900  37.48400
