147 # base pairs
  0 # ***local base-pair & step parameters***
#          Shear      Stretch    Stagger    Buckle     Prop-Tw    Opening    Shift      Slide      Rise       Tilt       Roll       Twist
A-T        0.00000    0.00000    0.00000    0.00000    0.00000    0.00000    0.00000    0.00000    0.00000    0.00000    0.00000    0.00000
G-C        0.00000    0.00000    0.00000    0.00000    0.00000    0.00000    -0.27000   -1.09500   3.26900    0.65500    -9.99300   39.97500
T-A        0.00000    0.00000    0.00000    0.00000    0.00000    0.00000    -0.92900   -1.59400   3.27900    -2.06900   -8.63400   31.93800
G-C        0.00000    0.00000    0.00000    0.00000    0.00000    0.00000    -0.32200   -0.59300   3.18200    -1.66400   -0.37500   39.43600
A-T        0.00000    0.00000    0.00000    0.00000    0.00000    0.00000    0.12100    -0.98400   3.10400    2.85800    -6.38900   31.82300
G-C        0.00000    0.00000    0.00000    0.00000    0.00000    0.00000    0.96000    -0.48500   2.89700    -0.88500   -7.59600   33.57900
C-G        0.00000    0.00000    0.00000    0.00000    0.00000    0.00000    -0.71600   -0.08700   3.08600    11.71000   -4.91700   33.30600
G-C        0.00000    0.00000    0.00000    0.00000    0.00000    0.00000    -0.04800   1.55200    5.41100    -0.14600   60.13700   13.20200
C-G        0.00000    0.00000    0.00000    0.00000    0.00000    0.00000    0.67500    -0.12200   3.12500    -12.51800  -5.63900   33.20600
T-A        0.00000    0.00000    0.00000    0.00000    0.00000    0.00000    -0.92700   -0.52800   2.87800    1.16700    -8.56000   33.49500
C-G        0.00000    0.00000    0.00000    0.00000    0.00000    0.00000    -0.13300   -1.01700   3.05000    -2.61000   -6.08100   32.11700
A-T        0.00000    0.00000    0.00000    0.00000    0.00000    0.00000    0.37700    -0.59600   3.22400    2.15400    -0.57500   39.43500
C-G        0.00000    0.00000    0.00000    0.00000    0.00000    0.00000    0.90400    -1.56500   3.20800    2.29400    -8.21000   32.14300
A-T        0.00000    0.00000    0.00000    0.00000    0.00000    0.00000    0.52900    -0.91300   3.45700    1.67600    -11.72600  37.48400
A-T        0.00000    0.00000    0.00000    0.00000    0.00000    0.00000    -0.01641   -0.25775   3.24843    -0.53448   -1.23316   36.25543
T-A        0.00000    0.00000    0.00000    0.00000    0.00000    0.00000    -0.01986   -0.67378   3.23093    -0.37588   -0.02587   31.33872
T-A        0.00000    0.00000    0.00000    0.00000    0.00000    0.00000    -0.02793   -0.22205   3.24131    -0.38677   0.35300    35.86263
T-A        0.00000    0.00000    0.00000    0.00000    0.00000    0.00000    -0.00630   -0.22048   3.24024    -0.07116   0.59129    35.78572
A-T        0.00000    0.00000    0.00000    0.00000    0.00000    0.00000    0.05454    0.30225    3.36609    0.39960    2.33803    39.05463
T-A        0.00000    0.00000    0.00000    0.00000    0.00000    0.00000    0.02539    -0.68113   3.23192    0.27864    -0.00165   31.33036
T-A        0.00000    0.00000    0.00000    0.00000    0.00000    0.00000    0.00612    -0.26762   3.24784    0.35792    -0.98604   36.15540
C-G        0.00000    0.00000    0.00000    0.00000    0.00000    0.00000    0.03780    -0.11882   3.30497    0.21327    0.94351    37.48816
G-C        0.00000    0.00000    0.00000    0.00000    0.00000    0.00000    -0.05199   0.37809    3.36491    -0.49004   5.16771    35.62980
C-G        0.00000    0.00000    0.00000    0.00000    0.00000    0.00000    -0.07862   -0.44297   3.31506    -0.63082   2.24596    34.22852
A-T        0.00000    0.00000    0.00000    0.00000    0.00000    0.00000    -0.12974   0.24430    3.34585    -0.73436   5.49488    36.17424
A-T        0.00000    0.00000    0.00000    0.00000    0.00000    0.00000    -0.00273   -0.22576   3.23949    -0.17637   0.50313    35.69738
A-T        0.00000    0.00000    0.00000    0.00000    0.00000    0.00000    0.01896    -0.22015   3.23883    0.16489    0.64255    35.67125
G-C        0.00000    0.00000    0.00000    0.00000    0.00000    0.00000    0.00408    -0.29972   3.31566    0.20008    3.86766    33.12599
G-C        0.00000    0.00000    0.00000    0.00000    0.00000    0.00000    0.10966    -0.28910   3.37470    0.88261    4.60704    34.20314
C-G        0.00000    0.00000    0.00000    0.00000    0.00000    0.00000    0.07834    -0.43232   3.31935    0.60784    1.96436    34.34286
C-G        0.00000    0.00000    0.00000    0.00000    0.00000    0.00000    0.06405    -0.30439   3.38605    0.32515    3.70876    34.48596
G-C        0.00000    0.00000    0.00000    0.00000    0.00000    0.00000    -0.04840   0.37963    3.36423    -0.73563   4.91990    35.69615
G-C        0.00000    0.00000    0.00000    0.00000    0.00000    0.00000    -0.12857   -0.31834   3.38246    -1.19849   4.31262    34.24463
C-G        0.00000    0.00000    0.00000    0.00000    0.00000    0.00000    -0.10608   -0.46028   3.30487    -0.99065   2.80799    33.96445
C-G        0.00000    0.00000    0.00000    0.00000    0.00000    0.00000    -0.11830   -0.32714   3.36860    -0.85380   5.78497    33.70501
C-G        0.00000    0.00000    0.00000    0.00000    0.00000    0.00000    -0.04523   -0.30294   3.36285    -0.12104   6.07248    33.65283
G-C        0.00000    0.00000    0.00000    0.00000    0.00000    0.00000    0.06321    0.37255    3.36375    0.99316    7.70088    34.71148
A-T        0.00000    0.00000    0.00000    0.00000    0.00000    0.00000    0.07553    -0.07769   3.29355    1.07699    2.24022    37.08587
C-G        0.00000    0.00000    0.00000    0.00000    0.00000    0.00000    0.05576    -0.63597   3.27772    1.08767    1.20380    32.74505
A-T        0.00000    0.00000    0.00000    0.00000    0.00000    0.00000    0.04343    0.31145    3.33281    0.86473    3.45161    36.89754
C-G        0.00000    0.00000    0.00000    0.00000    0.00000    0.00000    0.03391    -0.64829   3.30182    0.24332    0.07417    33.11943
G-C        0.00000    0.00000    0.00000    0.00000    0.00000    0.00000    -0.08444   0.40872    3.35824    -1.31092   3.98768    35.95888
A-T        0.00000    0.00000    0.00000    0.00000    0.00000    0.00000    -0.13626   -0.11793   3.29712    -1.43902   1.05676    37.28129
C-G        0.00000    0.00000    0.00000    0.00000    0.00000    0.00000    -0.08427   -0.64342   3.25731    -0.91141   2.06180    32.48136
T-A        0.00000    0.00000    0.00000    0.00000    0.00000    0.00000    -0.04268   -0.32650   3.30730    -0.69455   5.07820    32.64911
T-A        0.00000    0.00000    0.00000    0.00000    0.00000    0.00000    -0.03712   -0.20040   3.22868    -0.21975   2.52160    34.97573
A-T        0.00000    0.00000    0.00000    0.00000    0.00000    0.00000    0.02390    0.08375    3.34946    0.85198    6.46992    36.54629
C-G        0.00000    0.00000    0.00000    0.00000    0.00000    0.00000    0.03361    -0.63215   3.25318    1.40333    2.36878    32.40129
T-A        0.00000    0.00000    0.00000    0.00000    0.00000    0.00000    0.10079    -0.30031   3.31721    2.31325    3.03747    33.39607
G-C        0.00000    0.00000    0.00000    0.00000    0.00000    0.00000    0.17019    0.37834    3.32591    1.67772    2.71241    37.51206
T-A        0.00000    0.00000    0.00000    0.00000    0.00000    0.00000    0.04022    -0.64389   3.31325    0.08170    -0.56345   33.41786
A-T        0.00000    0.00000    0.00000    0.00000    0.00000    0.00000    -0.02563   0.70897    3.38650    -0.88404   -5.83524   43.52528
G-C        0.00000    0.00000    0.00000    0.00000    0.00000    0.00000    -0.08270   -0.33587   3.32940    -2.31783   2.28289    33.74542
T-A        0.00000    0.00000    0.00000    0.00000    0.00000    0.00000    -0.06835   -0.65898   3.26935    -1.74881   1.90275    32.67768
C-G        0.00000    0.00000    0.00000    0.00000    0.00000    0.00000    -0.13359   -0.09102   3.28596    -1.60862   3.61587    36.73312
A-T        0.00000    0.00000    0.00000    0.00000    0.00000    0.00000    -0.12701   0.11076    3.36661    -0.48143   8.90030    34.83140
T-A        0.00000    0.00000    0.00000    0.00000    0.00000    0.00000    -0.00190   -0.65399   3.20002    0.40911    2.32641    30.61016
G-C        0.00000    0.00000    0.00000    0.00000    0.00000    0.00000    0.18813    0.22971    3.35288    2.09956    7.24948    35.78523
T-A        0.00000    0.00000    0.00000    0.00000    0.00000    0.00000    0.10056    -0.61850   3.26509    1.55001    1.53454    32.91278
T-A        0.00000    0.00000    0.00000    0.00000    0.00000    0.00000    0.04042    -0.28200   3.25475    1.46922    -2.89973   36.87049
A-T        0.00000    0.00000    0.00000    0.00000    0.00000    0.00000    0.06281    0.87122    3.38654    0.76442    -8.17712   44.72723
T-A        0.00000    0.00000    0.00000    0.00000    0.00000    0.00000    -0.00382   -0.70628   3.26466    -0.40908   -2.79955   32.15716
A-T        0.00000    0.00000    0.00000    0.00000    0.00000    0.00000    -0.11348   0.65178    3.38071    -2.04071   -4.58491   42.83929
A-T        0.00000    0.00000    0.00000    0.00000    0.00000    0.00000    -0.05068   -0.24277   3.24291    -1.72401   -0.31446   36.16418
C-G        0.00000    0.00000    0.00000    0.00000    0.00000    0.00000    -0.10590   -0.62613   3.23364    -1.23319   3.20062    32.48768
G-C        0.00000    0.00000    0.00000    0.00000    0.00000    0.00000    -0.11606   0.28578    3.37592    -1.42756   10.19978   34.17422
G-C        0.00000    0.00000    0.00000    0.00000    0.00000    0.00000    0.09470    -0.31904   3.35286    0.81777    7.79325    33.40504
A-T        0.00000    0.00000    0.00000    0.00000    0.00000    0.00000    0.14926    -0.07563   3.28558    1.90612    3.78600    36.85506
G-C        0.00000    0.00000    0.00000    0.00000    0.00000    0.00000    0.06155    -0.30716   3.32511    2.24569    3.61279    33.52162
T-A        0.00000    0.00000    0.00000    0.00000    0.00000    0.00000    0.08826    -0.63409   3.29563    1.45906    0.21293    33.42845
A-T        0.00000    0.00000    0.00000    0.00000    0.00000    0.00000    0.05581    0.87093    3.39181    1.03277    -8.13134   45.04262
T-A        0.00000    0.00000    0.00000    0.00000    0.00000    0.00000    -0.01416   -0.70504   3.26744    -0.25569   -2.93669   32.33891
C-G        0.00000    0.00000    0.00000    0.00000    0.00000    0.00000    -0.13182   -0.11021   3.32486    -1.82520   -0.65979   38.37052
T-A        0.00000    0.00000    0.00000    0.00000    0.00000    0.00000    -0.05551   -0.30248   3.32808    -2.22031   2.85588    33.61700
C-G        0.00000    0.00000    0.00000    0.00000    0.00000    0.00000    -0.16282   -0.07759   3.29029    -2.15296   3.14628    36.99679
G-C        0.00000    0.00000    0.00000    0.00000    0.00000    0.00000    -0.13564   0.30091    3.37062    -1.90573   9.85282    34.13510
A-T        0.00000    0.00000    0.00000    0.00000    0.00000    0.00000    0.03467    -0.06971   3.26861    0.35370    4.80507    36.22249
G-C        0.00000    0.00000    0.00000    0.00000    0.00000    0.00000    0.05347    -0.31657   3.30475    1.25092    5.69241    32.69417
C-G        0.00000    0.00000    0.00000    0.00000    0.00000    0.00000    0.21241    -0.46399   3.30258    2.32736    3.04039    34.06341
T-A        0.00000    0.00000    0.00000    0.00000    0.00000    0.00000    0.09487    -0.33112   3.32810    2.58716    2.42313    33.78378
C-G        0.00000    0.00000    0.00000    0.00000    0.00000    0.00000    0.11416    -0.11749   3.31727    1.21562    -0.77345   38.25230
G-C        0.00000    0.00000    0.00000    0.00000    0.00000    0.00000    -0.04404   0.48838    3.35650    -0.31291   2.11692    36.89852
G-C        0.00000    0.00000    0.00000    0.00000    0.00000    0.00000    -0.23315   -0.23337   3.38724    -2.01783   2.44139    35.14745
G-C        0.00000    0.00000    0.00000    0.00000    0.00000    0.00000    -0.29060   -0.23158   3.37418    -2.79057   3.84050    34.64733
A-T        0.00000    0.00000    0.00000    0.00000    0.00000    0.00000    -0.16645   -0.06936   3.27898    -1.91744   2.65124    36.84932
T-A        0.00000    0.00000    0.00000    0.00000    0.00000    0.00000    -0.00492   -0.65777   3.20618    -0.54114   1.80740    30.74456
C-G        0.00000    0.00000    0.00000    0.00000    0.00000    0.00000    0.03137    -0.07232   3.27170    0.10589    4.20925    36.37023
C-G        0.00000    0.00000    0.00000    0.00000    0.00000    0.00000    0.16707    -0.30791   3.36156    1.53890    6.55918    33.65008
G-C        0.00000    0.00000    0.00000    0.00000    0.00000    0.00000    0.24778    0.33306    3.36984    3.03261    7.13382    35.09034
C-G        0.00000    0.00000    0.00000    0.00000    0.00000    0.00000    0.15145    -0.44321   3.32341    1.70343    2.00987    34.50465
T-A        0.00000    0.00000    0.00000    0.00000    0.00000    0.00000    0.05170    -0.33302   3.33756    1.46048    1.73009    34.03683
T-A        0.00000    0.00000    0.00000    0.00000    0.00000    0.00000    -0.03047   -0.29474   3.25908    0.15060    -3.26360   37.09912
T-A        0.00000    0.00000    0.00000    0.00000    0.00000    0.00000    -0.05472   -0.27834   3.25707    -0.48537   -2.78047   37.01180
A-T        0.00000    0.00000    0.00000    0.00000    0.00000    0.00000    -0.09554   0.60301    3.37988    -1.26941   -1.97564   41.97456
A-T        0.00000    0.00000    0.00000    0.00000    0.00000    0.00000    -0.01607   -0.21656   3.24445    -0.80743   -0.02546   36.31187
C-G        0.00000    0.00000    0.00000    0.00000    0.00000    0.00000    -0.03003   -0.62155   3.25447    -0.31119   2.43729    32.84626
A-T        0.00000    0.00000    0.00000    0.00000    0.00000    0.00000    -0.03163   0.23327    3.36075    -0.05245   6.78472    36.15154
C-G        0.00000    0.00000    0.00000    0.00000    0.00000    0.00000    0.03153    -0.64082   3.25983    0.62297    2.41886    32.82172
T-A        0.00000    0.00000    0.00000    0.00000    0.00000    0.00000    0.07731    -0.31935   3.32580    1.34948    3.86272    33.62459
T-A        0.00000    0.00000    0.00000    0.00000    0.00000    0.00000    0.01277    -0.25748   3.24996    0.64897    -0.97298   36.51083
T-A        0.00000    0.00000    0.00000    0.00000    0.00000    0.00000    -0.00684   -0.27322   3.25384    0.46091    -1.83260   36.73375
A-T        0.00000    0.00000    0.00000    0.00000    0.00000    0.00000    -0.02554   0.57798    3.38648    0.05686    -3.00165   42.36248
T-A        0.00000    0.00000    0.00000    0.00000    0.00000    0.00000    -0.02544   -0.68560   3.24612    -0.20161   -1.02044   31.85632
G-C        0.00000    0.00000    0.00000    0.00000    0.00000    0.00000    -0.02901   0.31789    3.34542    -0.72599   4.34327    37.01612
C-G        0.00000    0.00000    0.00000    0.00000    0.00000    0.00000    -0.07674   -0.43206   3.31347    -0.78917   2.48071    34.42703
T-A        0.00000    0.00000    0.00000    0.00000    0.00000    0.00000    0.02007    -0.28890   3.32140    -0.10475   3.98805    33.48692
T-A        0.00000    0.00000    0.00000    0.00000    0.00000    0.00000    -0.00259   -0.21459   3.24162    -0.06389   0.59595    36.00101
C-G        0.00000    0.00000    0.00000    0.00000    0.00000    0.00000    0.07052    -0.08446   3.29553    0.47160    2.18147    37.33669
C-G        0.00000    0.00000    0.00000    0.00000    0.00000    0.00000    0.11478    -0.29517   3.38258    0.89641    4.67874    34.50317
G-C        0.00000    0.00000    0.00000    0.00000    0.00000    0.00000    0.06850    0.37256    3.37624    0.75484    5.53686    35.86740
G-C        0.00000    0.00000    0.00000    0.00000    0.00000    0.00000    -0.01107   -0.31269   3.39046    -0.02408   4.08204    34.70321
C-G        0.00000    0.00000    0.00000    0.00000    0.00000    0.00000    -0.04265   -0.44288   3.32582    -0.28476   2.07244    34.60395
T-A        0.00000    0.00000    0.00000    0.00000    0.00000    0.00000    -0.01663   -0.31566   3.33052    -0.03067   3.21843    33.73740
C-G        0.00000    0.00000    0.00000    0.00000    0.00000    0.00000    -0.03420   -0.07990   3.30307    -0.38187   1.84389    37.58142
G-C        0.00000    0.00000    0.00000    0.00000    0.00000    0.00000    -0.03126   0.41312    3.37508    -0.23474   6.52177    35.60031
T-A        0.00000    0.00000    0.00000    0.00000    0.00000    0.00000    0.02465    -0.62463   3.26620    -0.04999   1.88575    32.93675
A-T        0.00000    0.00000    0.00000    0.00000    0.00000    0.00000    0.04816    0.45700    3.37420    0.48012    0.66515    40.49500
T-A        0.00000    0.00000    0.00000    0.00000    0.00000    0.00000    0.02588    -0.67870   3.23789    0.26727    -0.40668   31.64741
A-T        0.00000    0.00000    0.00000    0.00000    0.00000    0.00000    0.05287    0.51338    3.38181    0.36921    -1.67974   41.58956
A-T        0.00000    0.00000    0.00000    0.00000    0.00000    0.00000    0.02485    -0.27348   3.25322    -0.06726   -1.79692   36.66429
T-A        0.00000    0.00000    0.00000    0.00000    0.00000    0.00000    -0.00704   -0.69063   3.24372    -0.23463   -0.78592   31.74195
G-C        0.00000    0.00000    0.00000    0.00000    0.00000    0.00000    -0.02047   0.22277    3.35166    -0.80771   4.84953    36.63585
T-A        0.00000    0.00000    0.00000    0.00000    0.00000    0.00000    -0.04184   -0.64693   3.26996    -0.77987   1.88554    32.84820
G-C        0.00000    0.00000    0.00000    0.00000    0.00000    0.00000    -0.00672   0.22041    3.35667    -0.49929   6.39536    36.06100
T-A        0.00000    0.00000    0.00000    0.00000    0.00000    0.00000    0.00147    -0.62654   3.25214    -0.12493   2.51548    32.65070
C-G        0.00000    0.00000    0.00000    0.00000    0.00000    0.00000    0.06603    -0.06433   3.28974    0.71070    2.51893    37.21162
G-C        0.00000    0.00000    0.00000    0.00000    0.00000    0.00000    0.15626    0.42586    3.37046    1.88469    6.06989    35.69686
A-T        0.00000    0.00000    0.00000    0.00000    0.00000    0.00000    0.07980    -0.08815   3.31282    0.99044    0.84787    37.94773
C-G        0.00000    0.00000    0.00000    0.00000    0.00000    0.00000    0.04364    -0.64638   3.30126    0.54158    0.33503    33.36895
C-G        0.00000    0.00000    0.00000    0.00000    0.00000    0.00000    0.02289    -0.29117   3.39362    -0.10573   3.07114    34.99670
A-T        0.00000    0.00000    0.00000    0.00000    0.00000    0.00000    -0.11554   0.27650    3.34219    -1.20069   3.69716    37.25383
A-T        0.00000    0.00000    0.00000    0.00000    0.00000    0.00000    -0.02461   -0.25536   3.24699    -0.92697   -0.64887   36.28433
A-T        0.00000    0.00000    0.00000    0.00000    0.00000    0.00000    -0.02811   -0.22456   3.24043    -0.71605   0.77819    35.91811
T-A        0.00000    0.00000    0.00000    0.00000    0.00000    0.00000    -0.02579   -0.66380   3.21586    -0.21012   1.32946    31.12204
G-C        0.00000    0.00000    0.00000    0.00000    0.00000    0.00000    -0.27000   -1.09600   3.26700    0.65900    -9.99400   39.97800
T-A        0.00000    0.00000    0.00000    0.00000    0.00000    0.00000    -0.92800   -1.59300   3.28000    -2.06300   -8.66200   31.96100
G-C        0.00000    0.00000    0.00000    0.00000    0.00000    0.00000    -0.32200   -0.59200   3.18200    -1.62200   -0.34400   39.42200
A-T        0.00000    0.00000    0.00000    0.00000    0.00000    0.00000    0.12100    -0.98200   3.10500    2.84700    -6.38400   31.81100
G-C        0.00000    0.00000    0.00000    0.00000    0.00000    0.00000    0.96100    -0.48300   2.89500    -0.87800   -7.57600   33.58400
C-G        0.00000    0.00000    0.00000    0.00000    0.00000    0.00000    -0.71700   -0.08600   3.08800    11.68700   -4.89500   33.31100
G-C        0.00000    0.00000    0.00000    0.00000    0.00000    0.00000    -0.05000   1.55100    5.41000    -0.16000   60.13100   13.23400
C-G        0.00000    0.00000    0.00000    0.00000    0.00000    0.00000    0.67500    -0.12400   3.12600    -12.51500  -5.65000   33.18600
T-A        0.00000    0.00000    0.00000    0.00000    0.00000    0.00000    -0.92700   -0.52800   2.87900    1.16800    -8.57300   33.49200
C-G        0.00000    0.00000    0.00000    0.00000    0.00000    0.00000    -0.13300   -1.01800   3.05000    -2.59300   -6.06700   32.11100
A-T        0.00000    0.00000    0.00000    0.00000    0.00000    0.00000    0.37600    -0.59600   3.22500    2.12800    -0.58400   39.45000
C-G        0.00000    0.00000    0.00000    0.00000    0.00000    0.00000    0.90400    -1.56500   3.20600    2.30700    -8.21000   32.14500
A-T        0.00000    0.00000    0.00000    0.00000    0.00000    0.00000    0.52900    -0.91300   3.45900    1.67500    -11.72900  37.48400
