147 # base pairs
  0 # ***local base-pair & step parameters***
#          Shear      Stretch    Stagger    Buckle     Prop-Tw    Opening    Shift      Slide      Rise       Tilt       Roll       Twist
A-T        0.00000    0.00000    0.00000    0.00000    0.00000    0.00000    0.00000    0.00000    0.00000    0.00000    0.00000    0.00000
G-C        0.00000    0.00000    0.00000    0.00000    0.00000    0.00000    -0.27000   -1.09500   3.26900    0.65500    -9.99300   39.97500
T-A        0.00000    0.00000    0.00000    0.00000    0.00000    0.00000    -0.92900   -1.59400   3.27900    -2.06900   -8.63400   31.93800
G-C        0.00000    0.00000    0.00000    0.00000    0.00000    0.00000    -0.32200   -0.59300   3.18200    -1.66400   -0.37500   39.43600
A-T        0.00000    0.00000    0.00000    0.00000    0.00000    0.00000    0.12100    -0.98400   3.10400    2.85800    -6.38900   31.82300
G-C        0.00000    0.00000    0.00000    0.00000    0.00000    0.00000    0.96000    -0.48500   2.89700    -0.88500   -7.59600   33.57900
C-G        0.00000    0.00000    0.00000    0.00000    0.00000    0.00000    -0.71600   -0.08700   3.08600    11.71000   -4.91700   33.30600
G-C        0.00000    0.00000    0.00000    0.00000    0.00000    0.00000    -0.04800   1.55200    5.41100    -0.14600   60.13700   13.20200
C-G        0.00000    0.00000    0.00000    0.00000    0.00000    0.00000    0.67500    -0.12200   3.12500    -12.51800  -5.63900   33.20600
T-A        0.00000    0.00000    0.00000    0.00000    0.00000    0.00000    -0.92700   -0.52800   2.87800    1.16700    -8.56000   33.49500
C-G        0.00000    0.00000    0.00000    0.00000    0.00000    0.00000    -0.13300   -1.01700   3.05000    -2.61000   -6.08100   32.11700
A-T        0.00000    0.00000    0.00000    0.00000    0.00000    0.00000    0.37700    -0.59600   3.22400    2.15400    -0.57500   39.43500
C-G        0.00000    0.00000    0.00000    0.00000    0.00000    0.00000    0.90400    -1.56500   3.20800    2.29400    -8.21000   32.14300
A-T        0.00000    0.00000    0.00000    0.00000    0.00000    0.00000    0.52900    -0.91300   3.45700    1.67600    -11.72600  37.48400
A-T        0.00000    0.00000    0.00000    0.00000    0.00000    0.00000    -0.05649   -0.11578   3.24561    -0.88308   -0.30658   36.94508
T-A        0.00000    0.00000    0.00000    0.00000    0.00000    0.00000    -0.02436   -0.73522   3.31979    -0.45056   -2.67018   33.76847
T-A        0.00000    0.00000    0.00000    0.00000    0.00000    0.00000    -0.00864   -0.36239   3.26870    -0.45611   -2.31194   36.91410
T-A        0.00000    0.00000    0.00000    0.00000    0.00000    0.00000    -0.00199   -0.16850   3.26808    -0.32798   1.02407    35.82458
A-T        0.00000    0.00000    0.00000    0.00000    0.00000    0.00000    0.06915    0.36199    3.41963    0.04408    0.44284    40.99811
T-A        0.00000    0.00000    0.00000    0.00000    0.00000    0.00000    -0.00250   -0.68916   3.25939    -0.12563   -1.00562   32.79976
T-A        0.00000    0.00000    0.00000    0.00000    0.00000    0.00000    0.04160    -0.23990   3.25204    1.34767    -1.44584   37.25763
C-G        0.00000    0.00000    0.00000    0.00000    0.00000    0.00000    0.02897    -0.00107   3.30573    0.57927    1.30345    37.44909
G-C        0.00000    0.00000    0.00000    0.00000    0.00000    0.00000    -0.05415   0.56079    3.34741    -0.72174   8.40916    34.24896
C-G        0.00000    0.00000    0.00000    0.00000    0.00000    0.00000    -0.17298   -0.42675   3.26646    -1.27702   3.09366    32.08585
A-T        0.00000    0.00000    0.00000    0.00000    0.00000    0.00000    -0.21516   0.58210    3.30862    -1.42118   3.54157    37.40086
A-T        0.00000    0.00000    0.00000    0.00000    0.00000    0.00000    0.02135    -0.11461   3.28093    0.13749    0.92098    36.10946
A-T        0.00000    0.00000    0.00000    0.00000    0.00000    0.00000    -0.05638   -0.31882   3.24944    -0.27113   -0.61464   36.38730
G-C        0.00000    0.00000    0.00000    0.00000    0.00000    0.00000    0.01572    -0.44560   3.36113    0.46085    3.27950    33.45243
G-C        0.00000    0.00000    0.00000    0.00000    0.00000    0.00000    0.09894    -0.30596   3.44195    0.45357    3.29830    36.58873
C-G        0.00000    0.00000    0.00000    0.00000    0.00000    0.00000    0.13973    -0.35013   3.28312    0.89773    2.24857    35.15930
C-G        0.00000    0.00000    0.00000    0.00000    0.00000    0.00000    -0.21668   -0.25066   3.37475    -0.21274   2.95460    34.98736
G-C        0.00000    0.00000    0.00000    0.00000    0.00000    0.00000    -0.07017   0.33818    3.09962    -0.86613   5.04246    32.57799
G-C        0.00000    0.00000    0.00000    0.00000    0.00000    0.00000    0.10066    -0.26311   3.36494    -1.17163   3.80183    34.96319
C-G        0.00000    0.00000    0.00000    0.00000    0.00000    0.00000    -0.21658   -0.41065   3.27628    -1.57824   3.36550    34.72887
C-G        0.00000    0.00000    0.00000    0.00000    0.00000    0.00000    0.12404    -0.40211   3.38831    -0.81729   5.50757    34.40083
C-G        0.00000    0.00000    0.00000    0.00000    0.00000    0.00000    0.02529    -0.20622   3.36618    1.79009    4.72485    35.28824
G-C        0.00000    0.00000    0.00000    0.00000    0.00000    0.00000    -0.16768   0.87086    3.30623    -0.08950   4.57006    34.91098
A-T        0.00000    0.00000    0.00000    0.00000    0.00000    0.00000    0.03392    -0.05159   3.20483    0.65258    0.06795    37.06736
C-G        0.00000    0.00000    0.00000    0.00000    0.00000    0.00000    0.17065    -0.51224   3.18431    1.20544    1.84110    32.52250
A-T        0.00000    0.00000    0.00000    0.00000    0.00000    0.00000    0.19789    -0.00336   3.39736    0.01785    1.46201    38.47158
C-G        0.00000    0.00000    0.00000    0.00000    0.00000    0.00000    0.20602    -0.51546   3.32550    0.19352    0.29458    32.50752
G-C        0.00000    0.00000    0.00000    0.00000    0.00000    0.00000    -0.07401   0.48530    3.28262    -1.98892   1.54096    37.82940
A-T        0.00000    0.00000    0.00000    0.00000    0.00000    0.00000    -0.23339   -0.05590   3.16553    -2.42425   -0.23232   36.55683
C-G        0.00000    0.00000    0.00000    0.00000    0.00000    0.00000    -0.22429   -0.66788   3.22076    -0.56448   3.95967    32.70078
T-A        0.00000    0.00000    0.00000    0.00000    0.00000    0.00000    -0.05642   -0.57934   3.51244    -1.71238   6.53491    36.33318
T-A        0.00000    0.00000    0.00000    0.00000    0.00000    0.00000    0.01913    -0.04066   3.16499    -0.14006   4.50038    32.26296
A-T        0.00000    0.00000    0.00000    0.00000    0.00000    0.00000    0.09222    -0.04575   3.31501    1.13178    8.38065    34.97153
C-G        0.00000    0.00000    0.00000    0.00000    0.00000    0.00000    0.15808    -0.67709   3.26414    2.22434    2.72957    32.74781
T-A        0.00000    0.00000    0.00000    0.00000    0.00000    0.00000    -0.01465   -0.47651   3.34964    2.94561    4.60105    32.70713
G-C        0.00000    0.00000    0.00000    0.00000    0.00000    0.00000    0.09794    0.16450    3.34324    1.06658    2.94350    37.25639
T-A        0.00000    0.00000    0.00000    0.00000    0.00000    0.00000    0.20250    -0.48921   3.19337    0.77866    -1.81971   34.44550
A-T        0.00000    0.00000    0.00000    0.00000    0.00000    0.00000    -0.08581   1.43075    3.38234    -0.74867   -9.98748   46.80085
G-C        0.00000    0.00000    0.00000    0.00000    0.00000    0.00000    -0.27081   -0.06314   3.28894    -3.25585   3.53846    33.18849
G-C        0.00000    0.00000    0.00000    0.00000    0.00000    0.00000    -0.09202   -0.69032   3.48783    -2.11579   5.51503    35.34885
T-A        0.00000    0.00000    0.00000    0.00000    0.00000    0.00000    -0.03886   -0.42934   3.19560    -1.56028   3.17821    31.92429
A-T        0.00000    0.00000    0.00000    0.00000    0.00000    0.00000    -0.04732   -0.56558   3.41973    -0.44143   9.67562    35.56404
T-A        0.00000    0.00000    0.00000    0.00000    0.00000    0.00000    -0.03954   -0.63515   3.17292    0.83906    3.71555    31.61176
C-G        0.00000    0.00000    0.00000    0.00000    0.00000    0.00000    0.10408    -0.20307   3.46290    1.83941    3.87768    40.13214
T-A        0.00000    0.00000    0.00000    0.00000    0.00000    0.00000    0.25132    -0.22226   3.42647    2.85392    2.79334    35.68842
T-A        0.00000    0.00000    0.00000    0.00000    0.00000    0.00000    0.10224    -0.27482   3.22429    1.85565    -0.48713   36.13473
C-G        0.00000    0.00000    0.00000    0.00000    0.00000    0.00000    0.04875    0.31036    3.40700    1.23185    -3.59944   39.80974
A-T        0.00000    0.00000    0.00000    0.00000    0.00000    0.00000    -0.47386   0.64044    3.34101    -3.18934   2.99344    37.60530
T-A        0.00000    0.00000    0.00000    0.00000    0.00000    0.00000    -0.05334   -0.51511   3.25622    -1.05391   0.67304    31.83472
G-C        0.00000    0.00000    0.00000    0.00000    0.00000    0.00000    -0.18169   -0.14485   3.51478    -4.14009   4.48981    37.96791
T-A        0.00000    0.00000    0.00000    0.00000    0.00000    0.00000    -0.05043   -0.66789   3.28531    -1.35627   1.69170    32.67916
T-A        0.00000    0.00000    0.00000    0.00000    0.00000    0.00000    -0.03248   -0.20524   3.13448    -1.18875   6.26994    33.43699
A-T        0.00000    0.00000    0.00000    0.00000    0.00000    0.00000    0.06354    0.24215    3.31561    0.77673    8.14999    35.27337
T-A        0.00000    0.00000    0.00000    0.00000    0.00000    0.00000    0.03588    -0.71674   3.18517    1.68027    1.31765    31.55460
A-T        0.00000    0.00000    0.00000    0.00000    0.00000    0.00000    0.08967    0.34915    3.41847    3.16733    -0.94470   41.05416
A-T        0.00000    0.00000    0.00000    0.00000    0.00000    0.00000    0.09520    -0.22488   3.23888    1.65334    -3.47920   37.69793
C-G        0.00000    0.00000    0.00000    0.00000    0.00000    0.00000    -0.00792   -0.71035   3.44619    0.41582    -4.26963   35.54736
G-C        0.00000    0.00000    0.00000    0.00000    0.00000    0.00000    0.01711    0.19207    3.28286    -1.06086   -2.85909   41.20860
G-C        0.00000    0.00000    0.00000    0.00000    0.00000    0.00000    -0.45264   -0.24301   3.32493    -3.20808   2.97001    33.33488
A-T        0.00000    0.00000    0.00000    0.00000    0.00000    0.00000    -0.09726   -0.10392   3.24238    -2.17526   3.17845    36.81775
C-G        0.00000    0.00000    0.00000    0.00000    0.00000    0.00000    -0.00926   -0.60461   3.23488    -0.18469   1.94944    31.53185
G-C        0.00000    0.00000    0.00000    0.00000    0.00000    0.00000    -0.05396   0.55194    3.33015    -1.05700   8.70505    35.52704
A-T        0.00000    0.00000    0.00000    0.00000    0.00000    0.00000    0.03187    -0.02425   3.34348    -0.37694   5.21977    34.82092
G-C        0.00000    0.00000    0.00000    0.00000    0.00000    0.00000    0.18792    -0.34382   3.32683    2.17379    5.82537    31.70614
C-G        0.00000    0.00000    0.00000    0.00000    0.00000    0.00000    0.16920    -0.49630   3.39748    2.31336    2.14908    36.16556
T-A        0.00000    0.00000    0.00000    0.00000    0.00000    0.00000    0.04514    -0.09182   3.30023    3.30986    -0.27893   33.85839
C-G        0.00000    0.00000    0.00000    0.00000    0.00000    0.00000    0.16008    0.27990    3.30210    2.06769    -1.28774   38.97957
G-C        0.00000    0.00000    0.00000    0.00000    0.00000    0.00000    0.03354    1.28277    3.39288    -0.05358   0.05318    37.11121
G-C        0.00000    0.00000    0.00000    0.00000    0.00000    0.00000    -0.36088   -0.11036   3.37192    -5.06990   1.76849    35.82988
G-C        0.00000    0.00000    0.00000    0.00000    0.00000    0.00000    -0.32051   -0.20468   3.33721    -2.45023   5.85066    33.47903
A-T        0.00000    0.00000    0.00000    0.00000    0.00000    0.00000    -0.10529   -0.24105   3.31965    -1.58436   2.88082    36.61911
T-A        0.00000    0.00000    0.00000    0.00000    0.00000    0.00000    0.00152    -0.63634   3.22416    -0.35961   3.06676    31.40812
C-G        0.00000    0.00000    0.00000    0.00000    0.00000    0.00000    0.07935    -0.22577   3.29830    0.59424    3.97658    36.06182
C-G        0.00000    0.00000    0.00000    0.00000    0.00000    0.00000    0.03474    -0.21722   3.28753    0.62868    7.19277    32.08085
G-C        0.00000    0.00000    0.00000    0.00000    0.00000    0.00000    0.09752    0.40719    3.31590    2.10645    7.25969    34.78178
C-G        0.00000    0.00000    0.00000    0.00000    0.00000    0.00000    0.21668    -0.51790   3.44120    1.87243    0.66553    35.81135
T-A        0.00000    0.00000    0.00000    0.00000    0.00000    0.00000    0.32720    -0.43291   3.46473    3.50410    -0.05034   36.04292
T-A        0.00000    0.00000    0.00000    0.00000    0.00000    0.00000    0.02700    -0.34654   3.26643    0.70630    -4.29315   37.21243
T-A        0.00000    0.00000    0.00000    0.00000    0.00000    0.00000    -0.07766   -0.30640   3.28382    -0.67570   -3.00009   36.49088
A-T        0.00000    0.00000    0.00000    0.00000    0.00000    0.00000    -0.15609   0.75660    3.32292    -1.38971   -0.82844   39.10663
A-T        0.00000    0.00000    0.00000    0.00000    0.00000    0.00000    0.00193    -0.17918   3.19356    -1.12085   1.14521    35.30473
C-G        0.00000    0.00000    0.00000    0.00000    0.00000    0.00000    -0.00685   -0.61704   3.32063    -0.64200   1.14217    33.45794
A-T        0.00000    0.00000    0.00000    0.00000    0.00000    0.00000    0.10447    -0.02932   3.39751    0.02608    5.79272    36.60020
C-G        0.00000    0.00000    0.00000    0.00000    0.00000    0.00000    0.24656    -0.64389   3.30348    1.01868    2.07708    32.79167
T-A        0.00000    0.00000    0.00000    0.00000    0.00000    0.00000    0.02695    -0.66921   3.55298    0.74234    2.95707    36.31885
T-A        0.00000    0.00000    0.00000    0.00000    0.00000    0.00000    0.05546    -0.33175   3.26542    1.24622    -2.74575   37.02962
T-A        0.00000    0.00000    0.00000    0.00000    0.00000    0.00000    -0.02879   -0.31071   3.27982    0.03978    -2.66560   36.38187
A-T        0.00000    0.00000    0.00000    0.00000    0.00000    0.00000    -0.01600   0.35517    3.47272    -0.50878   -4.01583   43.70416
T-A        0.00000    0.00000    0.00000    0.00000    0.00000    0.00000    -0.04364   -0.71808   3.18226    -0.48608   1.51780    29.43356
G-C        0.00000    0.00000    0.00000    0.00000    0.00000    0.00000    -0.00850   -0.23161   3.31867    -0.03477   5.82367    37.73215
C-G        0.00000    0.00000    0.00000    0.00000    0.00000    0.00000    0.17381    -0.41637   3.26184    -1.42055   2.78014    33.93339
T-A        0.00000    0.00000    0.00000    0.00000    0.00000    0.00000    0.12680    -0.42086   3.45177    1.45482    2.54062    35.65432
T-A        0.00000    0.00000    0.00000    0.00000    0.00000    0.00000    0.02076    -0.22382   3.20400    0.79026    3.16398    34.69368
C-G        0.00000    0.00000    0.00000    0.00000    0.00000    0.00000    0.11418    -0.21315   3.35262    0.49958    2.01860    37.18697
C-G        0.00000    0.00000    0.00000    0.00000    0.00000    0.00000    0.02350    -0.20066   3.30767    0.02636    5.47510    32.99051
G-C        0.00000    0.00000    0.00000    0.00000    0.00000    0.00000    0.04694    0.32998    3.09970    0.36566    5.43516    32.38129
G-C        0.00000    0.00000    0.00000    0.00000    0.00000    0.00000    0.20514    -0.26380   3.36919    -0.00343   3.44573    34.78832
C-G        0.00000    0.00000    0.00000    0.00000    0.00000    0.00000    0.02985    -0.58683   3.31149    -0.58022   2.35710    34.69281
T-A        0.00000    0.00000    0.00000    0.00000    0.00000    0.00000    -0.10846   -0.19915   3.32754    0.03407    2.85364    33.12421
C-G        0.00000    0.00000    0.00000    0.00000    0.00000    0.00000    0.01160    0.14862    3.33961    0.86584    2.13159    37.25993
G-C        0.00000    0.00000    0.00000    0.00000    0.00000    0.00000    -0.00902   0.54371    3.31911    -0.05356   4.89740    37.22699
T-A        0.00000    0.00000    0.00000    0.00000    0.00000    0.00000    0.25464    -0.71568   3.27117    -0.10917   2.68836    33.43229
A-T        0.00000    0.00000    0.00000    0.00000    0.00000    0.00000    0.04832    -0.39421   3.39539    0.92371    3.32404    37.27804
T-A        0.00000    0.00000    0.00000    0.00000    0.00000    0.00000    0.03870    -0.70707   3.21742    0.41623    -1.19407   31.73100
A-T        0.00000    0.00000    0.00000    0.00000    0.00000    0.00000    0.00942    0.32276    3.46937    0.42097    -3.72668   43.36872
A-T        0.00000    0.00000    0.00000    0.00000    0.00000    0.00000    -0.02846   -0.35987   3.24017    -0.40545   -0.80245   35.73872
T-A        0.00000    0.00000    0.00000    0.00000    0.00000    0.00000    0.00018    -0.68169   3.28446    -0.42868   -0.86477   32.43657
G-C        0.00000    0.00000    0.00000    0.00000    0.00000    0.00000    -0.11437   -0.16896   3.48704    -1.88769   4.35343    38.02176
T-A        0.00000    0.00000    0.00000    0.00000    0.00000    0.00000    -0.07802   -0.49607   3.26047    -1.17301   1.47340    31.66751
G-C        0.00000    0.00000    0.00000    0.00000    0.00000    0.00000    -0.08838   -0.02648   3.39170    0.11638    5.79435    36.45681
T-A        0.00000    0.00000    0.00000    0.00000    0.00000    0.00000    -0.13169   -0.45793   3.15764    0.27887    3.68589    32.09498
C-G        0.00000    0.00000    0.00000    0.00000    0.00000    0.00000    0.18488    -0.04038   3.16802    1.83149    0.30976    36.54275
G-C        0.00000    0.00000    0.00000    0.00000    0.00000    0.00000    0.13012    0.70031    3.30676    2.83123    6.77724    34.42114
A-T        0.00000    0.00000    0.00000    0.00000    0.00000    0.00000    0.02807    -0.05681   3.20892    0.37228    -0.76746   37.34266
C-G        0.00000    0.00000    0.00000    0.00000    0.00000    0.00000    -0.08488   -0.80141   3.23409    -0.14730   1.46018    33.12290
C-G        0.00000    0.00000    0.00000    0.00000    0.00000    0.00000    0.05773    -0.40773   3.39548    0.06233    4.44923    33.73635
A-T        0.00000    0.00000    0.00000    0.00000    0.00000    0.00000    -0.26091   0.91357    3.30055    -2.39994   1.02202    38.71138
A-T        0.00000    0.00000    0.00000    0.00000    0.00000    0.00000    -0.03218   -0.14637   3.28073    -0.68625   0.63569    35.97969
A-T        0.00000    0.00000    0.00000    0.00000    0.00000    0.00000    -0.00800   -0.37823   3.26694    -0.59662   -1.37059   36.49847
T-A        0.00000    0.00000    0.00000    0.00000    0.00000    0.00000    -0.02314   -0.56850   3.25979    0.19175    1.87978    31.94371
G-C        0.00000    0.00000    0.00000    0.00000    0.00000    0.00000    -0.27000   -1.09600   3.26700    0.65900    -9.99400   39.97800
T-A        0.00000    0.00000    0.00000    0.00000    0.00000    0.00000    -0.92800   -1.59300   3.28000    -2.06300   -8.66200   31.96100
G-C        0.00000    0.00000    0.00000    0.00000    0.00000    0.00000    -0.32200   -0.59200   3.18200    -1.62200   -0.34400   39.42200
A-T        0.00000    0.00000    0.00000    0.00000    0.00000    0.00000    0.12100    -0.98200   3.10500    2.84700    -6.38400   31.81100
G-C        0.00000    0.00000    0.00000    0.00000    0.00000    0.00000    0.96100    -0.48300   2.89500    -0.87800   -7.57600   33.58400
C-G        0.00000    0.00000    0.00000    0.00000    0.00000    0.00000    -0.71700   -0.08600   3.08800    11.68700   -4.89500   33.31100
G-C        0.00000    0.00000    0.00000    0.00000    0.00000    0.00000    -0.05000   1.55100    5.41000    -0.16000   60.13100   13.23400
C-G        0.00000    0.00000    0.00000    0.00000    0.00000    0.00000    0.67500    -0.12400   3.12600    -12.51500  -5.65000   33.18600
T-A        0.00000    0.00000    0.00000    0.00000    0.00000    0.00000    -0.92700   -0.52800   2.87900    1.16800    -8.57300   33.49200
C-G        0.00000    0.00000    0.00000    0.00000    0.00000    0.00000    -0.13300   -1.01800   3.05000    -2.59300   -6.06700   32.11100
A-T        0.00000    0.00000    0.00000    0.00000    0.00000    0.00000    0.37600    -0.59600   3.22500    2.12800    -0.58400   39.45000
C-G        0.00000    0.00000    0.00000    0.00000    0.00000    0.00000    0.90400    -1.56500   3.20600    2.30700    -8.21000   32.14500
A-T        0.00000    0.00000    0.00000    0.00000    0.00000    0.00000    0.52900    -0.91300   3.45900    1.67500    -11.72900  37.48400
