147 # base pairs
  0 # ***local base-pair & step parameters***
#          Shear      Stretch    Stagger    Buckle     Prop-Tw    Opening    Shift      Slide      Rise       Tilt       Roll       Twist
A-T        0.00000    0.00000    0.00000    0.00000    0.00000    0.00000    0.00000    0.00000    0.00000    0.00000    0.00000    0.00000
G-C        0.00000    0.00000    0.00000    0.00000    0.00000    0.00000    -0.27000   -1.09500   3.26900    0.65500    -9.99300   39.97500
T-A        0.00000    0.00000    0.00000    0.00000    0.00000    0.00000    -0.92900   -1.59400   3.27900    -2.06900   -8.63400   31.93800
G-C        0.00000    0.00000    0.00000    0.00000    0.00000    0.00000    -0.32200   -0.59300   3.18200    -1.66400   -0.37500   39.43600
A-T        0.00000    0.00000    0.00000    0.00000    0.00000    0.00000    0.12100    -0.98400   3.10400    2.85800    -6.38900   31.82300
G-C        0.00000    0.00000    0.00000    0.00000    0.00000    0.00000    0.96000    -0.48500   2.89700    -0.88500   -7.59600   33.57900
C-G        0.00000    0.00000    0.00000    0.00000    0.00000    0.00000    -0.71600   -0.08700   3.08600    11.71000   -4.91700   33.30600
G-C        0.00000    0.00000    0.00000    0.00000    0.00000    0.00000    -0.04800   1.55200    5.41100    -0.14600   60.13700   13.20200
C-G        0.00000    0.00000    0.00000    0.00000    0.00000    0.00000    0.67500    -0.12200   3.12500    -12.51800  -5.63900   33.20600
T-A        0.00000    0.00000    0.00000    0.00000    0.00000    0.00000    -0.92700   -0.52800   2.87800    1.16700    -8.56000   33.49500
C-G        0.00000    0.00000    0.00000    0.00000    0.00000    0.00000    -0.13300   -1.01700   3.05000    -2.61000   -6.08100   32.11700
A-T        0.00000    0.00000    0.00000    0.00000    0.00000    0.00000    0.37700    -0.59600   3.22400    2.15400    -0.57500   39.43500
C-G        0.00000    0.00000    0.00000    0.00000    0.00000    0.00000    0.90400    -1.56500   3.20800    2.29400    -8.21000   32.14300
A-T        0.00000    0.00000    0.00000    0.00000    0.00000    0.00000    0.52900    -0.91300   3.45700    1.67600    -11.72600  37.48400
A-T        0.00000    0.00000    0.00000    0.00000    0.00000    0.00000    -0.05195   -0.11955   3.24581    -0.76392   -0.29456   36.89954
T-A        0.00000    0.00000    0.00000    0.00000    0.00000    0.00000    -0.02378   -0.73621   3.32001    -0.41100   -2.70606   33.73206
T-A        0.00000    0.00000    0.00000    0.00000    0.00000    0.00000    -0.00916   -0.36452   3.26771    -0.43200   -2.39807   36.89090
T-A        0.00000    0.00000    0.00000    0.00000    0.00000    0.00000    -0.00524   -0.17551   3.26759    -0.33993   0.84815    35.79948
A-T        0.00000    0.00000    0.00000    0.00000    0.00000    0.00000    0.06585    0.36588    3.41697    -0.04768   0.43217    40.85730
T-A        0.00000    0.00000    0.00000    0.00000    0.00000    0.00000    -0.00280   -0.68897   3.25832    -0.17728   -0.97836   32.73188
T-A        0.00000    0.00000    0.00000    0.00000    0.00000    0.00000    0.03810    -0.24223   3.25206    1.25286    -1.30051   37.10478
C-G        0.00000    0.00000    0.00000    0.00000    0.00000    0.00000    0.02865    -0.00292   3.30434    0.55168    1.40806    37.34279
G-C        0.00000    0.00000    0.00000    0.00000    0.00000    0.00000    -0.04540   0.55842    3.34863    -0.65007   8.52145    34.21489
C-G        0.00000    0.00000    0.00000    0.00000    0.00000    0.00000    -0.16939   -0.42649   3.26543    -1.24523   3.11160    32.06030
A-T        0.00000    0.00000    0.00000    0.00000    0.00000    0.00000    -0.20508   0.57043    3.30824    -1.32749   3.61995    37.27277
A-T        0.00000    0.00000    0.00000    0.00000    0.00000    0.00000    0.02325    -0.11892   3.28046    0.17393    0.88823    36.05669
A-T        0.00000    0.00000    0.00000    0.00000    0.00000    0.00000    -0.05700   -0.32117   3.24866    -0.25280   -0.67656   36.35266
G-C        0.00000    0.00000    0.00000    0.00000    0.00000    0.00000    0.01425    -0.44440   3.36006    0.46221    3.22576    33.41874
G-C        0.00000    0.00000    0.00000    0.00000    0.00000    0.00000    0.09423    -0.30230   3.44036    0.41539    3.25068    36.54175
C-G        0.00000    0.00000    0.00000    0.00000    0.00000    0.00000    0.13377    -0.34881   3.28173    0.84407    2.23577    35.10345
C-G        0.00000    0.00000    0.00000    0.00000    0.00000    0.00000    -0.22072   -0.25079   3.37299    -0.27608   2.97169    34.92729
G-C        0.00000    0.00000    0.00000    0.00000    0.00000    0.00000    -0.06804   0.33425    3.09724    -0.89374   5.08151    32.48923
G-C        0.00000    0.00000    0.00000    0.00000    0.00000    0.00000    0.10411    -0.26773   3.36380    -1.16368   3.84334    34.89422
C-G        0.00000    0.00000    0.00000    0.00000    0.00000    0.00000    -0.21429   -0.41606   3.27497    -1.57194   3.40669    34.64612
C-G        0.00000    0.00000    0.00000    0.00000    0.00000    0.00000    0.12155    -0.41014   3.38741    -0.82645   5.58604    34.30243
C-G        0.00000    0.00000    0.00000    0.00000    0.00000    0.00000    0.02264    -0.21058   3.36403    1.78298    4.75664    35.17638
G-C        0.00000    0.00000    0.00000    0.00000    0.00000    0.00000    -0.16935   0.85555    3.30193    -0.06700   4.65378    34.77913
A-T        0.00000    0.00000    0.00000    0.00000    0.00000    0.00000    0.03246    -0.05181   3.20337    0.65029    0.08662    37.01267
C-G        0.00000    0.00000    0.00000    0.00000    0.00000    0.00000    0.16867    -0.51210   3.18341    1.22384    1.85886    32.46702
A-T        0.00000    0.00000    0.00000    0.00000    0.00000    0.00000    0.19725    -0.00233   3.39458    0.05514    1.49084    38.36955
C-G        0.00000    0.00000    0.00000    0.00000    0.00000    0.00000    0.20844    -0.51547   3.32509    0.21736    0.25626    32.44722
G-C        0.00000    0.00000    0.00000    0.00000    0.00000    0.00000    -0.07067   0.48437    3.28070    -1.96599   1.47145    37.76231
A-T        0.00000    0.00000    0.00000    0.00000    0.00000    0.00000    -0.23299   -0.05613   3.16417    -2.44368   -0.25813   36.51324
C-G        0.00000    0.00000    0.00000    0.00000    0.00000    0.00000    -0.21711   -0.67057   3.22056    -0.59854   3.91744    32.64186
T-A        0.00000    0.00000    0.00000    0.00000    0.00000    0.00000    -0.05283   -0.58347   3.51144    -1.79065   6.51014    36.22289
T-A        0.00000    0.00000    0.00000    0.00000    0.00000    0.00000    0.01711    -0.04751   3.16386    -0.16683   4.57481    32.10704
A-T        0.00000    0.00000    0.00000    0.00000    0.00000    0.00000    0.08522    -0.09650   3.30936    1.06796    8.99866    34.36420
C-G        0.00000    0.00000    0.00000    0.00000    0.00000    0.00000    0.14648    -0.67723   3.25837    2.20503    2.92775    32.64531
T-A        0.00000    0.00000    0.00000    0.00000    0.00000    0.00000    -0.02290   -0.48070   3.34570    3.06691    4.71973    32.56678
G-C        0.00000    0.00000    0.00000    0.00000    0.00000    0.00000    0.09991    0.16077    3.34457    1.25615    3.15500    37.15015
T-A        0.00000    0.00000    0.00000    0.00000    0.00000    0.00000    0.20528    -0.48629   3.19195    0.88775    -1.82255   34.40373
A-T        0.00000    0.00000    0.00000    0.00000    0.00000    0.00000    -0.08532   1.46625    3.37892    -0.57861   -10.46638  46.97881
G-C        0.00000    0.00000    0.00000    0.00000    0.00000    0.00000    -0.25227   -0.06756   3.28794    -3.19775   3.27263    33.13541
G-C        0.00000    0.00000    0.00000    0.00000    0.00000    0.00000    -0.09225   -0.69777   3.48786    -2.16910   5.29132    35.26107
T-A        0.00000    0.00000    0.00000    0.00000    0.00000    0.00000    -0.04080   -0.42734   3.19693    -1.67531   3.05093    31.91055
A-T        0.00000    0.00000    0.00000    0.00000    0.00000    0.00000    -0.05327   -0.57053   3.41913    -0.61074   9.66698    35.49633
T-A        0.00000    0.00000    0.00000    0.00000    0.00000    0.00000    -0.03639   -0.63469   3.17135    0.74320    3.83937    31.47030
C-G        0.00000    0.00000    0.00000    0.00000    0.00000    0.00000    0.10345    -0.20790   3.46354    1.81096    4.08170    40.00648
T-A        0.00000    0.00000    0.00000    0.00000    0.00000    0.00000    0.19389    -0.25431   3.30404    2.39314    3.54887    34.21046
C-G        0.00000    0.00000    0.00000    0.00000    0.00000    0.00000    0.37816    0.45042    3.24230    4.86885    -0.18487   39.11761
G-C        0.00000    0.00000    0.00000    0.00000    0.00000    0.00000    0.06662    0.77809    3.25992    1.48636    -1.44766   37.50386
A-T        0.00000    0.00000    0.00000    0.00000    0.00000    0.00000    -0.18242   0.32827    3.30863    -2.27904   -1.78595   39.99251
G-C        0.00000    0.00000    0.00000    0.00000    0.00000    0.00000    -0.09410   -0.02587   3.30992    -3.52960   -0.50130   34.72024
C-G        0.00000    0.00000    0.00000    0.00000    0.00000    0.00000    -0.17222   -0.47718   3.40938    -2.32263   1.90371    36.72344
T-A        0.00000    0.00000    0.00000    0.00000    0.00000    0.00000    -0.14909   -0.27359   3.33656    -1.94703   5.62791    32.61048
C-G        0.00000    0.00000    0.00000    0.00000    0.00000    0.00000    -0.00441   0.04680    3.34643    0.71648    4.75707    35.87863
G-C        0.00000    0.00000    0.00000    0.00000    0.00000    0.00000    0.40395    0.66791    3.26971    2.57202    6.96980    33.99764
G-C        0.00000    0.00000    0.00000    0.00000    0.00000    0.00000    0.21655    -0.34313   3.38297    1.82610    5.19165    35.13178
G-C        0.00000    0.00000    0.00000    0.00000    0.00000    0.00000    0.32883    -0.30860   3.36646    3.58060    6.00396    34.64570
A-T        0.00000    0.00000    0.00000    0.00000    0.00000    0.00000    0.00266    -0.30584   3.37731    1.83954    -1.92499   38.99242
T-A        0.00000    0.00000    0.00000    0.00000    0.00000    0.00000    0.01046    -0.60759   3.26839    0.42124    -0.91793   32.92587
C-G        0.00000    0.00000    0.00000    0.00000    0.00000    0.00000    0.04513    -0.33049   3.40202    -0.75397   -3.32309   39.58888
C-G        0.00000    0.00000    0.00000    0.00000    0.00000    0.00000    -0.37614   -0.08920   3.29257    -2.98248   4.97518    33.40187
G-C        0.00000    0.00000    0.00000    0.00000    0.00000    0.00000    -0.08036   0.46422    3.30881    -2.85150   5.75178    35.64208
C-G        0.00000    0.00000    0.00000    0.00000    0.00000    0.00000    -0.23158   -0.51409   3.41910    -2.61183   1.71587    35.37499
T-A        0.00000    0.00000    0.00000    0.00000    0.00000    0.00000    -0.08229   -0.42920   3.43139    -0.39652   4.47477    35.16790
T-A        0.00000    0.00000    0.00000    0.00000    0.00000    0.00000    0.07537    -0.32521   3.23318    0.27268    2.16067    35.43546
T-A        0.00000    0.00000    0.00000    0.00000    0.00000    0.00000    0.05329    -0.12697   3.24044    0.62644    3.31991    34.86536
A-T        0.00000    0.00000    0.00000    0.00000    0.00000    0.00000    0.22663    0.51795    3.33339    2.16721    1.69654    38.15652
A-T        0.00000    0.00000    0.00000    0.00000    0.00000    0.00000    0.07309    -0.22991   3.22710    1.45769    -2.30506   37.11958
C-G        0.00000    0.00000    0.00000    0.00000    0.00000    0.00000    0.04944    -0.58970   3.37891    1.10779    -2.97887   35.32926
A-T        0.00000    0.00000    0.00000    0.00000    0.00000    0.00000    0.02288    0.00376    3.36623    -1.82298   -0.06891   38.83033
C-G        0.00000    0.00000    0.00000    0.00000    0.00000    0.00000    -0.01137   -0.73822   3.32459    -1.35039   -0.12955   32.81778
T-A        0.00000    0.00000    0.00000    0.00000    0.00000    0.00000    -0.02638   -0.66349   3.52828    -2.61116   3.10475    35.85476
T-A        0.00000    0.00000    0.00000    0.00000    0.00000    0.00000    0.04209    -0.35260   3.23034    -1.05024   0.72347    35.47115
T-A        0.00000    0.00000    0.00000    0.00000    0.00000    0.00000    -0.01071   -0.09317   3.24115    -0.59546   4.27306    34.64603
A-T        0.00000    0.00000    0.00000    0.00000    0.00000    0.00000    0.07472    0.23491    3.33649    0.25753    6.06180    36.08529
T-A        0.00000    0.00000    0.00000    0.00000    0.00000    0.00000    -0.02754   -0.72814   3.13879    1.17681    3.72284    28.74166
G-C        0.00000    0.00000    0.00000    0.00000    0.00000    0.00000    0.02488    -0.25571   3.32028    0.75085    6.01431    37.45028
C-G        0.00000    0.00000    0.00000    0.00000    0.00000    0.00000    0.17359    -0.39334   3.33219    0.87171    0.98568    34.84308
T-A        0.00000    0.00000    0.00000    0.00000    0.00000    0.00000    0.30063    -0.43047   3.46684    3.26422    0.17462    36.17914
T-A        0.00000    0.00000    0.00000    0.00000    0.00000    0.00000    0.02919    -0.33989   3.26703    0.70300    -3.97175   37.27191
T-A        0.00000    0.00000    0.00000    0.00000    0.00000    0.00000    -0.12728   -0.10904   3.26396    -0.99770   -3.28170   37.98399
C-G        0.00000    0.00000    0.00000    0.00000    0.00000    0.00000    -0.20669   0.31201    3.36122    -1.46506   1.49530    38.23181
A-T        0.00000    0.00000    0.00000    0.00000    0.00000    0.00000    -0.42704   0.46532    3.36041    -1.91516   6.60500    36.19108
T-A        0.00000    0.00000    0.00000    0.00000    0.00000    0.00000    0.01301    -0.48068   3.23450    -0.20455   3.52597    31.12249
G-C        0.00000    0.00000    0.00000    0.00000    0.00000    0.00000    0.00998    -0.06326   3.49116    -0.14893   6.70392    37.82100
T-A        0.00000    0.00000    0.00000    0.00000    0.00000    0.00000    0.06672    -0.62023   3.33116    0.78256    0.70813    33.73596
T-A        0.00000    0.00000    0.00000    0.00000    0.00000    0.00000    0.02832    -0.21004   3.20645    1.05182    -0.00136   35.75993
A-T        0.00000    0.00000    0.00000    0.00000    0.00000    0.00000    0.05759    0.24971    3.46255    0.59806    -2.60092   42.73115
T-A        0.00000    0.00000    0.00000    0.00000    0.00000    0.00000    -0.01596   -0.71354   3.22255    0.23848    -1.56472   31.74040
A-T        0.00000    0.00000    0.00000    0.00000    0.00000    0.00000    -0.07208   0.34415    3.46986    -0.03178   -3.73543   43.47373
A-T        0.00000    0.00000    0.00000    0.00000    0.00000    0.00000    -0.02956   -0.19433   3.21863    -0.86257   -1.20823   36.29720
C-G        0.00000    0.00000    0.00000    0.00000    0.00000    0.00000    -0.08475   -0.64398   3.35674    -0.79670   0.05054    34.58841
G-C        0.00000    0.00000    0.00000    0.00000    0.00000    0.00000    0.09547    0.32674    3.26950    -0.51474   5.75837    35.97008
G-C        0.00000    0.00000    0.00000    0.00000    0.00000    0.00000    0.22239    -0.10833   3.28436    1.15615    6.78917    32.79558
A-T        0.00000    0.00000    0.00000    0.00000    0.00000    0.00000    0.15273    -0.12157   3.25863    0.53639    4.10701    36.75865
C-G        0.00000    0.00000    0.00000    0.00000    0.00000    0.00000    -0.08913   -0.80136   3.21203    0.17686    2.60567    32.72578
C-G        0.00000    0.00000    0.00000    0.00000    0.00000    0.00000    0.09120    -0.32172   3.43481    0.54588    5.72855    34.73355
G-C        0.00000    0.00000    0.00000    0.00000    0.00000    0.00000    0.03757    0.32645    3.10227    0.29004    5.77142    32.31428
G-C        0.00000    0.00000    0.00000    0.00000    0.00000    0.00000    0.20900    -0.25954   3.36509    0.09608    3.69879    34.70877
C-G        0.00000    0.00000    0.00000    0.00000    0.00000    0.00000    0.05197    -0.58755   3.31084    -0.38889   2.43641    34.69096
T-A        0.00000    0.00000    0.00000    0.00000    0.00000    0.00000    -0.10050   -0.19284   3.32634    0.29260    2.80783    33.18059
C-G        0.00000    0.00000    0.00000    0.00000    0.00000    0.00000    0.03871    0.17374    3.33169    1.19030    2.00614    37.35944
G-C        0.00000    0.00000    0.00000    0.00000    0.00000    0.00000    -0.00126   0.54199    3.31617    0.10250    4.50878    37.32594
T-A        0.00000    0.00000    0.00000    0.00000    0.00000    0.00000    0.25405    -0.71465   3.27778    -0.15324   2.48198    33.51927
A-T        0.00000    0.00000    0.00000    0.00000    0.00000    0.00000    0.03871    -0.38251   3.39531    0.72352    2.96729    37.43148
T-A        0.00000    0.00000    0.00000    0.00000    0.00000    0.00000    0.03556    -0.70758   3.21821    0.24156    -1.21391   31.73700
A-T        0.00000    0.00000    0.00000    0.00000    0.00000    0.00000    0.00076    0.31248    3.46557    0.21150    -3.29686   43.11626
A-T        0.00000    0.00000    0.00000    0.00000    0.00000    0.00000    -0.03600   -0.35020   3.24104    -0.47647   -0.22645   35.68803
T-A        0.00000    0.00000    0.00000    0.00000    0.00000    0.00000    -0.00121   -0.67100   3.28236    -0.37388   -0.57576   32.38662
G-C        0.00000    0.00000    0.00000    0.00000    0.00000    0.00000    -0.10225   -0.16013   3.48954    -1.61116   4.77148    37.97612
T-A        0.00000    0.00000    0.00000    0.00000    0.00000    0.00000    -0.05150   -0.49777   3.25801    -0.87402   1.48245    31.66609
G-C        0.00000    0.00000    0.00000    0.00000    0.00000    0.00000    -0.07389   -0.02061   3.39082    0.39389    5.50789    36.63658
T-A        0.00000    0.00000    0.00000    0.00000    0.00000    0.00000    -0.12510   -0.46227   3.16308    0.37395    3.42198    32.17589
C-G        0.00000    0.00000    0.00000    0.00000    0.00000    0.00000    0.18113    -0.04079   3.17052    1.79616    0.13357    36.63457
G-C        0.00000    0.00000    0.00000    0.00000    0.00000    0.00000    0.11826    0.71308    3.30446    2.46681    6.01414    34.72031
A-T        0.00000    0.00000    0.00000    0.00000    0.00000    0.00000    0.00739    -0.05614   3.20640    0.12377    -0.81307   37.32816
C-G        0.00000    0.00000    0.00000    0.00000    0.00000    0.00000    -0.08091   -0.79603   3.23485    -0.33738   1.48538    33.12731
C-G        0.00000    0.00000    0.00000    0.00000    0.00000    0.00000    0.05496    -0.41855   3.39300    -0.14205   4.72848    33.61593
A-T        0.00000    0.00000    0.00000    0.00000    0.00000    0.00000    -0.22835   0.86496    3.30652    -2.41740   2.07428    38.10715
A-T        0.00000    0.00000    0.00000    0.00000    0.00000    0.00000    -0.03243   -0.13889   3.27916    -0.59174   1.03776    35.84908
A-T        0.00000    0.00000    0.00000    0.00000    0.00000    0.00000    -0.00697   -0.37581   3.26886    -0.45101   -1.26206   36.48887
T-A        0.00000    0.00000    0.00000    0.00000    0.00000    0.00000    -0.01955   -0.57249   3.25991    0.37007    1.83967    31.92241
G-C        0.00000    0.00000    0.00000    0.00000    0.00000    0.00000    -0.27000   -1.09600   3.26700    0.65900    -9.99400   39.97800
T-A        0.00000    0.00000    0.00000    0.00000    0.00000    0.00000    -0.92800   -1.59300   3.28000    -2.06300   -8.66200   31.96100
G-C        0.00000    0.00000    0.00000    0.00000    0.00000    0.00000    -0.32200   -0.59200   3.18200    -1.62200   -0.34400   39.42200
A-T        0.00000    0.00000    0.00000    0.00000    0.00000    0.00000    0.12100    -0.98200   3.10500    2.84700    -6.38400   31.81100
G-C        0.00000    0.00000    0.00000    0.00000    0.00000    0.00000    0.96100    -0.48300   2.89500    -0.87800   -7.57600   33.58400
C-G        0.00000    0.00000    0.00000    0.00000    0.00000    0.00000    -0.71700   -0.08600   3.08800    11.68700   -4.89500   33.31100
G-C        0.00000    0.00000    0.00000    0.00000    0.00000    0.00000    -0.05000   1.55100    5.41000    -0.16000   60.13100   13.23400
C-G        0.00000    0.00000    0.00000    0.00000    0.00000    0.00000    0.67500    -0.12400   3.12600    -12.51500  -5.65000   33.18600
T-A        0.00000    0.00000    0.00000    0.00000    0.00000    0.00000    -0.92700   -0.52800   2.87900    1.16800    -8.57300   33.49200
C-G        0.00000    0.00000    0.00000    0.00000    0.00000    0.00000    -0.13300   -1.01800   3.05000    -2.59300   -6.06700   32.11100
A-T        0.00000    0.00000    0.00000    0.00000    0.00000    0.00000    0.37600    -0.59600   3.22500    2.12800    -0.58400   39.45000
C-G        0.00000    0.00000    0.00000    0.00000    0.00000    0.00000    0.90400    -1.56500   3.20600    2.30700    -8.21000   32.14500
A-T        0.00000    0.00000    0.00000    0.00000    0.00000    0.00000    0.52900    -0.91300   3.45900    1.67500    -11.72900  37.48400
