147 # base pairs
  0 # ***local base-pair & step parameters***
#          Shear      Stretch    Stagger    Buckle     Prop-Tw    Opening    Shift      Slide      Rise       Tilt       Roll       Twist
A-T        0.00000    0.00000    0.00000    0.00000    0.00000    0.00000    0.00000    0.00000    0.00000    0.00000    0.00000    0.00000
G-C        0.00000    0.00000    0.00000    0.00000    0.00000    0.00000    -0.27000   -1.09500   3.26900    0.65500    -9.99300   39.97500
T-A        0.00000    0.00000    0.00000    0.00000    0.00000    0.00000    -0.92900   -1.59400   3.27900    -2.06900   -8.63400   31.93800
G-C        0.00000    0.00000    0.00000    0.00000    0.00000    0.00000    -0.32200   -0.59300   3.18200    -1.66400   -0.37500   39.43600
A-T        0.00000    0.00000    0.00000    0.00000    0.00000    0.00000    0.12100    -0.98400   3.10400    2.85800    -6.38900   31.82300
G-C        0.00000    0.00000    0.00000    0.00000    0.00000    0.00000    0.96000    -0.48500   2.89700    -0.88500   -7.59600   33.57900
C-G        0.00000    0.00000    0.00000    0.00000    0.00000    0.00000    -0.71600   -0.08700   3.08600    11.71000   -4.91700   33.30600
G-C        0.00000    0.00000    0.00000    0.00000    0.00000    0.00000    -0.04800   1.55200    5.41100    -0.14600   60.13700   13.20200
C-G        0.00000    0.00000    0.00000    0.00000    0.00000    0.00000    0.67500    -0.12200   3.12500    -12.51800  -5.63900   33.20600
T-A        0.00000    0.00000    0.00000    0.00000    0.00000    0.00000    -0.92700   -0.52800   2.87800    1.16700    -8.56000   33.49500
C-G        0.00000    0.00000    0.00000    0.00000    0.00000    0.00000    -0.13300   -1.01700   3.05000    -2.61000   -6.08100   32.11700
A-T        0.00000    0.00000    0.00000    0.00000    0.00000    0.00000    0.37700    -0.59600   3.22400    2.15400    -0.57500   39.43500
C-G        0.00000    0.00000    0.00000    0.00000    0.00000    0.00000    0.90400    -1.56500   3.20800    2.29400    -8.21000   32.14300
A-T        0.00000    0.00000    0.00000    0.00000    0.00000    0.00000    0.52900    -0.91300   3.45700    1.67600    -11.72600  37.48400
A-T        0.00000    0.00000    0.00000    0.00000    0.00000    0.00000    -0.01139   -0.10562   3.25108    -0.34381   -0.27327   37.47548
T-A        0.00000    0.00000    0.00000    0.00000    0.00000    0.00000    -0.01743   -0.73045   3.32447    -0.26256   -2.80512   34.09628
T-A        0.00000    0.00000    0.00000    0.00000    0.00000    0.00000    -0.00671   -0.36117   3.26546    -0.33338   -2.69848   37.16528
T-A        0.00000    0.00000    0.00000    0.00000    0.00000    0.00000    0.00036    -0.19164   3.28238    -0.29588   -0.27063   36.54143
A-T        0.00000    0.00000    0.00000    0.00000    0.00000    0.00000    0.06287    0.42120    3.45986    -0.09080   -1.93824   43.58245
T-A        0.00000    0.00000    0.00000    0.00000    0.00000    0.00000    -0.00889   -0.68124   3.26737    -0.36630   -1.45610   33.37600
T-A        0.00000    0.00000    0.00000    0.00000    0.00000    0.00000    0.03472    -0.22616   3.24904    1.13316    -1.63531   37.80193
C-G        0.00000    0.00000    0.00000    0.00000    0.00000    0.00000    0.01617    0.02301    3.31096    0.42233    1.43274    37.86002
G-C        0.00000    0.00000    0.00000    0.00000    0.00000    0.00000    -0.08952   0.56412    3.36183    -0.96165   8.92495    34.41849
C-G        0.00000    0.00000    0.00000    0.00000    0.00000    0.00000    -0.17076   -0.42880   3.26994    -1.21188   3.15350    32.22907
A-T        0.00000    0.00000    0.00000    0.00000    0.00000    0.00000    -0.16261   0.63298    3.32369    -0.97090   3.59299    38.13899
A-T        0.00000    0.00000    0.00000    0.00000    0.00000    0.00000    0.04573    -0.10148   3.28387    0.39712    0.80494    36.68555
A-T        0.00000    0.00000    0.00000    0.00000    0.00000    0.00000    -0.05190   -0.30554   3.25621    -0.17199   -1.07754   36.88914
G-C        0.00000    0.00000    0.00000    0.00000    0.00000    0.00000    0.02094    -0.43341   3.37173    0.38133    2.64778    34.06840
G-C        0.00000    0.00000    0.00000    0.00000    0.00000    0.00000    0.07317    -0.26358   3.44800    0.28260    2.47722    37.42904
C-G        0.00000    0.00000    0.00000    0.00000    0.00000    0.00000    0.07263    -0.32656   3.29369    0.36268    1.87772    35.74148
C-G        0.00000    0.00000    0.00000    0.00000    0.00000    0.00000    -0.26566   -0.22766   3.38087    -0.81803   2.80728    35.26196
G-C        0.00000    0.00000    0.00000    0.00000    0.00000    0.00000    -0.14943   0.35527    3.11586    -1.58240   5.38536    33.04558
G-C        0.00000    0.00000    0.00000    0.00000    0.00000    0.00000    0.03886    -0.22966   3.35853    -1.65743   4.36081    35.26311
C-G        0.00000    0.00000    0.00000    0.00000    0.00000    0.00000    -0.20586   -0.41284   3.27979    -1.48236   3.82060    35.02698
C-G        0.00000    0.00000    0.00000    0.00000    0.00000    0.00000    0.16846    -0.38230   3.39174    -0.30514   5.90835    34.69051
C-G        0.00000    0.00000    0.00000    0.00000    0.00000    0.00000    0.09538    -0.16390   3.36999    2.70244    4.77623    35.97954
G-C        0.00000    0.00000    0.00000    0.00000    0.00000    0.00000    -0.10536   0.93844    3.32355    0.57459    3.99022    35.62140
A-T        0.00000    0.00000    0.00000    0.00000    0.00000    0.00000    0.06782    -0.05217   3.21811    1.01282    -0.28753   37.54953
C-G        0.00000    0.00000    0.00000    0.00000    0.00000    0.00000    0.16361    -0.52180   3.19712    1.18544    1.18997    33.00709
A-T        0.00000    0.00000    0.00000    0.00000    0.00000    0.00000    0.18475    0.01809    3.40504    -0.53188   0.39060    39.52957
C-G        0.00000    0.00000    0.00000    0.00000    0.00000    0.00000    0.17722    -0.51159   3.33006    -0.20153   0.20836    32.91737
G-C        0.00000    0.00000    0.00000    0.00000    0.00000    0.00000    -0.12840   0.50453    3.28731    -2.99669   1.85574    38.22362
A-T        0.00000    0.00000    0.00000    0.00000    0.00000    0.00000    -0.25842   -0.04976   3.16531    -2.63107   0.05698    36.70954
C-G        0.00000    0.00000    0.00000    0.00000    0.00000    0.00000    -0.26412   -0.65652   3.21256    -0.46756   4.58912    32.95807
T-A        0.00000    0.00000    0.00000    0.00000    0.00000    0.00000    -0.07244   -0.53940   3.50900    -1.30961   7.37929    36.97839
T-A        0.00000    0.00000    0.00000    0.00000    0.00000    0.00000    0.04475    0.00932    3.16442    0.19756    4.67482    32.93578
A-T        0.00000    0.00000    0.00000    0.00000    0.00000    0.00000    0.14399    0.14930    3.33966    1.67350    5.68542    37.77316
C-G        0.00000    0.00000    0.00000    0.00000    0.00000    0.00000    0.21966    -0.68364   3.29516    2.46990    1.66943    33.33252
T-A        0.00000    0.00000    0.00000    0.00000    0.00000    0.00000    0.01409    -0.46251   3.36853    2.44301    3.92663    33.43893
G-C        0.00000    0.00000    0.00000    0.00000    0.00000    0.00000    0.05930    0.19638    3.32927    0.06569    1.58712    37.97335
T-A        0.00000    0.00000    0.00000    0.00000    0.00000    0.00000    0.17261    -0.49937   3.19927    0.21079    -1.89435   34.80473
A-T        0.00000    0.00000    0.00000    0.00000    0.00000    0.00000    -0.11207   1.34437    3.40072    -1.60418   -8.09489   46.44097
G-C        0.00000    0.00000    0.00000    0.00000    0.00000    0.00000    -0.36117   -0.00429   3.29286    -3.49841   4.86957    33.68507
G-C        0.00000    0.00000    0.00000    0.00000    0.00000    0.00000    -0.06438   -0.61445   3.48060    -1.73650   6.59223    36.08113
T-A        0.00000    0.00000    0.00000    0.00000    0.00000    0.00000    -0.00449   -0.43977   3.19075    -0.89187   3.61395    32.10582
A-T        0.00000    0.00000    0.00000    0.00000    0.00000    0.00000    0.00468    -0.52586   3.42030    0.39632    9.16527    36.17197
T-A        0.00000    0.00000    0.00000    0.00000    0.00000    0.00000    -0.04029   -0.64724   3.18348    1.17668    2.74065    32.45810
C-G        0.00000    0.00000    0.00000    0.00000    0.00000    0.00000    0.10624    -0.19345   3.45445    1.71087    2.66052    40.72596
T-A        0.00000    0.00000    0.00000    0.00000    0.00000    0.00000    0.20200    -0.28058   3.33861    2.01497    2.14531    35.16609
C-G        0.00000    0.00000    0.00000    0.00000    0.00000    0.00000    0.19805    0.34993    3.31016    2.56721    -1.59366   40.31496
G-C        0.00000    0.00000    0.00000    0.00000    0.00000    0.00000    -0.03954   0.79380    3.27837    -0.97302   -1.17849   38.13974
A-T        0.00000    0.00000    0.00000    0.00000    0.00000    0.00000    -0.32068   0.42396    3.26820    -4.24836   -0.55254   39.75509
G-C        0.00000    0.00000    0.00000    0.00000    0.00000    0.00000    -0.07989   -0.04957   3.31380    -3.59327   1.35617    34.75158
C-G        0.00000    0.00000    0.00000    0.00000    0.00000    0.00000    -0.13645   -0.50602   3.39334    -1.85048   2.75358    36.51446
T-A        0.00000    0.00000    0.00000    0.00000    0.00000    0.00000    -0.11122   -0.24758   3.33584    -0.80915   6.22592    33.07332
C-G        0.00000    0.00000    0.00000    0.00000    0.00000    0.00000    0.16256    0.18570    3.30162    2.87338    4.71852    36.40570
G-C        0.00000    0.00000    0.00000    0.00000    0.00000    0.00000    0.48502    0.84119    3.31618    3.84775    5.73237    35.29867
G-C        0.00000    0.00000    0.00000    0.00000    0.00000    0.00000    0.23108    -0.37536   3.41903    2.19063    3.92864    35.98861
G-C        0.00000    0.00000    0.00000    0.00000    0.00000    0.00000    0.26274    -0.26796   3.36703    3.02844    4.97200    35.28388
A-T        0.00000    0.00000    0.00000    0.00000    0.00000    0.00000    -0.04091   -0.32247   3.40179    1.07772    -2.77293   39.73589
T-A        0.00000    0.00000    0.00000    0.00000    0.00000    0.00000    -0.01545   -0.60459   3.26880    -0.08205   -0.81491   33.19804
C-G        0.00000    0.00000    0.00000    0.00000    0.00000    0.00000    0.01219    -0.30992   3.39594    -1.24663   -2.39198   39.60416
C-G        0.00000    0.00000    0.00000    0.00000    0.00000    0.00000    -0.49226   -0.04335   3.28490    -3.62978   6.34046    33.60959
G-C        0.00000    0.00000    0.00000    0.00000    0.00000    0.00000    -0.05626   0.45697    3.33865    -2.27606   7.23719    35.62840
C-G        0.00000    0.00000    0.00000    0.00000    0.00000    0.00000    -0.11127   -0.51892   3.42160    -1.48836   1.89692    35.57142
T-A        0.00000    0.00000    0.00000    0.00000    0.00000    0.00000    0.09916    -0.42665   3.45382    1.25482    3.87057    35.67831
T-A        0.00000    0.00000    0.00000    0.00000    0.00000    0.00000    0.08243    -0.30399   3.24964    1.06164    0.66481    36.32638
T-A        0.00000    0.00000    0.00000    0.00000    0.00000    0.00000    0.05257    -0.19752   3.26032    0.77379    0.68273    35.78184
A-T        0.00000    0.00000    0.00000    0.00000    0.00000    0.00000    0.17250    0.74987    3.30079    1.75992    -3.50670   39.62223
A-T        0.00000    0.00000    0.00000    0.00000    0.00000    0.00000    0.03940    -0.22052   3.24629    0.48582    -3.82761   37.83343
C-G        0.00000    0.00000    0.00000    0.00000    0.00000    0.00000    -0.05708   -0.81515   3.43867    -0.11595   -2.24230   34.84670
T-A        0.00000    0.00000    0.00000    0.00000    0.00000    0.00000    -0.24434   -0.43322   3.35997    -1.83114   2.81049    34.76987
C-G        0.00000    0.00000    0.00000    0.00000    0.00000    0.00000    -0.01808   0.04757    3.28114    -2.50199   1.38170    35.43291
A-T        0.00000    0.00000    0.00000    0.00000    0.00000    0.00000    -0.47012   0.53743    3.35245    -3.19981   6.50499    36.32723
T-A        0.00000    0.00000    0.00000    0.00000    0.00000    0.00000    0.00043    -0.47673   3.22311    -0.46248   4.15869    30.67304
G-C        0.00000    0.00000    0.00000    0.00000    0.00000    0.00000    0.01807    -0.09032   3.50887    -0.39328   8.57431    36.74506
T-A        0.00000    0.00000    0.00000    0.00000    0.00000    0.00000    0.08018    -0.64489   3.30238    1.07086    1.89271    32.72054
T-A        0.00000    0.00000    0.00000    0.00000    0.00000    0.00000    0.04819    -0.20796   3.18676    1.48895    1.37555    34.64278
A-T        0.00000    0.00000    0.00000    0.00000    0.00000    0.00000    0.08408    0.21976    3.44146    1.33870    -1.46260   41.43085
T-A        0.00000    0.00000    0.00000    0.00000    0.00000    0.00000    -0.00733   -0.71274   3.21635    0.75038    -1.93791   31.38753
A-T        0.00000    0.00000    0.00000    0.00000    0.00000    0.00000    -0.05858   0.35395    3.47891    0.35510    -5.34894   43.88370
A-T        0.00000    0.00000    0.00000    0.00000    0.00000    0.00000    -0.03487   -0.19496   3.22854    -1.27922   -2.60044   36.34868
C-G        0.00000    0.00000    0.00000    0.00000    0.00000    0.00000    -0.12359   -0.64835   3.36421    -1.28433   -0.56136   34.37201
G-C        0.00000    0.00000    0.00000    0.00000    0.00000    0.00000    0.04153    0.30879    3.26082    -2.06124   6.46182    35.15328
G-C        0.00000    0.00000    0.00000    0.00000    0.00000    0.00000    0.15577    -0.13939   3.27909    0.48174    7.04961    32.24567
A-T        0.00000    0.00000    0.00000    0.00000    0.00000    0.00000    -0.02130   -0.22061   3.31348    0.10925    4.32830    35.78310
A-T        0.00000    0.00000    0.00000    0.00000    0.00000    0.00000    0.01675    -0.15260   3.24462    0.61973    1.39208    35.18632
C-G        0.00000    0.00000    0.00000    0.00000    0.00000    0.00000    -0.00917   -0.83216   3.37062    0.61319    0.51200    33.52442
T-A        0.00000    0.00000    0.00000    0.00000    0.00000    0.00000    0.05489    -0.71061   3.55306    0.68368    2.23239    35.34719
T-A        0.00000    0.00000    0.00000    0.00000    0.00000    0.00000    0.04431    -0.35817   3.25690    1.00437    -2.71290   36.44623
T-A        0.00000    0.00000    0.00000    0.00000    0.00000    0.00000    -0.04668   -0.31520   3.26801    -0.08810   -2.29727   35.74950
A-T        0.00000    0.00000    0.00000    0.00000    0.00000    0.00000    -0.02213   0.33515    3.42937    -0.79996   -2.02536   41.07675
T-A        0.00000    0.00000    0.00000    0.00000    0.00000    0.00000    -0.02839   -0.72157   3.17432    -0.50545   1.90664    28.85972
G-C        0.00000    0.00000    0.00000    0.00000    0.00000    0.00000    -0.00129   -0.24075   3.32056    0.05097    5.99007    37.49096
C-G        0.00000    0.00000    0.00000    0.00000    0.00000    0.00000    0.20995    -0.42727   3.24785    -1.28489   3.06691    33.39961
T-A        0.00000    0.00000    0.00000    0.00000    0.00000    0.00000    0.18175    -0.43521   3.44151    1.84359    2.43077    35.06404
T-A        0.00000    0.00000    0.00000    0.00000    0.00000    0.00000    0.01509    -0.23638   3.20098    0.74973    2.99930    34.29827
C-G        0.00000    0.00000    0.00000    0.00000    0.00000    0.00000    0.11044    -0.23270   3.33960    0.47964    1.98540    36.37373
C-G        0.00000    0.00000    0.00000    0.00000    0.00000    0.00000    -0.03786   -0.21854   3.29834    -0.30478   5.61204    32.28279
G-C        0.00000    0.00000    0.00000    0.00000    0.00000    0.00000    -0.00169   0.29678    3.07845    0.05868    5.61739    31.54563
G-C        0.00000    0.00000    0.00000    0.00000    0.00000    0.00000    0.20834    -0.28518   3.35588    0.03814    3.74496    34.21171
C-G        0.00000    0.00000    0.00000    0.00000    0.00000    0.00000    0.03318    -0.59517   3.30527    -0.54850   2.43887    34.03027
T-A        0.00000    0.00000    0.00000    0.00000    0.00000    0.00000    -0.10882   -0.23359   3.31413    0.09183    3.06525    32.34604
C-G        0.00000    0.00000    0.00000    0.00000    0.00000    0.00000    0.06765    0.15147    3.31265    1.29213    2.51336    36.27705
G-C        0.00000    0.00000    0.00000    0.00000    0.00000    0.00000    0.01703    0.52860    3.30542    0.23021    4.75751    36.33762
T-A        0.00000    0.00000    0.00000    0.00000    0.00000    0.00000    0.24916    -0.66023   3.25225    0.05393    2.56903    32.67880
A-T        0.00000    0.00000    0.00000    0.00000    0.00000    0.00000    0.04914    -0.45244   3.38675    0.87355    3.38318    36.31438
T-A        0.00000    0.00000    0.00000    0.00000    0.00000    0.00000    0.03301    -0.71365   3.20138    0.23707    -1.21540   30.99612
A-T        0.00000    0.00000    0.00000    0.00000    0.00000    0.00000    -0.00545   0.24649    3.43323    0.24727    -1.88880   40.87295
A-T        0.00000    0.00000    0.00000    0.00000    0.00000    0.00000    -0.02539   -0.36362   3.23446    -0.53937   0.02562    35.04472
T-A        0.00000    0.00000    0.00000    0.00000    0.00000    0.00000    -0.00844   -0.67718   3.27570    -0.40089   -0.33759   31.80914
G-C        0.00000    0.00000    0.00000    0.00000    0.00000    0.00000    -0.08695   -0.21290   3.48023    -1.59941   5.32842    36.75876
T-A        0.00000    0.00000    0.00000    0.00000    0.00000    0.00000    -0.02506   -0.49397   3.23882    -0.68891   1.74752    30.70967
G-C        0.00000    0.00000    0.00000    0.00000    0.00000    0.00000    -0.04229   -0.05586   3.36662    0.47392    5.89799    35.50105
T-A        0.00000    0.00000    0.00000    0.00000    0.00000    0.00000    -0.12478   -0.47284   3.16074    0.47082    3.41480    31.62032
C-G        0.00000    0.00000    0.00000    0.00000    0.00000    0.00000    0.18938    -0.04488   3.15863    1.92488    0.13811    36.13735
G-C        0.00000    0.00000    0.00000    0.00000    0.00000    0.00000    0.11315    0.66071    3.27823    2.35723    6.13032    33.40508
A-T        0.00000    0.00000    0.00000    0.00000    0.00000    0.00000    -0.00859   -0.05940   3.19313    -0.08602   -0.76965   36.80841
C-G        0.00000    0.00000    0.00000    0.00000    0.00000    0.00000    -0.07401   -0.79391   3.23150    -0.42176   1.55485    32.67191
C-G        0.00000    0.00000    0.00000    0.00000    0.00000    0.00000    0.07452    -0.46336   3.38353    -0.25478   5.10199    32.75954
A-T        0.00000    0.00000    0.00000    0.00000    0.00000    0.00000    -0.17497   0.74708    3.29624    -2.53328   3.51152    36.26364
A-T        0.00000    0.00000    0.00000    0.00000    0.00000    0.00000    -0.03142   -0.15813   3.27411    -0.56316   1.30698    35.05832
A-T        0.00000    0.00000    0.00000    0.00000    0.00000    0.00000    -0.00547   -0.38605   3.26794    -0.50683   -1.21244   36.16630
T-A        0.00000    0.00000    0.00000    0.00000    0.00000    0.00000    -0.02280   -0.58684   3.25408    0.34280    1.95889    31.32717
G-C        0.00000    0.00000    0.00000    0.00000    0.00000    0.00000    -0.27000   -1.09600   3.26700    0.65900    -9.99400   39.97800
T-A        0.00000    0.00000    0.00000    0.00000    0.00000    0.00000    -0.92800   -1.59300   3.28000    -2.06300   -8.66200   31.96100
G-C        0.00000    0.00000    0.00000    0.00000    0.00000    0.00000    -0.32200   -0.59200   3.18200    -1.62200   -0.34400   39.42200
A-T        0.00000    0.00000    0.00000    0.00000    0.00000    0.00000    0.12100    -0.98200   3.10500    2.84700    -6.38400   31.81100
G-C        0.00000    0.00000    0.00000    0.00000    0.00000    0.00000    0.96100    -0.48300   2.89500    -0.87800   -7.57600   33.58400
C-G        0.00000    0.00000    0.00000    0.00000    0.00000    0.00000    -0.71700   -0.08600   3.08800    11.68700   -4.89500   33.31100
G-C        0.00000    0.00000    0.00000    0.00000    0.00000    0.00000    -0.05000   1.55100    5.41000    -0.16000   60.13100   13.23400
C-G        0.00000    0.00000    0.00000    0.00000    0.00000    0.00000    0.67500    -0.12400   3.12600    -12.51500  -5.65000   33.18600
T-A        0.00000    0.00000    0.00000    0.00000    0.00000    0.00000    -0.92700   -0.52800   2.87900    1.16800    -8.57300   33.49200
C-G        0.00000    0.00000    0.00000    0.00000    0.00000    0.00000    -0.13300   -1.01800   3.05000    -2.59300   -6.06700   32.11100
A-T        0.00000    0.00000    0.00000    0.00000    0.00000    0.00000    0.37600    -0.59600   3.22500    2.12800    -0.58400   39.45000
C-G        0.00000    0.00000    0.00000    0.00000    0.00000    0.00000    0.90400    -1.56500   3.20600    2.30700    -8.21000   32.14500
A-T        0.00000    0.00000    0.00000    0.00000    0.00000    0.00000    0.52900    -0.91300   3.45900    1.67500    -11.72900  37.48400
