147 # base pairs
  0 # ***local base-pair & step parameters***
#          Shear      Stretch    Stagger    Buckle     Prop-Tw    Opening    Shift      Slide      Rise       Tilt       Roll       Twist
A-T        0.00000    0.00000    0.00000    0.00000    0.00000    0.00000    0.00000    0.00000    0.00000    0.00000    0.00000    0.00000
G-C        0.00000    0.00000    0.00000    0.00000    0.00000    0.00000    -0.27000   -1.09500   3.26900    0.65500    -9.99300   39.97500
T-A        0.00000    0.00000    0.00000    0.00000    0.00000    0.00000    -0.92900   -1.59400   3.27900    -2.06900   -8.63400   31.93800
G-C        0.00000    0.00000    0.00000    0.00000    0.00000    0.00000    -0.32200   -0.59300   3.18200    -1.66400   -0.37500   39.43600
A-T        0.00000    0.00000    0.00000    0.00000    0.00000    0.00000    0.12100    -0.98400   3.10400    2.85800    -6.38900   31.82300
G-C        0.00000    0.00000    0.00000    0.00000    0.00000    0.00000    0.96000    -0.48500   2.89700    -0.88500   -7.59600   33.57900
C-G        0.00000    0.00000    0.00000    0.00000    0.00000    0.00000    -0.71600   -0.08700   3.08600    11.71000   -4.91700   33.30600
G-C        0.00000    0.00000    0.00000    0.00000    0.00000    0.00000    -0.04800   1.55200    5.41100    -0.14600   60.13700   13.20200
C-G        0.00000    0.00000    0.00000    0.00000    0.00000    0.00000    0.67500    -0.12200   3.12500    -12.51800  -5.63900   33.20600
T-A        0.00000    0.00000    0.00000    0.00000    0.00000    0.00000    -0.92700   -0.52800   2.87800    1.16700    -8.56000   33.49500
C-G        0.00000    0.00000    0.00000    0.00000    0.00000    0.00000    -0.13300   -1.01700   3.05000    -2.61000   -6.08100   32.11700
A-T        0.00000    0.00000    0.00000    0.00000    0.00000    0.00000    0.37700    -0.59600   3.22400    2.15400    -0.57500   39.43500
C-G        0.00000    0.00000    0.00000    0.00000    0.00000    0.00000    0.90400    -1.56500   3.20800    2.29400    -8.21000   32.14300
A-T        0.00000    0.00000    0.00000    0.00000    0.00000    0.00000    0.52900    -0.91300   3.45700    1.67600    -11.72600  37.48400
A-T        0.00000    0.00000    0.00000    0.00000    0.00000    0.00000    -0.07640   -0.10900   3.24196    -1.12831   0.15437    36.46761
T-A        0.00000    0.00000    0.00000    0.00000    0.00000    0.00000    -0.02084   -0.73912   3.31341    -0.45744   -2.43809   33.48608
T-A        0.00000    0.00000    0.00000    0.00000    0.00000    0.00000    -0.00689   -0.36793   3.26920    -0.35428   -2.03257   36.67557
T-A        0.00000    0.00000    0.00000    0.00000    0.00000    0.00000    0.00118    -0.17063   3.25742    -0.22345   1.52810    35.32523
A-T        0.00000    0.00000    0.00000    0.00000    0.00000    0.00000    0.07119    0.30245    3.39983    0.20634    1.38515    39.56499
T-A        0.00000    0.00000    0.00000    0.00000    0.00000    0.00000    -0.01039   -0.69456   3.25716    -0.01553   -1.03272   32.41618
T-A        0.00000    0.00000    0.00000    0.00000    0.00000    0.00000    0.03424    -0.25323   3.25320    1.31315    -1.42881   36.82891
C-G        0.00000    0.00000    0.00000    0.00000    0.00000    0.00000    0.01727    -0.01298   3.30151    0.51950    1.28953    37.07191
G-C        0.00000    0.00000    0.00000    0.00000    0.00000    0.00000    -0.06556   0.56691    3.33848    -0.85256   8.26356    34.09292
C-G        0.00000    0.00000    0.00000    0.00000    0.00000    0.00000    -0.17164   -0.42440   3.26104    -1.32353   3.11323    31.93171
A-T        0.00000    0.00000    0.00000    0.00000    0.00000    0.00000    -0.21734   0.53467    3.29744    -1.52000   3.82860    36.65426
A-T        0.00000    0.00000    0.00000    0.00000    0.00000    0.00000    0.02247    -0.12912   3.27790    0.09196    1.03469    35.62917
A-T        0.00000    0.00000    0.00000    0.00000    0.00000    0.00000    -0.05403   -0.33571   3.24376    -0.25194   -0.41641   35.97827
G-C        0.00000    0.00000    0.00000    0.00000    0.00000    0.00000    0.01443    -0.46082   3.35358    0.52407    3.54061    32.99520
G-C        0.00000    0.00000    0.00000    0.00000    0.00000    0.00000    0.10007    -0.33761   3.43653    0.44648    3.70118    35.95786
C-G        0.00000    0.00000    0.00000    0.00000    0.00000    0.00000    0.14072    -0.37196   3.27424    0.95993    2.49301    34.66049
C-G        0.00000    0.00000    0.00000    0.00000    0.00000    0.00000    -0.21571   -0.26841   3.36696    -0.09864   3.17361    34.62877
G-C        0.00000    0.00000    0.00000    0.00000    0.00000    0.00000    -0.04316   0.32222    3.08635    -0.52495   5.10558    32.07674
G-C        0.00000    0.00000    0.00000    0.00000    0.00000    0.00000    0.14516    -0.27532   3.36085    -0.73659   3.68946    34.61362
C-G        0.00000    0.00000    0.00000    0.00000    0.00000    0.00000    -0.18626   -0.40802   3.27001    -1.36291   3.16866    34.39872
C-G        0.00000    0.00000    0.00000    0.00000    0.00000    0.00000    0.13031    -0.40423   3.38390    -0.74854   5.13057    34.15788
C-G        0.00000    0.00000    0.00000    0.00000    0.00000    0.00000    0.01660    -0.22542   3.35925    1.48724    4.50592    34.74176
G-C        0.00000    0.00000    0.00000    0.00000    0.00000    0.00000    -0.18904   0.83621    3.29528    -0.42718   4.69406    34.42973
A-T        0.00000    0.00000    0.00000    0.00000    0.00000    0.00000    0.00064    -0.05380   3.19292    0.25704    0.17738    36.67906
C-G        0.00000    0.00000    0.00000    0.00000    0.00000    0.00000    0.16454    -0.51097   3.17792    0.99813    2.18518    32.11831
A-T        0.00000    0.00000    0.00000    0.00000    0.00000    0.00000    0.16606    -0.03107   3.38396    0.06809    2.40227    37.48442
C-G        0.00000    0.00000    0.00000    0.00000    0.00000    0.00000    0.20936    -0.51718   3.31054    0.26928    0.79933    32.05346
G-C        0.00000    0.00000    0.00000    0.00000    0.00000    0.00000    -0.04571   0.47999    3.28215    -1.25401   1.99850    37.27127
A-T        0.00000    0.00000    0.00000    0.00000    0.00000    0.00000    -0.19907   -0.05824   3.16522    -2.05527   -0.24818   36.37217
C-G        0.00000    0.00000    0.00000    0.00000    0.00000    0.00000    -0.18994   -0.67212   3.22515    -0.39833   3.60787    32.46380
T-A        0.00000    0.00000    0.00000    0.00000    0.00000    0.00000    -0.02554   -0.61682   3.51833    -1.54162   5.48236    35.77534
T-A        0.00000    0.00000    0.00000    0.00000    0.00000    0.00000    -0.00454   -0.11236   3.17385    -0.27352   3.55257    31.83407
A-T        0.00000    0.00000    0.00000    0.00000    0.00000    0.00000    0.06456    -0.08280   3.31096    0.76615    8.17319    34.43626
C-G        0.00000    0.00000    0.00000    0.00000    0.00000    0.00000    0.11119    -0.67842   3.25497    1.78026    2.78059    32.42618
T-A        0.00000    0.00000    0.00000    0.00000    0.00000    0.00000    -0.02755   -0.48206   3.34157    2.62739    4.81366    32.32775
G-C        0.00000    0.00000    0.00000    0.00000    0.00000    0.00000    0.10079    0.12148    3.35215    0.93106    4.09124    36.47646
T-A        0.00000    0.00000    0.00000    0.00000    0.00000    0.00000    0.17010    -0.49874   3.18475    0.74966    -0.88798   33.46774
A-T        0.00000    0.00000    0.00000    0.00000    0.00000    0.00000    -0.04775   1.17351    3.36248    -0.32101   -7.46705   44.59132
G-C        0.00000    0.00000    0.00000    0.00000    0.00000    0.00000    -0.22906   -0.12681   3.27346    -2.61221   3.47472    32.34981
G-C        0.00000    0.00000    0.00000    0.00000    0.00000    0.00000    -0.08302   -0.74880   3.49889    -1.77233   5.02834    34.54923
T-A        0.00000    0.00000    0.00000    0.00000    0.00000    0.00000    0.12560    -0.82684   3.18832    -1.17307   3.46786    32.36616
C-G        0.00000    0.00000    0.00000    0.00000    0.00000    0.00000    0.01263    0.04315    3.19505    0.00732    5.16712    33.70867
A-T        0.00000    0.00000    0.00000    0.00000    0.00000    0.00000    -0.31491   -0.14721   3.38929    2.44963    9.23697    33.06452
T-A        0.00000    0.00000    0.00000    0.00000    0.00000    0.00000    0.02515    -0.47825   3.22177    0.68982    4.10099    30.62260
G-C        0.00000    0.00000    0.00000    0.00000    0.00000    0.00000    0.06932    -0.06657   3.42436    2.30223    5.13997    38.13401
T-A        0.00000    0.00000    0.00000    0.00000    0.00000    0.00000    0.05569    -0.57060   3.36903    1.42110    -1.20805   34.80039
T-A        0.00000    0.00000    0.00000    0.00000    0.00000    0.00000    0.00866    -0.19910   3.25284    1.59058    -4.73847   37.51565
A-T        0.00000    0.00000    0.00000    0.00000    0.00000    0.00000    0.01531    0.40521    3.51686    -0.84438   -8.25654   46.32214
T-A        0.00000    0.00000    0.00000    0.00000    0.00000    0.00000    -0.02440   -0.70456   3.22261    -1.33395   -2.16201   31.72938
A-T        0.00000    0.00000    0.00000    0.00000    0.00000    0.00000    -0.12173   0.31107    3.43798    -2.08281   -1.02489   41.88798
A-T        0.00000    0.00000    0.00000    0.00000    0.00000    0.00000    -0.04237   -0.19045   3.17609    -1.55348   2.54201    34.54572
C-G        0.00000    0.00000    0.00000    0.00000    0.00000    0.00000    -0.04082   -0.65293   3.28474    -0.83141   3.45554    33.62292
G-C        0.00000    0.00000    0.00000    0.00000    0.00000    0.00000    0.18429    0.39447    3.25439    0.95695    10.82552   32.74354
G-C        0.00000    0.00000    0.00000    0.00000    0.00000    0.00000    0.60806    -0.05914   3.25993    3.95079    8.94704    32.47562
A-T        0.00000    0.00000    0.00000    0.00000    0.00000    0.00000    0.02099    -0.26180   3.34001    1.65378    0.82195    37.81767
T-A        0.00000    0.00000    0.00000    0.00000    0.00000    0.00000    0.04575    -0.72385   3.21466    1.17893    -1.86545   32.78134
A-T        0.00000    0.00000    0.00000    0.00000    0.00000    0.00000    0.01568    -0.20343   3.45676    0.57386    -4.46488   40.94366
T-A        0.00000    0.00000    0.00000    0.00000    0.00000    0.00000    -0.08171   -0.76550   3.23781    -0.21503   -3.84342   33.20641
C-G        0.00000    0.00000    0.00000    0.00000    0.00000    0.00000    0.06364    -0.28868   3.36176    -1.62444   -1.72230   39.88563
T-A        0.00000    0.00000    0.00000    0.00000    0.00000    0.00000    0.06023    -0.31064   3.36558    -1.45468   2.78639    33.46673
C-G        0.00000    0.00000    0.00000    0.00000    0.00000    0.00000    -0.20279   -0.04436   3.41110    -2.23853   2.06497    37.05710
G-C        0.00000    0.00000    0.00000    0.00000    0.00000    0.00000    -0.08007   0.55340    3.33929    -2.43133   14.02751   31.80913
A-T        0.00000    0.00000    0.00000    0.00000    0.00000    0.00000    -0.09275   0.12084    3.30788    -2.05252   4.63007    35.63551
G-C        0.00000    0.00000    0.00000    0.00000    0.00000    0.00000    0.16009    -0.30000   3.32514    0.95515    5.69577    32.26796
C-G        0.00000    0.00000    0.00000    0.00000    0.00000    0.00000    0.12598    -0.51376   3.38962    1.64179    2.65375    36.08234
T-A        0.00000    0.00000    0.00000    0.00000    0.00000    0.00000    0.03317    -0.12834   3.30867    2.86528    1.37264    33.74701
C-G        0.00000    0.00000    0.00000    0.00000    0.00000    0.00000    0.22470    0.29067    3.28784    3.03261    -0.00146   38.55050
G-C        0.00000    0.00000    0.00000    0.00000    0.00000    0.00000    0.15031    1.24824    3.39328    1.19921    0.76560    37.17979
G-C        0.00000    0.00000    0.00000    0.00000    0.00000    0.00000    -0.25135   -0.17873   3.39590    -3.52788   1.71548    36.18316
G-C        0.00000    0.00000    0.00000    0.00000    0.00000    0.00000    -0.24595   -0.19852   3.34402    -1.61581   5.31116    34.05936
A-T        0.00000    0.00000    0.00000    0.00000    0.00000    0.00000    -0.11194   -0.25957   3.34424    -1.31962   1.50456    37.49086
T-A        0.00000    0.00000    0.00000    0.00000    0.00000    0.00000    -0.01071   -0.62773   3.23331    -0.45145   2.34421    31.87009
C-G        0.00000    0.00000    0.00000    0.00000    0.00000    0.00000    0.06032    -0.23349   3.31658    0.12053    2.98925    36.79417
C-G        0.00000    0.00000    0.00000    0.00000    0.00000    0.00000    -0.07905   -0.16865   3.28667    -0.28358   7.32126    32.49873
G-C        0.00000    0.00000    0.00000    0.00000    0.00000    0.00000    0.08172    0.41705    3.33001    1.42849    7.53194    35.06616
C-G        0.00000    0.00000    0.00000    0.00000    0.00000    0.00000    0.19125    -0.51920   3.43913    1.52037    0.91921    35.85254
T-A        0.00000    0.00000    0.00000    0.00000    0.00000    0.00000    0.32910    -0.43233   3.46954    3.45958    0.53192    36.13812
T-A        0.00000    0.00000    0.00000    0.00000    0.00000    0.00000    0.03799    -0.33529   3.26781    0.93513    -3.70354   37.26610
T-A        0.00000    0.00000    0.00000    0.00000    0.00000    0.00000    -0.05748   -0.30293   3.28448    -0.39037   -2.87301   36.57637
A-T        0.00000    0.00000    0.00000    0.00000    0.00000    0.00000    -0.11687   0.79788    3.31565    -0.92471   -2.21554   39.57207
A-T        0.00000    0.00000    0.00000    0.00000    0.00000    0.00000    -0.00325   -0.18375   3.20815    -0.97206   -0.02073   36.03948
C-G        0.00000    0.00000    0.00000    0.00000    0.00000    0.00000    -0.01659   -0.59940   3.33814    -0.59122   0.40660    34.06840
A-T        0.00000    0.00000    0.00000    0.00000    0.00000    0.00000    0.07817    -0.00042   3.39790    -0.43528   4.92016    37.23739
C-G        0.00000    0.00000    0.00000    0.00000    0.00000    0.00000    0.21867    -0.64952   3.30516    0.67023    1.86505    32.94567
T-A        0.00000    0.00000    0.00000    0.00000    0.00000    0.00000    0.01340    -0.65169   3.54891    0.29592    3.31263    36.52565
T-A        0.00000    0.00000    0.00000    0.00000    0.00000    0.00000    0.05997    -0.32554   3.26292    1.02755    -2.22478   36.97219
T-A        0.00000    0.00000    0.00000    0.00000    0.00000    0.00000    -0.01470   -0.28066   3.27832    0.02613    -1.84601   36.32885
A-T        0.00000    0.00000    0.00000    0.00000    0.00000    0.00000    0.00390    0.32925    3.47045    -0.25723   -3.39739   43.53730
T-A        0.00000    0.00000    0.00000    0.00000    0.00000    0.00000    -0.04786   -0.72112   3.18148    -0.24638   1.59455    29.50982
G-C        0.00000    0.00000    0.00000    0.00000    0.00000    0.00000    -0.00720   -0.23274   3.31791    0.03047    5.76835    37.77039
C-G        0.00000    0.00000    0.00000    0.00000    0.00000    0.00000    0.15433    -0.41027   3.27442    -1.24313   2.45114    34.19258
T-A        0.00000    0.00000    0.00000    0.00000    0.00000    0.00000    0.11118    -0.41730   3.45492    1.41833    2.34375    35.86324
T-A        0.00000    0.00000    0.00000    0.00000    0.00000    0.00000    0.01395    -0.22021   3.20602    0.67301    2.90221    34.86024
C-G        0.00000    0.00000    0.00000    0.00000    0.00000    0.00000    0.09950    -0.20733   3.35762    0.34779    1.89735    37.49648
C-G        0.00000    0.00000    0.00000    0.00000    0.00000    0.00000    0.00173    -0.17866   3.30656    -0.12969   5.56469    33.16781
G-C        0.00000    0.00000    0.00000    0.00000    0.00000    0.00000    0.05823    0.34666    3.10718    0.33902    5.52830    32.58130
G-C        0.00000    0.00000    0.00000    0.00000    0.00000    0.00000    0.21235    -0.25198   3.36982    0.01992    3.49787    34.89540
C-G        0.00000    0.00000    0.00000    0.00000    0.00000    0.00000    0.05834    -0.58575   3.31208    -0.49030   2.38592    34.84702
T-A        0.00000    0.00000    0.00000    0.00000    0.00000    0.00000    -0.09432   -0.19462   3.33085    0.08218    2.80993    33.29721
C-G        0.00000    0.00000    0.00000    0.00000    0.00000    0.00000    0.00320    0.13137    3.34775    0.76398    2.01857    37.48621
G-C        0.00000    0.00000    0.00000    0.00000    0.00000    0.00000    -0.02268   0.53853    3.32137    -0.19528   4.87340    37.44127
T-A        0.00000    0.00000    0.00000    0.00000    0.00000    0.00000    0.24879    -0.73624   3.27679    -0.20839   2.74230    33.63645
A-T        0.00000    0.00000    0.00000    0.00000    0.00000    0.00000    0.03462    -0.38373   3.39752    0.86994    3.47154    37.46956
T-A        0.00000    0.00000    0.00000    0.00000    0.00000    0.00000    0.03144    -0.70404   3.21920    0.46989    -1.07775   31.90142
A-T        0.00000    0.00000    0.00000    0.00000    0.00000    0.00000    0.01299    0.37208    3.47224    0.56376    -3.93786   43.81485
A-T        0.00000    0.00000    0.00000    0.00000    0.00000    0.00000    -0.02150   -0.35499   3.24022    -0.23454   -1.03273   35.91252
T-A        0.00000    0.00000    0.00000    0.00000    0.00000    0.00000    0.01159    -0.68593   3.28713    -0.34741   -1.11881   32.61945
G-C        0.00000    0.00000    0.00000    0.00000    0.00000    0.00000    -0.11445   -0.16012   3.48084    -1.91389   3.65213    38.42540
T-A        0.00000    0.00000    0.00000    0.00000    0.00000    0.00000    -0.09359   -0.50135   3.27069    -1.34358   1.17928    31.96687
G-C        0.00000    0.00000    0.00000    0.00000    0.00000    0.00000    -0.11297   -0.03248   3.39900    -0.15827   5.60138    36.70159
T-A        0.00000    0.00000    0.00000    0.00000    0.00000    0.00000    -0.14248   -0.46012   3.15625    0.01995    3.75907    32.17779
C-G        0.00000    0.00000    0.00000    0.00000    0.00000    0.00000    0.16024    -0.04219   3.17286    1.56250    0.46165    36.61875
G-C        0.00000    0.00000    0.00000    0.00000    0.00000    0.00000    0.11148    0.68460    3.31875    2.68880    8.06432    34.23198
A-T        0.00000    0.00000    0.00000    0.00000    0.00000    0.00000    0.03437    -0.05522   3.21094    0.52826    -0.54079   37.38255
C-G        0.00000    0.00000    0.00000    0.00000    0.00000    0.00000    -0.10006   -0.80586   3.22888    0.17135    1.63279    33.16049
C-G        0.00000    0.00000    0.00000    0.00000    0.00000    0.00000    0.07186    -0.38651   3.40043    0.56802    4.27735    33.99268
A-T        0.00000    0.00000    0.00000    0.00000    0.00000    0.00000    -0.27049   1.00444    3.29898    -1.84582   -0.45724   39.93427
A-T        0.00000    0.00000    0.00000    0.00000    0.00000    0.00000    -0.00219   -0.15987   3.28584    -0.59054   -0.26462   36.43686
A-T        0.00000    0.00000    0.00000    0.00000    0.00000    0.00000    -0.00654   -0.38213   3.26307    -0.68676   -1.86174   36.65375
T-A        0.00000    0.00000    0.00000    0.00000    0.00000    0.00000    -0.02055   -0.58084   3.26580    -0.10445   1.39021    32.22211
G-C        0.00000    0.00000    0.00000    0.00000    0.00000    0.00000    -0.27000   -1.09600   3.26700    0.65900    -9.99400   39.97800
T-A        0.00000    0.00000    0.00000    0.00000    0.00000    0.00000    -0.92800   -1.59300   3.28000    -2.06300   -8.66200   31.96100
G-C        0.00000    0.00000    0.00000    0.00000    0.00000    0.00000    -0.32200   -0.59200   3.18200    -1.62200   -0.34400   39.42200
A-T        0.00000    0.00000    0.00000    0.00000    0.00000    0.00000    0.12100    -0.98200   3.10500    2.84700    -6.38400   31.81100
G-C        0.00000    0.00000    0.00000    0.00000    0.00000    0.00000    0.96100    -0.48300   2.89500    -0.87800   -7.57600   33.58400
C-G        0.00000    0.00000    0.00000    0.00000    0.00000    0.00000    -0.71700   -0.08600   3.08800    11.68700   -4.89500   33.31100
G-C        0.00000    0.00000    0.00000    0.00000    0.00000    0.00000    -0.05000   1.55100    5.41000    -0.16000   60.13100   13.23400
C-G        0.00000    0.00000    0.00000    0.00000    0.00000    0.00000    0.67500    -0.12400   3.12600    -12.51500  -5.65000   33.18600
T-A        0.00000    0.00000    0.00000    0.00000    0.00000    0.00000    -0.92700   -0.52800   2.87900    1.16800    -8.57300   33.49200
C-G        0.00000    0.00000    0.00000    0.00000    0.00000    0.00000    -0.13300   -1.01800   3.05000    -2.59300   -6.06700   32.11100
A-T        0.00000    0.00000    0.00000    0.00000    0.00000    0.00000    0.37600    -0.59600   3.22500    2.12800    -0.58400   39.45000
C-G        0.00000    0.00000    0.00000    0.00000    0.00000    0.00000    0.90400    -1.56500   3.20600    2.30700    -8.21000   32.14500
A-T        0.00000    0.00000    0.00000    0.00000    0.00000    0.00000    0.52900    -0.91300   3.45900    1.67500    -11.72900  37.48400
