147 # base pairs
  0 # ***local base-pair & step parameters***
#          Shear      Stretch    Stagger    Buckle     Prop-Tw    Opening    Shift      Slide      Rise       Tilt       Roll       Twist
A-T        0.00000    0.00000    0.00000    0.00000    0.00000    0.00000    0.00000    0.00000    0.00000    0.00000    0.00000    0.00000
G-C        0.00000    0.00000    0.00000    0.00000    0.00000    0.00000    -0.27000   -1.09500   3.26900    0.65500    -9.99300   39.97500
T-A        0.00000    0.00000    0.00000    0.00000    0.00000    0.00000    -0.92900   -1.59400   3.27900    -2.06900   -8.63400   31.93800
G-C        0.00000    0.00000    0.00000    0.00000    0.00000    0.00000    -0.32200   -0.59300   3.18200    -1.66400   -0.37500   39.43600
A-T        0.00000    0.00000    0.00000    0.00000    0.00000    0.00000    0.12100    -0.98400   3.10400    2.85800    -6.38900   31.82300
G-C        0.00000    0.00000    0.00000    0.00000    0.00000    0.00000    0.96000    -0.48500   2.89700    -0.88500   -7.59600   33.57900
C-G        0.00000    0.00000    0.00000    0.00000    0.00000    0.00000    -0.71600   -0.08700   3.08600    11.71000   -4.91700   33.30600
G-C        0.00000    0.00000    0.00000    0.00000    0.00000    0.00000    -0.04800   1.55200    5.41100    -0.14600   60.13700   13.20200
C-G        0.00000    0.00000    0.00000    0.00000    0.00000    0.00000    0.67500    -0.12200   3.12500    -12.51800  -5.63900   33.20600
T-A        0.00000    0.00000    0.00000    0.00000    0.00000    0.00000    -0.92700   -0.52800   2.87800    1.16700    -8.56000   33.49500
C-G        0.00000    0.00000    0.00000    0.00000    0.00000    0.00000    -0.13300   -1.01700   3.05000    -2.61000   -6.08100   32.11700
A-T        0.00000    0.00000    0.00000    0.00000    0.00000    0.00000    0.37700    -0.59600   3.22400    2.15400    -0.57500   39.43500
C-G        0.00000    0.00000    0.00000    0.00000    0.00000    0.00000    0.90400    -1.56500   3.20800    2.29400    -8.21000   32.14300
A-T        0.00000    0.00000    0.00000    0.00000    0.00000    0.00000    0.52900    -0.91300   3.45700    1.67600    -11.72600  37.48400
A-T        0.00000    0.00000    0.00000    0.00000    0.00000    0.00000    -0.02150   -0.26258   3.24852    -0.60387   -1.36072   36.21742
T-A        0.00000    0.00000    0.00000    0.00000    0.00000    0.00000    -0.02448   -0.67376   3.23041    -0.43548   -0.02362   31.28996
T-A        0.00000    0.00000    0.00000    0.00000    0.00000    0.00000    -0.03210   -0.21992   3.24021    -0.46082   0.48849    35.76282
T-A        0.00000    0.00000    0.00000    0.00000    0.00000    0.00000    -0.00697   -0.21677   3.23879    -0.10236   0.80337    35.66505
A-T        0.00000    0.00000    0.00000    0.00000    0.00000    0.00000    0.06092    0.27897    3.36338    0.44151    2.79138    38.71518
T-A        0.00000    0.00000    0.00000    0.00000    0.00000    0.00000    0.03003    -0.68066   3.23057    0.32326    0.07433    31.26257
T-A        0.00000    0.00000    0.00000    0.00000    0.00000    0.00000    0.01152    -0.27063   3.24746    0.43008    -0.99105   36.08581
C-G        0.00000    0.00000    0.00000    0.00000    0.00000    0.00000    0.04623    -0.12365   3.30448    0.28253    0.86677    37.43555
G-C        0.00000    0.00000    0.00000    0.00000    0.00000    0.00000    -0.05301   0.37270    3.36297    -0.50521   5.04407    35.58602
C-G        0.00000    0.00000    0.00000    0.00000    0.00000    0.00000    -0.08822   -0.44396   3.31493    -0.71173   2.20256    34.18061
A-T        0.00000    0.00000    0.00000    0.00000    0.00000    0.00000    -0.14336   0.23517    3.34491    -0.84650   5.53653    36.06715
A-T        0.00000    0.00000    0.00000    0.00000    0.00000    0.00000    -0.00798   -0.22552   3.23826    -0.23312   0.64478    35.57586
A-T        0.00000    0.00000    0.00000    0.00000    0.00000    0.00000    0.01608    -0.21725   3.23721    0.15219    0.86371    35.53230
G-C        0.00000    0.00000    0.00000    0.00000    0.00000    0.00000    0.00452    -0.29722   3.31269    0.25546    4.02528    32.99687
G-C        0.00000    0.00000    0.00000    0.00000    0.00000    0.00000    0.12790    -0.28806   3.37236    1.04907    4.69899    34.10211
C-G        0.00000    0.00000    0.00000    0.00000    0.00000    0.00000    0.09600    -0.43045   3.31818    0.76422    1.94388    34.29184
C-G        0.00000    0.00000    0.00000    0.00000    0.00000    0.00000    0.08626    -0.30330   3.38606    0.47780    3.56731    34.46741
G-C        0.00000    0.00000    0.00000    0.00000    0.00000    0.00000    -0.04132   0.38122    3.36207    -0.69964   4.66156    35.71346
G-C        0.00000    0.00000    0.00000    0.00000    0.00000    0.00000    -0.13818   -0.32450   3.38368    -1.31413   4.14723    34.22633
C-G        0.00000    0.00000    0.00000    0.00000    0.00000    0.00000    -0.12263   -0.46186   3.30483    -1.17071   2.76916    33.91838
C-G        0.00000    0.00000    0.00000    0.00000    0.00000    0.00000    -0.14879   -0.33928   3.36785    -1.11985   5.89007    33.57584
C-G        0.00000    0.00000    0.00000    0.00000    0.00000    0.00000    -0.07204   -0.31281   3.36050    -0.32256   6.31172    33.47986
G-C        0.00000    0.00000    0.00000    0.00000    0.00000    0.00000    0.05484    0.36172    3.36190    0.94963    8.11849    34.47267
A-T        0.00000    0.00000    0.00000    0.00000    0.00000    0.00000    0.08320    -0.07502   3.28974    1.19146    2.51533    36.91458
C-G        0.00000    0.00000    0.00000    0.00000    0.00000    0.00000    0.06311    -0.63405   3.27419    1.25321    1.31353    32.63284
A-T        0.00000    0.00000    0.00000    0.00000    0.00000    0.00000    0.06503    0.31648    3.33033    1.14549    3.37126    36.82925
C-G        0.00000    0.00000    0.00000    0.00000    0.00000    0.00000    0.04817    -0.64843   3.30525    0.37009    -0.13616   33.11277
G-C        0.00000    0.00000    0.00000    0.00000    0.00000    0.00000    -0.07466   0.41847    3.35454    -1.25160   3.52221    36.03586
A-T        0.00000    0.00000    0.00000    0.00000    0.00000    0.00000    -0.14720   -0.12375   3.29815    -1.58993   0.76174    37.30510
C-G        0.00000    0.00000    0.00000    0.00000    0.00000    0.00000    -0.09134   -0.64503   3.25818    -1.11902   1.95959    32.44706
T-A        0.00000    0.00000    0.00000    0.00000    0.00000    0.00000    -0.05513   -0.33158   3.30561    -1.02000   5.18054    32.52022
T-A        0.00000    0.00000    0.00000    0.00000    0.00000    0.00000    -0.04561   -0.19682   3.22579    -0.39740   2.97069    34.75407
A-T        0.00000    0.00000    0.00000    0.00000    0.00000    0.00000    0.01289    -0.00640   3.34393    0.77242    7.92502    35.61273
C-G        0.00000    0.00000    0.00000    0.00000    0.00000    0.00000    0.02991    -0.63059   3.24357    1.49747    2.77474    32.22013
T-A        0.00000    0.00000    0.00000    0.00000    0.00000    0.00000    0.10604    -0.29828   3.31209    2.64359    3.37781    33.24457
G-C        0.00000    0.00000    0.00000    0.00000    0.00000    0.00000    0.19941    0.38905    3.32357    2.12562    2.72302    37.51027
T-A        0.00000    0.00000    0.00000    0.00000    0.00000    0.00000    0.05342    -0.64093   3.31626    0.34255    -0.80434   33.46254
A-T        0.00000    0.00000    0.00000    0.00000    0.00000    0.00000    -0.01400   0.78992    3.38843    -0.75539   -7.29069   44.27747
G-C        0.00000    0.00000    0.00000    0.00000    0.00000    0.00000    -0.08621   -0.33789   3.33167    -2.46631   1.78020    33.85058
G-C        0.00000    0.00000    0.00000    0.00000    0.00000    0.00000    -0.32424   -0.29570   3.37475    -3.26886   4.70443    34.23485
T-A        0.00000    0.00000    0.00000    0.00000    0.00000    0.00000    -0.06992   -0.65215   3.23865    -1.73933   3.21093    32.11240
A-T        0.00000    0.00000    0.00000    0.00000    0.00000    0.00000    -0.08071   -0.18802   3.33913    -0.95704   10.32357   34.24180
T-A        0.00000    0.00000    0.00000    0.00000    0.00000    0.00000    -0.00657   -0.65115   3.19043    0.24515    2.94213    30.25348
C-G        0.00000    0.00000    0.00000    0.00000    0.00000    0.00000    0.15377    -0.06528   3.26127    1.89251    4.24787    36.10983
T-A        0.00000    0.00000    0.00000    0.00000    0.00000    0.00000    0.11049    -0.30672   3.30360    3.23058    4.16681    32.99153
C-G        0.00000    0.00000    0.00000    0.00000    0.00000    0.00000    0.23680    -0.09516   3.29696    2.57284    0.14709    37.60654
G-C        0.00000    0.00000    0.00000    0.00000    0.00000    0.00000    0.19660    0.51101    3.34510    2.38735    1.56912    36.84041
A-T        0.00000    0.00000    0.00000    0.00000    0.00000    0.00000    -0.05870   -0.12538   3.32648    -0.46635   -2.01630   38.56210
G-C        0.00000    0.00000    0.00000    0.00000    0.00000    0.00000    -0.09602   -0.32987   3.33508    -2.49497   0.79539    34.04878
C-G        0.00000    0.00000    0.00000    0.00000    0.00000    0.00000    -0.25885   -0.43478   3.31544    -2.95725   1.99718    34.28012
T-A        0.00000    0.00000    0.00000    0.00000    0.00000    0.00000    -0.07069   -0.31873   3.30678    -2.43254   4.96696    32.63460
C-G        0.00000    0.00000    0.00000    0.00000    0.00000    0.00000    -0.12403   -0.07923   3.26540    -1.55525   5.08255    35.93616
T-A        0.00000    0.00000    0.00000    0.00000    0.00000    0.00000    0.00895    -0.31370   3.28035    0.58259    7.46560    31.86719
C-G        0.00000    0.00000    0.00000    0.00000    0.00000    0.00000    0.15184    -0.07062   3.25455    1.79779    4.91958    35.81271
A-T        0.00000    0.00000    0.00000    0.00000    0.00000    0.00000    0.14762    0.14175    3.35243    3.16328    6.94404    35.15989
T-A        0.00000    0.00000    0.00000    0.00000    0.00000    0.00000    0.03974    -0.68812   3.24065    1.41354    -0.95284   31.57724
G-C        0.00000    0.00000    0.00000    0.00000    0.00000    0.00000    0.17711    0.40550    3.31255    2.26273    1.17053    38.06523
T-A        0.00000    0.00000    0.00000    0.00000    0.00000    0.00000    -0.01062   -0.64721   3.33298    -0.02432   -1.63864   33.66271
T-A        0.00000    0.00000    0.00000    0.00000    0.00000    0.00000    -0.06457   -0.32122   3.26282    -0.97388   -4.72957   37.37918
A-T        0.00000    0.00000    0.00000    0.00000    0.00000    0.00000    -0.15972   0.63412    3.37778    -2.62599   -3.25904   42.40234
T-A        0.00000    0.00000    0.00000    0.00000    0.00000    0.00000    -0.03821   -0.66559   3.22108    -1.30180   0.74427    31.31503
A-T        0.00000    0.00000    0.00000    0.00000    0.00000    0.00000    -0.08915   0.01905    3.35153    -1.69871   8.16425    36.25627
A-T        0.00000    0.00000    0.00000    0.00000    0.00000    0.00000    0.01706    -0.15878   3.22127    0.01062    4.17801    34.83696
C-G        0.00000    0.00000    0.00000    0.00000    0.00000    0.00000    0.03508    -0.63888   3.22164    1.20191    4.07431    32.14473
G-C        0.00000    0.00000    0.00000    0.00000    0.00000    0.00000    0.33312    0.32021    3.37468    4.16312    8.09496    34.97170
G-C        0.00000    0.00000    0.00000    0.00000    0.00000    0.00000    0.31021    -0.32961   3.38726    3.14604    4.29248    34.69176
A-T        0.00000    0.00000    0.00000    0.00000    0.00000    0.00000    0.11322    -0.12024   3.33164    1.75654    -0.69008   38.68847
G-C        0.00000    0.00000    0.00000    0.00000    0.00000    0.00000    -0.05013   -0.31674   3.35607    0.11594    0.11705    34.81066
G-C        0.00000    0.00000    0.00000    0.00000    0.00000    0.00000    -0.20225   -0.22362   3.39799    -1.62236   1.69090    35.73594
G-C        0.00000    0.00000    0.00000    0.00000    0.00000    0.00000    -0.31370   -0.20974   3.38483    -2.90652   2.95729    35.30968
A-T        0.00000    0.00000    0.00000    0.00000    0.00000    0.00000    -0.20294   -0.06415   3.28929    -2.29319   1.94627    37.44279
T-A        0.00000    0.00000    0.00000    0.00000    0.00000    0.00000    -0.01566   -0.65552   3.21136    -0.80205   1.54967    31.09246
C-G        0.00000    0.00000    0.00000    0.00000    0.00000    0.00000    -0.01261   -0.05853   3.27805    -0.40423   4.31056    36.75100
C-G        0.00000    0.00000    0.00000    0.00000    0.00000    0.00000    0.13316    -0.29239   3.36212    1.17486    6.99120    33.90309
G-C        0.00000    0.00000    0.00000    0.00000    0.00000    0.00000    0.25387    0.32569    3.38192    3.01611    7.87398    35.24114
C-G        0.00000    0.00000    0.00000    0.00000    0.00000    0.00000    0.18346    -0.45247   3.32393    1.98345    2.36102    34.68202
T-A        0.00000    0.00000    0.00000    0.00000    0.00000    0.00000    0.06870    -0.32950   3.34256    1.92483    1.93740    34.39258
T-A        0.00000    0.00000    0.00000    0.00000    0.00000    0.00000    -0.01747   -0.29224   3.26275    0.48029    -3.54523   37.50577
T-A        0.00000    0.00000    0.00000    0.00000    0.00000    0.00000    -0.04902   -0.28335   3.26264    -0.23955   -3.49217   37.52601
A-T        0.00000    0.00000    0.00000    0.00000    0.00000    0.00000    -0.10170   0.75383    3.39239    -1.21065   -4.17150   43.71715
A-T        0.00000    0.00000    0.00000    0.00000    0.00000    0.00000    -0.02526   -0.21733   3.25068    -0.94903   -0.80455   36.89649
C-G        0.00000    0.00000    0.00000    0.00000    0.00000    0.00000    -0.04626   -0.61720   3.26457    -0.55290   2.12921    33.28317
A-T        0.00000    0.00000    0.00000    0.00000    0.00000    0.00000    -0.05390   0.27942    3.36491    -0.49284   6.55421    36.72058
C-G        0.00000    0.00000    0.00000    0.00000    0.00000    0.00000    0.02320    -0.63621   3.26080    0.41523    2.55344    33.10064
T-A        0.00000    0.00000    0.00000    0.00000    0.00000    0.00000    0.07849    -0.30972   3.33015    1.22710    4.18477    33.92117
T-A        0.00000    0.00000    0.00000    0.00000    0.00000    0.00000    0.02016    -0.24088   3.25045    0.68448    -0.55265   36.70331
T-A        0.00000    0.00000    0.00000    0.00000    0.00000    0.00000    0.00296    -0.26166   3.25524    0.62249    -1.61425   36.97366
A-T        0.00000    0.00000    0.00000    0.00000    0.00000    0.00000    -0.00891   0.61840    3.39498    0.36592    -3.44648   43.08183
T-A        0.00000    0.00000    0.00000    0.00000    0.00000    0.00000    -0.02503   -0.68710   3.25182    -0.07393   -1.30436   32.13925
G-C        0.00000    0.00000    0.00000    0.00000    0.00000    0.00000    -0.03157   0.35841    3.34697    -0.57477   3.68578    37.63849
C-G        0.00000    0.00000    0.00000    0.00000    0.00000    0.00000    -0.08965   -0.42194   3.32510    -0.88128   2.11404    34.80983
T-A        0.00000    0.00000    0.00000    0.00000    0.00000    0.00000    0.01085    -0.27952   3.32976    -0.32644   3.66090    33.92146
T-A        0.00000    0.00000    0.00000    0.00000    0.00000    0.00000    -0.00780   -0.20555   3.24462    -0.24100   0.44031    36.34747
C-G        0.00000    0.00000    0.00000    0.00000    0.00000    0.00000    0.05438    -0.07548   3.30068    0.26086    2.22710    37.62777
C-G        0.00000    0.00000    0.00000    0.00000    0.00000    0.00000    0.10793    -0.28600   3.38567    0.78729    4.85037    34.75091
G-C        0.00000    0.00000    0.00000    0.00000    0.00000    0.00000    0.07524    0.36906    3.38658    0.78845    5.80612    36.09804
G-C        0.00000    0.00000    0.00000    0.00000    0.00000    0.00000    0.00782    -0.31074   3.39473    0.12072    4.23472    34.94792
C-G        0.00000    0.00000    0.00000    0.00000    0.00000    0.00000    -0.02790   -0.44540   3.33172    -0.10740   2.09009    34.85252
T-A        0.00000    0.00000    0.00000    0.00000    0.00000    0.00000    -0.01568   -0.31205   3.33738    0.16467    3.13045    34.11367
C-G        0.00000    0.00000    0.00000    0.00000    0.00000    0.00000    -0.02811   -0.07472   3.31019    -0.26408   1.60117    37.96201
G-C        0.00000    0.00000    0.00000    0.00000    0.00000    0.00000    -0.02885   0.43506    3.38384    -0.15818   6.08444    36.09799
T-A        0.00000    0.00000    0.00000    0.00000    0.00000    0.00000    0.02235    -0.62319   3.27545    -0.07822   1.64169    33.29859
A-T        0.00000    0.00000    0.00000    0.00000    0.00000    0.00000    0.04455    0.55190    3.38326    0.38547    -0.32411   41.56835
T-A        0.00000    0.00000    0.00000    0.00000    0.00000    0.00000    0.02685    -0.67715   3.24165    0.20782    -0.54340   31.90176
A-T        0.00000    0.00000    0.00000    0.00000    0.00000    0.00000    0.05222    0.56853    3.39008    0.26555    -2.14663   42.35904
A-T        0.00000    0.00000    0.00000    0.00000    0.00000    0.00000    0.02379    -0.26501   3.25566    -0.11133   -1.80130   36.96889
T-A        0.00000    0.00000    0.00000    0.00000    0.00000    0.00000    -0.00709   -0.68904   3.24573    -0.24190   -0.76387   31.95168
G-C        0.00000    0.00000    0.00000    0.00000    0.00000    0.00000    -0.02241   0.23518    3.35820    -0.75521   4.83424    37.01449
T-A        0.00000    0.00000    0.00000    0.00000    0.00000    0.00000    -0.04176   -0.64700   3.27444    -0.73562   1.88728    33.14804
G-C        0.00000    0.00000    0.00000    0.00000    0.00000    0.00000    -0.00756   0.24802    3.36189    -0.37592   6.25802    36.51925
T-A        0.00000    0.00000    0.00000    0.00000    0.00000    0.00000    0.00368    -0.62406   3.25815    -0.05291   2.42252    32.98872
C-G        0.00000    0.00000    0.00000    0.00000    0.00000    0.00000    0.07092    -0.05505   3.29658    0.78432    2.31511    37.61097
G-C        0.00000    0.00000    0.00000    0.00000    0.00000    0.00000    0.16446    0.44883    3.37952    1.95715    5.70256    36.19639
A-T        0.00000    0.00000    0.00000    0.00000    0.00000    0.00000    0.08248    -0.08161   3.32057    0.97682    0.58187    38.36627
C-G        0.00000    0.00000    0.00000    0.00000    0.00000    0.00000    0.04386    -0.64673   3.30916    0.46910    0.16667    33.72328
C-G        0.00000    0.00000    0.00000    0.00000    0.00000    0.00000    0.00946    -0.28474   3.39972    -0.26659   2.95762    35.35662
A-T        0.00000    0.00000    0.00000    0.00000    0.00000    0.00000    -0.12620   0.28872    3.34833    -1.39894   3.65672    37.64475
A-T        0.00000    0.00000    0.00000    0.00000    0.00000    0.00000    -0.03042   -0.24439   3.24855    -0.98413   -0.49416   36.53856
A-T        0.00000    0.00000    0.00000    0.00000    0.00000    0.00000    -0.03201   -0.21134   3.24169    -0.68927   0.99245    36.16086
T-A        0.00000    0.00000    0.00000    0.00000    0.00000    0.00000    -0.02729   -0.66000   3.21662    -0.14086   1.42220    31.30930
G-C        0.00000    0.00000    0.00000    0.00000    0.00000    0.00000    -0.27000   -1.09600   3.26700    0.65900    -9.99400   39.97800
T-A        0.00000    0.00000    0.00000    0.00000    0.00000    0.00000    -0.92800   -1.59300   3.28000    -2.06300   -8.66200   31.96100
G-C        0.00000    0.00000    0.00000    0.00000    0.00000    0.00000    -0.32200   -0.59200   3.18200    -1.62200   -0.34400   39.42200
A-T        0.00000    0.00000    0.00000    0.00000    0.00000    0.00000    0.12100    -0.98200   3.10500    2.84700    -6.38400   31.81100
G-C        0.00000    0.00000    0.00000    0.00000    0.00000    0.00000    0.96100    -0.48300   2.89500    -0.87800   -7.57600   33.58400
C-G        0.00000    0.00000    0.00000    0.00000    0.00000    0.00000    -0.71700   -0.08600   3.08800    11.68700   -4.89500   33.31100
G-C        0.00000    0.00000    0.00000    0.00000    0.00000    0.00000    -0.05000   1.55100    5.41000    -0.16000   60.13100   13.23400
C-G        0.00000    0.00000    0.00000    0.00000    0.00000    0.00000    0.67500    -0.12400   3.12600    -12.51500  -5.65000   33.18600
T-A        0.00000    0.00000    0.00000    0.00000    0.00000    0.00000    -0.92700   -0.52800   2.87900    1.16800    -8.57300   33.49200
C-G        0.00000    0.00000    0.00000    0.00000    0.00000    0.00000    -0.13300   -1.01800   3.05000    -2.59300   -6.06700   32.11100
A-T        0.00000    0.00000    0.00000    0.00000    0.00000    0.00000    0.37600    -0.59600   3.22500    2.12800    -0.58400   39.45000
C-G        0.00000    0.00000    0.00000    0.00000    0.00000    0.00000    0.90400    -1.56500   3.20600    2.30700    -8.21000   32.14500
A-T        0.00000    0.00000    0.00000    0.00000    0.00000    0.00000    0.52900    -0.91300   3.45900    1.67500    -11.72900  37.48400
