147 # base pairs
  0 # ***local base-pair & step parameters***
#          Shear      Stretch    Stagger    Buckle     Prop-Tw    Opening    Shift      Slide      Rise       Tilt       Roll       Twist
A-T        0.00000    0.00000    0.00000    0.00000    0.00000    0.00000    0.00000    0.00000    0.00000    0.00000    0.00000    0.00000
G-C        0.00000    0.00000    0.00000    0.00000    0.00000    0.00000    -0.27000   -1.09500   3.26900    0.65500    -9.99300   39.97500
T-A        0.00000    0.00000    0.00000    0.00000    0.00000    0.00000    -0.92900   -1.59400   3.27900    -2.06900   -8.63400   31.93800
G-C        0.00000    0.00000    0.00000    0.00000    0.00000    0.00000    -0.32200   -0.59300   3.18200    -1.66400   -0.37500   39.43600
A-T        0.00000    0.00000    0.00000    0.00000    0.00000    0.00000    0.12100    -0.98400   3.10400    2.85800    -6.38900   31.82300
G-C        0.00000    0.00000    0.00000    0.00000    0.00000    0.00000    0.96000    -0.48500   2.89700    -0.88500   -7.59600   33.57900
C-G        0.00000    0.00000    0.00000    0.00000    0.00000    0.00000    -0.71600   -0.08700   3.08600    11.71000   -4.91700   33.30600
G-C        0.00000    0.00000    0.00000    0.00000    0.00000    0.00000    -0.04800   1.55200    5.41100    -0.14600   60.13700   13.20200
C-G        0.00000    0.00000    0.00000    0.00000    0.00000    0.00000    0.67500    -0.12200   3.12500    -12.51800  -5.63900   33.20600
T-A        0.00000    0.00000    0.00000    0.00000    0.00000    0.00000    -0.92700   -0.52800   2.87800    1.16700    -8.56000   33.49500
C-G        0.00000    0.00000    0.00000    0.00000    0.00000    0.00000    -0.13300   -1.01700   3.05000    -2.61000   -6.08100   32.11700
A-T        0.00000    0.00000    0.00000    0.00000    0.00000    0.00000    0.37700    -0.59600   3.22400    2.15400    -0.57500   39.43500
C-G        0.00000    0.00000    0.00000    0.00000    0.00000    0.00000    0.90400    -1.56500   3.20800    2.29400    -8.21000   32.14300
A-T        0.00000    0.00000    0.00000    0.00000    0.00000    0.00000    0.52900    -0.91300   3.45700    1.67600    -11.72600  37.48400
A-T        0.00000    0.00000    0.00000    0.00000    0.00000    0.00000    -0.01750   -0.25163   3.25357    -0.42241   -1.68079   36.81605
T-A        0.00000    0.00000    0.00000    0.00000    0.00000    0.00000    -0.02239   -0.67281   3.23818    -0.33675   -0.39910   31.75230
T-A        0.00000    0.00000    0.00000    0.00000    0.00000    0.00000    -0.02864   -0.21528   3.24703    -0.39541   -0.21846   36.47121
T-A        0.00000    0.00000    0.00000    0.00000    0.00000    0.00000    -0.00657   -0.21238   3.24560    -0.14920   0.10814    36.37290
A-T        0.00000    0.00000    0.00000    0.00000    0.00000    0.00000    0.05212    0.41556    3.37805    0.22894    1.19322    40.42491
T-A        0.00000    0.00000    0.00000    0.00000    0.00000    0.00000    0.02713    -0.67908   3.23603    0.18569    -0.10811   31.66543
T-A        0.00000    0.00000    0.00000    0.00000    0.00000    0.00000    0.00653    -0.25576   3.25094    0.24908    -0.98252   36.58420
C-G        0.00000    0.00000    0.00000    0.00000    0.00000    0.00000    0.02855    -0.11251   3.31199    0.12294    1.00827    37.90152
G-C        0.00000    0.00000    0.00000    0.00000    0.00000    0.00000    -0.05516   0.37812    3.37899    -0.48089   5.30051    36.07734
C-G        0.00000    0.00000    0.00000    0.00000    0.00000    0.00000    -0.07727   -0.44443   3.32253    -0.54900   2.29184    34.59685
A-T        0.00000    0.00000    0.00000    0.00000    0.00000    0.00000    -0.12261   0.27737    3.35341    -0.60958   5.38778    36.75017
A-T        0.00000    0.00000    0.00000    0.00000    0.00000    0.00000    -0.00116   -0.21179   3.24345    -0.03930   0.31824    36.21871
A-T        0.00000    0.00000    0.00000    0.00000    0.00000    0.00000    0.02318    -0.20958   3.24372    0.29018    0.24850    36.25050
G-C        0.00000    0.00000    0.00000    0.00000    0.00000    0.00000    0.01239    -0.28721   3.32714    0.30242    3.43597    33.77677
G-C        0.00000    0.00000    0.00000    0.00000    0.00000    0.00000    0.10827    -0.26508   3.38336    0.79085    4.13176    34.82889
C-G        0.00000    0.00000    0.00000    0.00000    0.00000    0.00000    0.06584    -0.42604   3.33280    0.39928    1.66114    34.82893
C-G        0.00000    0.00000    0.00000    0.00000    0.00000    0.00000    0.02992    -0.29815   3.39399    -0.04971   3.55332    34.95991
G-C        0.00000    0.00000    0.00000    0.00000    0.00000    0.00000    -0.09306   0.37618    3.37705    -1.30192   5.03398    36.10259
G-C        0.00000    0.00000    0.00000    0.00000    0.00000    0.00000    -0.15912   -0.31023   3.38603    -1.48946   4.60982    34.55494
C-G        0.00000    0.00000    0.00000    0.00000    0.00000    0.00000    -0.11495   -0.46794   3.30651    -1.01512   3.11683    34.18473
C-G        0.00000    0.00000    0.00000    0.00000    0.00000    0.00000    -0.10475   -0.30885   3.37044    -0.59604   6.10776    34.03334
C-G        0.00000    0.00000    0.00000    0.00000    0.00000    0.00000    -0.00483   -0.27481   3.36567    0.36120    6.16292    34.08739
G-C        0.00000    0.00000    0.00000    0.00000    0.00000    0.00000    0.11994    0.40119    3.37478    1.71622    7.38784    35.31571
A-T        0.00000    0.00000    0.00000    0.00000    0.00000    0.00000    0.10711    -0.06881   3.30599    1.41475    1.71762    37.73532
C-G        0.00000    0.00000    0.00000    0.00000    0.00000    0.00000    0.06779    -0.63671   3.29496    1.15353    0.63892    33.32591
A-T        0.00000    0.00000    0.00000    0.00000    0.00000    0.00000    0.04199    0.36761    3.33417    0.59965    2.48009    37.82016
C-G        0.00000    0.00000    0.00000    0.00000    0.00000    0.00000    0.02025    -0.64998   3.31386    -0.07562   -0.27626   33.62257
G-C        0.00000    0.00000    0.00000    0.00000    0.00000    0.00000    -0.15764   0.40973    3.36971    -2.23624   3.91525    36.42526
A-T        0.00000    0.00000    0.00000    0.00000    0.00000    0.00000    -0.17117   -0.10859   3.29806    -1.84609   1.40883    37.50926
C-G        0.00000    0.00000    0.00000    0.00000    0.00000    0.00000    -0.10602   -0.64048   3.25054    -1.00901   2.58218    32.68901
T-A        0.00000    0.00000    0.00000    0.00000    0.00000    0.00000    -0.04860   -0.31387   3.30797    -0.48038   5.72079    32.92412
T-A        0.00000    0.00000    0.00000    0.00000    0.00000    0.00000    -0.02510   -0.17671   3.22838    0.09567    2.98145    35.22561
A-T        0.00000    0.00000    0.00000    0.00000    0.00000    0.00000    0.06204    0.18369    3.35807    1.46202    5.69522    37.66038
C-G        0.00000    0.00000    0.00000    0.00000    0.00000    0.00000    0.05984    -0.63273   3.26875    1.78605    1.86751    32.92001
T-A        0.00000    0.00000    0.00000    0.00000    0.00000    0.00000    0.11975    -0.29278   3.33081    2.53380    2.09966    34.11633
G-C        0.00000    0.00000    0.00000    0.00000    0.00000    0.00000    0.15584    0.43711    3.32446    1.51609    1.38600    38.48193
T-A        0.00000    0.00000    0.00000    0.00000    0.00000    0.00000    0.02101    -0.65114   3.32989    -0.35240   -1.07997   33.92597
A-T        0.00000    0.00000    0.00000    0.00000    0.00000    0.00000    -0.07306   0.75883    3.39631    -1.59890   -6.25383   44.43426
G-C        0.00000    0.00000    0.00000    0.00000    0.00000    0.00000    -0.10550   -0.32498   3.33222    -2.88432   2.85843    34.13026
G-C        0.00000    0.00000    0.00000    0.00000    0.00000    0.00000    -0.30731   -0.28133   3.37270    -3.05197   5.79511    34.42024
T-A        0.00000    0.00000    0.00000    0.00000    0.00000    0.00000    -0.04196   -0.64093   3.22966    -1.23312   3.85874    32.41547
A-T        0.00000    0.00000    0.00000    0.00000    0.00000    0.00000    -0.02302   -0.08077   3.35116    0.01388    9.95103    35.47882
T-A        0.00000    0.00000    0.00000    0.00000    0.00000    0.00000    0.01214    -0.64941   3.20144    0.72407    2.34852    30.88613
C-G        0.00000    0.00000    0.00000    0.00000    0.00000    0.00000    0.21398    -0.05884   3.28104    2.51459    2.85430    37.18458
T-A        0.00000    0.00000    0.00000    0.00000    0.00000    0.00000    0.12690    -0.29808   3.32846    3.19252    2.49971    34.16157
C-G        0.00000    0.00000    0.00000    0.00000    0.00000    0.00000    0.18540    -0.10059   3.32178    1.85782    -1.28118   38.71227
G-C        0.00000    0.00000    0.00000    0.00000    0.00000    0.00000    0.03563    0.53102    3.35965    0.30918    0.76863    37.70199
A-T        0.00000    0.00000    0.00000    0.00000    0.00000    0.00000    -0.15342   -0.11222   3.32629    -1.61274   -1.56444   38.82785
G-C        0.00000    0.00000    0.00000    0.00000    0.00000    0.00000    -0.11949   -0.31670   3.33328    -3.21732   2.11360    34.26333
C-G        0.00000    0.00000    0.00000    0.00000    0.00000    0.00000    -0.26180   -0.45985   3.30444    -2.91558   3.13206    34.29877
T-A        0.00000    0.00000    0.00000    0.00000    0.00000    0.00000    -0.05755   -0.30047   3.30491    -1.62393   6.20370    32.90256
C-G        0.00000    0.00000    0.00000    0.00000    0.00000    0.00000    -0.03150   -0.05700   3.26608    -0.38987   5.43965    36.28560
G-C        0.00000    0.00000    0.00000    0.00000    0.00000    0.00000    0.18496    0.27998    3.37980    2.37551    10.57262   34.20616
G-C        0.00000    0.00000    0.00000    0.00000    0.00000    0.00000    0.33409    -0.32658   3.36707    3.24396    6.54151    34.01715
G-C        0.00000    0.00000    0.00000    0.00000    0.00000    0.00000    0.35420    -0.30982   3.38507    3.57048    4.40327    34.83713
A-T        0.00000    0.00000    0.00000    0.00000    0.00000    0.00000    0.15123    -0.11236   3.33616    2.14522    -0.89338   38.95207
T-A        0.00000    0.00000    0.00000    0.00000    0.00000    0.00000    0.00321    -0.70600   3.27490    0.36599    -3.27852   32.79116
C-G        0.00000    0.00000    0.00000    0.00000    0.00000    0.00000    -0.06128   -0.11195   3.34077    -0.94803   -1.96763   39.23332
C-G        0.00000    0.00000    0.00000    0.00000    0.00000    0.00000    -0.27927   -0.26306   3.39345    -2.82024   2.60507    35.43217
G-C        0.00000    0.00000    0.00000    0.00000    0.00000    0.00000    -0.38017   0.42496    3.36952    -4.89142   5.88899    35.90144
C-G        0.00000    0.00000    0.00000    0.00000    0.00000    0.00000    -0.19230   -0.47027   3.28553    -2.28176   3.99059    33.88526
T-A        0.00000    0.00000    0.00000    0.00000    0.00000    0.00000    0.00320    -0.29292   3.29794    -0.58300   6.68795    32.66303
T-A        0.00000    0.00000    0.00000    0.00000    0.00000    0.00000    0.01754    -0.16560   3.22270    0.27475    3.97872    34.90397
T-A        0.00000    0.00000    0.00000    0.00000    0.00000    0.00000    0.04830    -0.19817   3.23007    1.28509    2.43224    35.33356
A-T        0.00000    0.00000    0.00000    0.00000    0.00000    0.00000    0.15256    0.29820    3.37044    2.54282    1.47656    39.65787
A-T        0.00000    0.00000    0.00000    0.00000    0.00000    0.00000    0.06556    -0.29738   3.25577    1.45706    -2.87841   36.88157
C-G        0.00000    0.00000    0.00000    0.00000    0.00000    0.00000    0.01040    -0.65624   3.32495    0.84227    -1.00462   33.56334
A-T        0.00000    0.00000    0.00000    0.00000    0.00000    0.00000    -0.11720   0.41610    3.31590    -0.92181   0.95202    38.18022
C-G        0.00000    0.00000    0.00000    0.00000    0.00000    0.00000    -0.08996   -0.62595   3.29903    -1.21970   -0.14910   33.30218
T-A        0.00000    0.00000    0.00000    0.00000    0.00000    0.00000    -0.05117   -0.29347   3.32373    -2.09620   2.98283    33.44460
T-A        0.00000    0.00000    0.00000    0.00000    0.00000    0.00000    -0.05976   -0.20228   3.23342    -1.47467   1.55753    35.48937
T-A        0.00000    0.00000    0.00000    0.00000    0.00000    0.00000    -0.02213   -0.18040   3.22641    -0.75989   3.05007    35.02738
A-T        0.00000    0.00000    0.00000    0.00000    0.00000    0.00000    0.06023    -0.06516   3.34795    0.40667    8.68961    35.49595
T-A        0.00000    0.00000    0.00000    0.00000    0.00000    0.00000    0.03797    -0.66721   3.21031    0.69750    1.61999    30.82276
G-C        0.00000    0.00000    0.00000    0.00000    0.00000    0.00000    0.21585    0.19060    3.35100    2.19368    5.90274    36.21279
C-G        0.00000    0.00000    0.00000    0.00000    0.00000    0.00000    0.14982    -0.43904   3.32852    1.76347    1.72630    34.59169
T-A        0.00000    0.00000    0.00000    0.00000    0.00000    0.00000    0.03847    -0.33529   3.34008    1.34017    1.37797    34.11906
T-A        0.00000    0.00000    0.00000    0.00000    0.00000    0.00000    -0.04216   -0.29665   3.26012    -0.00805   -3.49134   37.17156
T-A        0.00000    0.00000    0.00000    0.00000    0.00000    0.00000    -0.06357   -0.27280   3.25682    -0.66146   -2.71201   37.01906
C-G        0.00000    0.00000    0.00000    0.00000    0.00000    0.00000    -0.11476   -0.07712   3.31233    -1.46695   1.01315    37.94165
A-T        0.00000    0.00000    0.00000    0.00000    0.00000    0.00000    -0.14559   0.31736    3.34834    -1.54594   5.71440    36.63928
T-A        0.00000    0.00000    0.00000    0.00000    0.00000    0.00000    0.00495    -0.66027   3.21705    -0.36947   1.12932    31.14318
G-C        0.00000    0.00000    0.00000    0.00000    0.00000    0.00000    0.09982    0.19910    3.36175    0.09379    7.20718    35.77559
T-A        0.00000    0.00000    0.00000    0.00000    0.00000    0.00000    0.08453    -0.63859   3.25206    0.32266    2.58005    32.66921
T-A        0.00000    0.00000    0.00000    0.00000    0.00000    0.00000    0.02634    -0.24416   3.24378    0.74001    0.08184    36.03301
A-T        0.00000    0.00000    0.00000    0.00000    0.00000    0.00000    0.06099    0.38480    3.37929    1.03636    -0.55192   40.70148
T-A        0.00000    0.00000    0.00000    0.00000    0.00000    0.00000    -0.00502   -0.69518   3.24760    0.29649    -1.14454   31.76654
A-T        0.00000    0.00000    0.00000    0.00000    0.00000    0.00000    -0.04224   0.57507    3.38299    -0.07024   -3.15694   42.17035
A-T        0.00000    0.00000    0.00000    0.00000    0.00000    0.00000    -0.01770   -0.26326   3.25251    -0.44053   -1.80186   36.60267
C-G        0.00000    0.00000    0.00000    0.00000    0.00000    0.00000    -0.06354   -0.62492   3.27714    -0.41927   1.21859    33.02183
G-C        0.00000    0.00000    0.00000    0.00000    0.00000    0.00000    -0.10360   0.42850    3.36926    -1.31072   6.28417    35.51126
G-C        0.00000    0.00000    0.00000    0.00000    0.00000    0.00000    -0.03793   -0.25732   3.36887    -0.58375   5.31961    34.20961
A-T        0.00000    0.00000    0.00000    0.00000    0.00000    0.00000    0.01367    -0.07638   3.29275    0.07758    2.50779    37.11962
C-G        0.00000    0.00000    0.00000    0.00000    0.00000    0.00000    0.03780    -0.64253   3.26509    0.52104    2.01832    32.66283
C-G        0.00000    0.00000    0.00000    0.00000    0.00000    0.00000    0.11442    -0.31206   3.38181    0.87680    4.75232    34.28248
G-C        0.00000    0.00000    0.00000    0.00000    0.00000    0.00000    0.06368    0.35680    3.37290    0.72802    5.66752    35.62306
G-C        0.00000    0.00000    0.00000    0.00000    0.00000    0.00000    -0.01897   -0.32468   3.38889    -0.03157   4.17359    34.48308
C-G        0.00000    0.00000    0.00000    0.00000    0.00000    0.00000    -0.04809   -0.44491   3.32171    -0.27652   2.14970    34.42828
T-A        0.00000    0.00000    0.00000    0.00000    0.00000    0.00000    -0.02025   -0.31697   3.32679    0.02420    3.29300    33.52437
C-G        0.00000    0.00000    0.00000    0.00000    0.00000    0.00000    -0.02891   -0.07916   3.30001    -0.30306   1.88438    37.40408
G-C        0.00000    0.00000    0.00000    0.00000    0.00000    0.00000    -0.01856   0.41898    3.37043    -0.09214   6.47659    35.43900
T-A        0.00000    0.00000    0.00000    0.00000    0.00000    0.00000    0.02983    -0.62307   3.26572    -0.01057   1.80485    32.80931
A-T        0.00000    0.00000    0.00000    0.00000    0.00000    0.00000    0.05530    0.45299    3.37169    0.46760    0.46601    40.33432
T-A        0.00000    0.00000    0.00000    0.00000    0.00000    0.00000    0.02869    -0.68155   3.23822    0.21743    -0.48134   31.55517
A-T        0.00000    0.00000    0.00000    0.00000    0.00000    0.00000    0.04801    0.47046    3.37897    0.21420    -1.43893   41.16706
A-T        0.00000    0.00000    0.00000    0.00000    0.00000    0.00000    0.02048    -0.27779   3.25164    -0.18148   -1.59890   36.44329
T-A        0.00000    0.00000    0.00000    0.00000    0.00000    0.00000    -0.01122   -0.69095   3.24033    -0.28814   -0.54954   31.56596
G-C        0.00000    0.00000    0.00000    0.00000    0.00000    0.00000    -0.02514   0.19262    3.35280    -0.84354   5.32044    36.26561
T-A        0.00000    0.00000    0.00000    0.00000    0.00000    0.00000    -0.04494   -0.64548   3.26339    -0.68979   2.11811    32.64147
G-C        0.00000    0.00000    0.00000    0.00000    0.00000    0.00000    0.00504    0.21583    3.35522    -0.26979   6.60547    35.85000
T-A        0.00000    0.00000    0.00000    0.00000    0.00000    0.00000    0.00693    -0.62259   3.25054    0.06820    2.48077    32.54574
C-G        0.00000    0.00000    0.00000    0.00000    0.00000    0.00000    0.08592    -0.06433   3.28903    0.92599    2.29866    37.16272
G-C        0.00000    0.00000    0.00000    0.00000    0.00000    0.00000    0.17183    0.44147    3.36586    2.02127    5.58709    35.73270
A-T        0.00000    0.00000    0.00000    0.00000    0.00000    0.00000    0.07409    -0.09293   3.31411    0.88298    0.49982    37.95037
C-G        0.00000    0.00000    0.00000    0.00000    0.00000    0.00000    0.04341    -0.64765   3.30351    0.34074    0.15592    33.31086
C-G        0.00000    0.00000    0.00000    0.00000    0.00000    0.00000    -0.01677   -0.30915   3.39340    -0.55093   3.12566    34.81901
A-T        0.00000    0.00000    0.00000    0.00000    0.00000    0.00000    -0.14114   0.24228    3.34294    -1.50301   4.13378    36.90388
A-T        0.00000    0.00000    0.00000    0.00000    0.00000    0.00000    -0.03126   -0.25170   3.24300    -1.01081   -0.00731   35.91918
A-T        0.00000    0.00000    0.00000    0.00000    0.00000    0.00000    -0.03070   -0.21853   3.23604    -0.65355   1.48769    35.53270
T-A        0.00000    0.00000    0.00000    0.00000    0.00000    0.00000    -0.02671   -0.66133   3.21012    -0.08574   1.69925    30.88460
G-C        0.00000    0.00000    0.00000    0.00000    0.00000    0.00000    -0.27000   -1.09600   3.26700    0.65900    -9.99400   39.97800
T-A        0.00000    0.00000    0.00000    0.00000    0.00000    0.00000    -0.92800   -1.59300   3.28000    -2.06300   -8.66200   31.96100
G-C        0.00000    0.00000    0.00000    0.00000    0.00000    0.00000    -0.32200   -0.59200   3.18200    -1.62200   -0.34400   39.42200
A-T        0.00000    0.00000    0.00000    0.00000    0.00000    0.00000    0.12100    -0.98200   3.10500    2.84700    -6.38400   31.81100
G-C        0.00000    0.00000    0.00000    0.00000    0.00000    0.00000    0.96100    -0.48300   2.89500    -0.87800   -7.57600   33.58400
C-G        0.00000    0.00000    0.00000    0.00000    0.00000    0.00000    -0.71700   -0.08600   3.08800    11.68700   -4.89500   33.31100
G-C        0.00000    0.00000    0.00000    0.00000    0.00000    0.00000    -0.05000   1.55100    5.41000    -0.16000   60.13100   13.23400
C-G        0.00000    0.00000    0.00000    0.00000    0.00000    0.00000    0.67500    -0.12400   3.12600    -12.51500  -5.65000   33.18600
T-A        0.00000    0.00000    0.00000    0.00000    0.00000    0.00000    -0.92700   -0.52800   2.87900    1.16800    -8.57300   33.49200
C-G        0.00000    0.00000    0.00000    0.00000    0.00000    0.00000    -0.13300   -1.01800   3.05000    -2.59300   -6.06700   32.11100
A-T        0.00000    0.00000    0.00000    0.00000    0.00000    0.00000    0.37600    -0.59600   3.22500    2.12800    -0.58400   39.45000
C-G        0.00000    0.00000    0.00000    0.00000    0.00000    0.00000    0.90400    -1.56500   3.20600    2.30700    -8.21000   32.14500
A-T        0.00000    0.00000    0.00000    0.00000    0.00000    0.00000    0.52900    -0.91300   3.45900    1.67500    -11.72900  37.48400
