147 # base pairs
  0 # ***local base-pair & step parameters***
#          Shear      Stretch    Stagger    Buckle     Prop-Tw    Opening    Shift      Slide      Rise       Tilt       Roll       Twist
A-T        0.00000    0.00000    0.00000    0.00000    0.00000    0.00000    0.00000    0.00000    0.00000    0.00000    0.00000    0.00000
G-C        0.00000    0.00000    0.00000    0.00000    0.00000    0.00000    -0.27000   -1.09500   3.26900    0.65500    -9.99300   39.97500
T-A        0.00000    0.00000    0.00000    0.00000    0.00000    0.00000    -0.92900   -1.59400   3.27900    -2.06900   -8.63400   31.93800
G-C        0.00000    0.00000    0.00000    0.00000    0.00000    0.00000    -0.32200   -0.59300   3.18200    -1.66400   -0.37500   39.43600
A-T        0.00000    0.00000    0.00000    0.00000    0.00000    0.00000    0.12100    -0.98400   3.10400    2.85800    -6.38900   31.82300
G-C        0.00000    0.00000    0.00000    0.00000    0.00000    0.00000    0.96000    -0.48500   2.89700    -0.88500   -7.59600   33.57900
C-G        0.00000    0.00000    0.00000    0.00000    0.00000    0.00000    -0.71600   -0.08700   3.08600    11.71000   -4.91700   33.30600
G-C        0.00000    0.00000    0.00000    0.00000    0.00000    0.00000    -0.04800   1.55200    5.41100    -0.14600   60.13700   13.20200
C-G        0.00000    0.00000    0.00000    0.00000    0.00000    0.00000    0.67500    -0.12200   3.12500    -12.51800  -5.63900   33.20600
T-A        0.00000    0.00000    0.00000    0.00000    0.00000    0.00000    -0.92700   -0.52800   2.87800    1.16700    -8.56000   33.49500
C-G        0.00000    0.00000    0.00000    0.00000    0.00000    0.00000    -0.13300   -1.01700   3.05000    -2.61000   -6.08100   32.11700
A-T        0.00000    0.00000    0.00000    0.00000    0.00000    0.00000    0.37700    -0.59600   3.22400    2.15400    -0.57500   39.43500
C-G        0.00000    0.00000    0.00000    0.00000    0.00000    0.00000    0.90400    -1.56500   3.20800    2.29400    -8.21000   32.14300
A-T        0.00000    0.00000    0.00000    0.00000    0.00000    0.00000    0.52900    -0.91300   3.45700    1.67600    -11.72600  37.48400
A-T        0.00000    0.00000    0.00000    0.00000    0.00000    0.00000    -0.08670   -0.11393   3.24040    -1.17500   0.22889    36.23350
T-A        0.00000    0.00000    0.00000    0.00000    0.00000    0.00000    -0.02197   -0.74160   3.31162    -0.46213   -2.40469   33.33751
T-A        0.00000    0.00000    0.00000    0.00000    0.00000    0.00000    -0.00783   -0.37071   3.26911    -0.33852   -1.98229   36.56233
T-A        0.00000    0.00000    0.00000    0.00000    0.00000    0.00000    -0.00150   -0.17170   3.25231    -0.21815   1.72099    35.07244
A-T        0.00000    0.00000    0.00000    0.00000    0.00000    0.00000    0.07152    0.28913    3.38615    0.19785    1.98629    38.70070
T-A        0.00000    0.00000    0.00000    0.00000    0.00000    0.00000    -0.00923   -0.69657   3.25467    0.01627    -0.95373   32.18207
T-A        0.00000    0.00000    0.00000    0.00000    0.00000    0.00000    0.03313    -0.26066   3.25411    1.27912    -1.31131   36.53543
C-G        0.00000    0.00000    0.00000    0.00000    0.00000    0.00000    0.01736    -0.02245   3.29874    0.51264    1.32579    36.83822
G-C        0.00000    0.00000    0.00000    0.00000    0.00000    0.00000    -0.06055   0.56399    3.33495    -0.83712   8.21190    34.00185
C-G        0.00000    0.00000    0.00000    0.00000    0.00000    0.00000    -0.17231   -0.42367   3.25849    -1.34466   3.12623    31.84797
A-T        0.00000    0.00000    0.00000    0.00000    0.00000    0.00000    -0.22762   0.49934    3.29120    -1.60299   4.02310    36.20366
A-T        0.00000    0.00000    0.00000    0.00000    0.00000    0.00000    0.01623    -0.13630   3.27593    0.05965    1.13322    35.35034
A-T        0.00000    0.00000    0.00000    0.00000    0.00000    0.00000    -0.05562   -0.34364   3.24002    -0.22084   -0.26387   35.74094
G-C        0.00000    0.00000    0.00000    0.00000    0.00000    0.00000    0.01159    -0.46439   3.34857    0.58890    3.69880    32.73172
G-C        0.00000    0.00000    0.00000    0.00000    0.00000    0.00000    0.10679    -0.34778   3.43228    0.51985    3.87018    35.63170
C-G        0.00000    0.00000    0.00000    0.00000    0.00000    0.00000    0.15849    -0.37645   3.26939    1.09898    2.54603    34.41455
C-G        0.00000    0.00000    0.00000    0.00000    0.00000    0.00000    -0.20821   -0.27711   3.36396    0.00069    3.16972    34.47754
G-C        0.00000    0.00000    0.00000    0.00000    0.00000    0.00000    -0.02203   0.31293    3.07761    -0.38710   4.97488    31.82666
G-C        0.00000    0.00000    0.00000    0.00000    0.00000    0.00000    0.16311    -0.29141   3.36153    -0.64216   3.54394    34.44831
C-G        0.00000    0.00000    0.00000    0.00000    0.00000    0.00000    -0.19493   -0.41380   3.26696    -1.45416   3.08509    34.19210
C-G        0.00000    0.00000    0.00000    0.00000    0.00000    0.00000    0.11003    -0.42284   3.38093    -0.98830   5.17892    33.91043
C-G        0.00000    0.00000    0.00000    0.00000    0.00000    0.00000    -0.00884   -0.24426   3.35405    1.17853    4.58026    34.34939
G-C        0.00000    0.00000    0.00000    0.00000    0.00000    0.00000    -0.20876   0.78590    3.28199    -0.57314   5.05189    33.97393
A-T        0.00000    0.00000    0.00000    0.00000    0.00000    0.00000    -0.00901   -0.05437   3.18704    0.17342    0.32625    36.44789
C-G        0.00000    0.00000    0.00000    0.00000    0.00000    0.00000    0.16449    -0.50867   3.17265    1.05624    2.41053    31.88409
A-T        0.00000    0.00000    0.00000    0.00000    0.00000    0.00000    0.16993    -0.03771   3.37767    0.31238    2.75569    37.01099
C-G        0.00000    0.00000    0.00000    0.00000    0.00000    0.00000    0.22072    -0.51840   3.30914    0.43549    0.73963    31.84551
G-C        0.00000    0.00000    0.00000    0.00000    0.00000    0.00000    -0.02578   0.47315    3.27755    -0.91459   1.76250    37.06437
A-T        0.00000    0.00000    0.00000    0.00000    0.00000    0.00000    -0.19176   -0.05996   3.16317    -2.02875   -0.38626   36.26657
C-G        0.00000    0.00000    0.00000    0.00000    0.00000    0.00000    -0.16582   -0.67848   3.22754    -0.48471   3.33550    32.30715
T-A        0.00000    0.00000    0.00000    0.00000    0.00000    0.00000    -0.01462   -0.63469   3.51783    -1.79323   5.17747    35.41957
T-A        0.00000    0.00000    0.00000    0.00000    0.00000    0.00000    -0.01348   -0.13714   3.17231    -0.43563   3.59184    31.42977
A-T        0.00000    0.00000    0.00000    0.00000    0.00000    0.00000    0.04062    -0.21806   3.29547    0.50128    9.86480    32.70584
C-G        0.00000    0.00000    0.00000    0.00000    0.00000    0.00000    0.07558    -0.67759   3.23750    1.66188    3.36252    32.08865
T-A        0.00000    0.00000    0.00000    0.00000    0.00000    0.00000    -0.04928   -0.49387   3.32982    2.92628    5.18301    31.88073
G-C        0.00000    0.00000    0.00000    0.00000    0.00000    0.00000    0.11242    0.10238    3.35833    1.46145    4.84897    36.05852
T-A        0.00000    0.00000    0.00000    0.00000    0.00000    0.00000    0.17688    -0.49270   3.18027    1.05506    -0.78698   33.22199
A-T        0.00000    0.00000    0.00000    0.00000    0.00000    0.00000    -0.03891   1.22978    3.35099    0.20099    -8.44986   44.76761
G-C        0.00000    0.00000    0.00000    0.00000    0.00000    0.00000    -0.17368   -0.15199   3.26945    -2.38690   2.72718    32.07778
G-C        0.00000    0.00000    0.00000    0.00000    0.00000    0.00000    -0.08707   -0.78234   3.50158    -1.89822   4.35835    34.17163
T-A        0.00000    0.00000    0.00000    0.00000    0.00000    0.00000    -0.13759   -0.70747   3.30134    -1.43676   1.18204    33.47954
T-A        0.00000    0.00000    0.00000    0.00000    0.00000    0.00000    -0.00601   -0.12393   3.24861    -0.81874   2.54011    34.88351
C-G        0.00000    0.00000    0.00000    0.00000    0.00000    0.00000    0.13596    0.29381    3.21643    0.82442    6.52000    35.49414
A-T        0.00000    0.00000    0.00000    0.00000    0.00000    0.00000    -0.24799   -0.28292   3.39154    4.13107    9.08660    32.43760
T-A        0.00000    0.00000    0.00000    0.00000    0.00000    0.00000    0.04417    -0.48805   3.22924    0.92339    3.08321    30.84528
G-C        0.00000    0.00000    0.00000    0.00000    0.00000    0.00000    0.04834    -0.09640   3.39414    2.10386    2.69361    38.67338
T-A        0.00000    0.00000    0.00000    0.00000    0.00000    0.00000    0.02083    -0.56636   3.38220    0.70623    -2.30494   35.23296
T-A        0.00000    0.00000    0.00000    0.00000    0.00000    0.00000    -0.02250   -0.20973   3.25606    0.63708    -5.09010   37.81281
A-T        0.00000    0.00000    0.00000    0.00000    0.00000    0.00000    -0.02796   0.38501    3.49565    -1.82999   -6.70667   45.14521
T-A        0.00000    0.00000    0.00000    0.00000    0.00000    0.00000    -0.03515   -0.70893   3.21266    -1.66656   -1.07423   31.72714
A-T        0.00000    0.00000    0.00000    0.00000    0.00000    0.00000    -0.11613   0.28255    3.39515    -1.90181   2.34895    39.54846
A-T        0.00000    0.00000    0.00000    0.00000    0.00000    0.00000    -0.02711   -0.19373   3.15757    -0.70407   4.21072    33.96025
C-G        0.00000    0.00000    0.00000    0.00000    0.00000    0.00000    0.02762    -0.67064   3.28192    -0.07456   3.71634    33.56760
G-C        0.00000    0.00000    0.00000    0.00000    0.00000    0.00000    0.25646    0.39564    3.25932    2.83929    9.38707    33.65232
G-C        0.00000    0.00000    0.00000    0.00000    0.00000    0.00000    0.62566    -0.05448   3.26634    4.31738    8.12069    32.76225
A-T        0.00000    0.00000    0.00000    0.00000    0.00000    0.00000    0.09042    -0.25060   3.38623    2.08159    0.51364    38.76347
A-T        0.00000    0.00000    0.00000    0.00000    0.00000    0.00000    0.00889    -0.25817   3.24472    -0.03386   -3.68899   38.05958
T-A        0.00000    0.00000    0.00000    0.00000    0.00000    0.00000    0.01281    -0.80354   3.31840    0.18332    -3.67324   32.60569
C-G        0.00000    0.00000    0.00000    0.00000    0.00000    0.00000    0.06494    -0.27828   3.36420    -1.48429   -1.95978   40.21283
T-A        0.00000    0.00000    0.00000    0.00000    0.00000    0.00000    0.06540    -0.31574   3.37557    -1.38940   2.30879    33.91678
C-G        0.00000    0.00000    0.00000    0.00000    0.00000    0.00000    -0.24027   -0.04554   3.42723    -2.65940   1.42536    37.70690
G-C        0.00000    0.00000    0.00000    0.00000    0.00000    0.00000    -0.10848   0.58495    3.34400    -3.02320   13.23216   32.53257
A-T        0.00000    0.00000    0.00000    0.00000    0.00000    0.00000    -0.13979   0.17348    3.29586    -2.71347   4.61601    35.94654
G-C        0.00000    0.00000    0.00000    0.00000    0.00000    0.00000    0.15161    -0.28388   3.32673    0.65367    5.91540    32.54770
C-G        0.00000    0.00000    0.00000    0.00000    0.00000    0.00000    0.12183    -0.51940   3.38740    1.56498    2.85170    36.13280
T-A        0.00000    0.00000    0.00000    0.00000    0.00000    0.00000    0.04024    -0.12299   3.31167    2.96941    1.79962    33.93849
C-G        0.00000    0.00000    0.00000    0.00000    0.00000    0.00000    0.26365    0.32161    3.27956    3.58427    0.19276    38.71698
G-C        0.00000    0.00000    0.00000    0.00000    0.00000    0.00000    0.18905    1.28276    3.40504    1.67556    0.64510    37.57713
G-C        0.00000    0.00000    0.00000    0.00000    0.00000    0.00000    -0.22855   -0.19537   3.40946    -3.19282   1.49353    36.56969
G-C        0.00000    0.00000    0.00000    0.00000    0.00000    0.00000    -0.24122   -0.18811   3.34616    -1.54493   5.02830    34.38822
A-T        0.00000    0.00000    0.00000    0.00000    0.00000    0.00000    -0.12011   -0.26605   3.35513    -1.40044   1.08761    37.88721
T-A        0.00000    0.00000    0.00000    0.00000    0.00000    0.00000    -0.01726   -0.62489   3.23518    -0.54729   2.22693    32.08055
C-G        0.00000    0.00000    0.00000    0.00000    0.00000    0.00000    0.05116    -0.23199   3.32128    -0.03878   2.92598    37.04194
C-G        0.00000    0.00000    0.00000    0.00000    0.00000    0.00000    -0.11859   -0.14777   3.28603    -0.55728   7.55846    32.72295
G-C        0.00000    0.00000    0.00000    0.00000    0.00000    0.00000    0.08252    0.41888    3.34012    1.39606    7.76281    35.28528
C-G        0.00000    0.00000    0.00000    0.00000    0.00000    0.00000    0.20697    -0.51910   3.43986    1.64028    0.98701    35.95149
T-A        0.00000    0.00000    0.00000    0.00000    0.00000    0.00000    0.35890    -0.42991   3.47624    3.73220    0.53758    36.34416
T-A        0.00000    0.00000    0.00000    0.00000    0.00000    0.00000    0.04193    -0.32508   3.27218    1.14288    -3.86900   37.52846
T-A        0.00000    0.00000    0.00000    0.00000    0.00000    0.00000    -0.05210   -0.31150   3.28984    -0.30022   -3.33894   36.86029
A-T        0.00000    0.00000    0.00000    0.00000    0.00000    0.00000    -0.11467   0.86977    3.31085    -0.87330   -3.53918   40.19221
A-T        0.00000    0.00000    0.00000    0.00000    0.00000    0.00000    -0.00371   -0.18197   3.21808    -1.06578   -0.68494   36.60622
C-G        0.00000    0.00000    0.00000    0.00000    0.00000    0.00000    -0.02422   -0.58694   3.34959    -0.70636   0.13293    34.50700
A-T        0.00000    0.00000    0.00000    0.00000    0.00000    0.00000    0.06845    0.01781    3.40349    -0.67222   4.67593    37.69082
C-G        0.00000    0.00000    0.00000    0.00000    0.00000    0.00000    0.21851    -0.64681   3.30510    0.57402    1.88323    33.14298
T-A        0.00000    0.00000    0.00000    0.00000    0.00000    0.00000    -0.00094   -0.63396   3.54743    0.19432    3.70591    36.86289
T-A        0.00000    0.00000    0.00000    0.00000    0.00000    0.00000    0.06282    -0.31642   3.26468    1.04986    -2.02857   37.10453
T-A        0.00000    0.00000    0.00000    0.00000    0.00000    0.00000    -0.00692   -0.26868   3.28076    0.08312    -1.67020   36.47701
A-T        0.00000    0.00000    0.00000    0.00000    0.00000    0.00000    0.01225    0.34014    3.48213    -0.03575   -3.85205   44.28028
T-A        0.00000    0.00000    0.00000    0.00000    0.00000    0.00000    -0.05392   -0.72042   3.18476    -0.13168   1.43422    29.69624
G-C        0.00000    0.00000    0.00000    0.00000    0.00000    0.00000    -0.00835   -0.22967   3.31629    0.03082    5.66401    37.85790
C-G        0.00000    0.00000    0.00000    0.00000    0.00000    0.00000    0.14020    -0.40358   3.28367    -1.24961   2.17302    34.44257
T-A        0.00000    0.00000    0.00000    0.00000    0.00000    0.00000    0.08623    -0.41261   3.45816    1.21475    2.27649    36.08324
T-A        0.00000    0.00000    0.00000    0.00000    0.00000    0.00000    0.01198    -0.21664   3.20747    0.54582    2.83552    34.99737
C-G        0.00000    0.00000    0.00000    0.00000    0.00000    0.00000    0.08815    -0.20372   3.36125    0.19605    2.02068    37.74358
C-G        0.00000    0.00000    0.00000    0.00000    0.00000    0.00000    -0.01452   -0.16721   3.30703    -0.24192   5.74944    33.34362
G-C        0.00000    0.00000    0.00000    0.00000    0.00000    0.00000    0.06684    0.35515    3.11603    0.40286    5.73934    32.79652
G-C        0.00000    0.00000    0.00000    0.00000    0.00000    0.00000    0.21636    -0.24002   3.37058    0.11557    3.59211    35.01802
C-G        0.00000    0.00000    0.00000    0.00000    0.00000    0.00000    0.07707    -0.58248   3.31353    -0.32974   2.40872    35.06341
T-A        0.00000    0.00000    0.00000    0.00000    0.00000    0.00000    -0.08508   -0.17561   3.33404    0.28183    2.65284    33.60938
C-G        0.00000    0.00000    0.00000    0.00000    0.00000    0.00000    0.00684    0.15137    3.35031    0.86838    1.75176    37.90766
G-C        0.00000    0.00000    0.00000    0.00000    0.00000    0.00000    -0.02586   0.54122    3.32308    -0.20079   4.56949    37.82030
T-A        0.00000    0.00000    0.00000    0.00000    0.00000    0.00000    0.25065    -0.75556   3.28882    -0.32414   2.61282    33.96380
A-T        0.00000    0.00000    0.00000    0.00000    0.00000    0.00000    0.02530    -0.35683   3.40039    0.69232    3.19451    37.89647
T-A        0.00000    0.00000    0.00000    0.00000    0.00000    0.00000    0.03025    -0.70268   3.22466    0.37204    -1.05761   32.13907
A-T        0.00000    0.00000    0.00000    0.00000    0.00000    0.00000    0.01028    0.38524    3.47938    0.45315    -4.06630   44.32832
A-T        0.00000    0.00000    0.00000    0.00000    0.00000    0.00000    -0.02895   -0.34511   3.24265    -0.22649   -0.78163   36.08775
T-A        0.00000    0.00000    0.00000    0.00000    0.00000    0.00000    0.01320    -0.67863   3.28812    -0.28797   -1.04777   32.77870
G-C        0.00000    0.00000    0.00000    0.00000    0.00000    0.00000    -0.11242   -0.13789   3.48385    -1.74079   3.64126    38.80855
T-A        0.00000    0.00000    0.00000    0.00000    0.00000    0.00000    -0.08812   -0.50375   3.27614    -1.22848   1.05716    32.28512
G-C        0.00000    0.00000    0.00000    0.00000    0.00000    0.00000    -0.11633   -0.01678   3.40620    -0.03521   5.26104    37.19112
T-A        0.00000    0.00000    0.00000    0.00000    0.00000    0.00000    -0.13880   -0.45965   3.16031    0.02225    3.59221    32.40657
C-G        0.00000    0.00000    0.00000    0.00000    0.00000    0.00000    0.15318    -0.04121   3.17846    1.47224    0.35890    36.83576
G-C        0.00000    0.00000    0.00000    0.00000    0.00000    0.00000    0.10486    0.70746    3.32608    2.46308    7.64792    34.80371
A-T        0.00000    0.00000    0.00000    0.00000    0.00000    0.00000    0.02668    -0.05378   3.21344    0.44221    -0.56308   37.53099
C-G        0.00000    0.00000    0.00000    0.00000    0.00000    0.00000    -0.10003   -0.80369   3.23000    0.09789    1.64454    33.30137
C-G        0.00000    0.00000    0.00000    0.00000    0.00000    0.00000    0.06572    -0.37975   3.40201    0.50772    4.34169    34.18365
A-T        0.00000    0.00000    0.00000    0.00000    0.00000    0.00000    -0.26531   1.01227    3.30596    -1.76986   -0.29323   40.17058
A-T        0.00000    0.00000    0.00000    0.00000    0.00000    0.00000    -0.00040   -0.15071   3.28670    -0.52157   -0.15641   36.62185
A-T        0.00000    0.00000    0.00000    0.00000    0.00000    0.00000    -0.00642   -0.37776   3.26427    -0.57470   -1.85316   36.75743
T-A        0.00000    0.00000    0.00000    0.00000    0.00000    0.00000    -0.01736   -0.58051   3.26818    0.00166    1.27442    32.40943
G-C        0.00000    0.00000    0.00000    0.00000    0.00000    0.00000    -0.27000   -1.09600   3.26700    0.65900    -9.99400   39.97800
T-A        0.00000    0.00000    0.00000    0.00000    0.00000    0.00000    -0.92800   -1.59300   3.28000    -2.06300   -8.66200   31.96100
G-C        0.00000    0.00000    0.00000    0.00000    0.00000    0.00000    -0.32200   -0.59200   3.18200    -1.62200   -0.34400   39.42200
A-T        0.00000    0.00000    0.00000    0.00000    0.00000    0.00000    0.12100    -0.98200   3.10500    2.84700    -6.38400   31.81100
G-C        0.00000    0.00000    0.00000    0.00000    0.00000    0.00000    0.96100    -0.48300   2.89500    -0.87800   -7.57600   33.58400
C-G        0.00000    0.00000    0.00000    0.00000    0.00000    0.00000    -0.71700   -0.08600   3.08800    11.68700   -4.89500   33.31100
G-C        0.00000    0.00000    0.00000    0.00000    0.00000    0.00000    -0.05000   1.55100    5.41000    -0.16000   60.13100   13.23400
C-G        0.00000    0.00000    0.00000    0.00000    0.00000    0.00000    0.67500    -0.12400   3.12600    -12.51500  -5.65000   33.18600
T-A        0.00000    0.00000    0.00000    0.00000    0.00000    0.00000    -0.92700   -0.52800   2.87900    1.16800    -8.57300   33.49200
C-G        0.00000    0.00000    0.00000    0.00000    0.00000    0.00000    -0.13300   -1.01800   3.05000    -2.59300   -6.06700   32.11100
A-T        0.00000    0.00000    0.00000    0.00000    0.00000    0.00000    0.37600    -0.59600   3.22500    2.12800    -0.58400   39.45000
C-G        0.00000    0.00000    0.00000    0.00000    0.00000    0.00000    0.90400    -1.56500   3.20600    2.30700    -8.21000   32.14500
A-T        0.00000    0.00000    0.00000    0.00000    0.00000    0.00000    0.52900    -0.91300   3.45900    1.67500    -11.72900  37.48400
