147 # base pairs
  0 # ***local base-pair & step parameters***
#          Shear      Stretch    Stagger    Buckle     Prop-Tw    Opening    Shift      Slide      Rise       Tilt       Roll       Twist
A-T        0.00000    0.00000    0.00000    0.00000    0.00000    0.00000    0.00000    0.00000    0.00000    0.00000    0.00000    0.00000
G-C        0.00000    0.00000    0.00000    0.00000    0.00000    0.00000    -0.27000   -1.09500   3.26900    0.65500    -9.99300   39.97500
T-A        0.00000    0.00000    0.00000    0.00000    0.00000    0.00000    -0.92900   -1.59400   3.27900    -2.06900   -8.63400   31.93800
G-C        0.00000    0.00000    0.00000    0.00000    0.00000    0.00000    -0.32200   -0.59300   3.18200    -1.66400   -0.37500   39.43600
A-T        0.00000    0.00000    0.00000    0.00000    0.00000    0.00000    0.12100    -0.98400   3.10400    2.85800    -6.38900   31.82300
G-C        0.00000    0.00000    0.00000    0.00000    0.00000    0.00000    0.96000    -0.48500   2.89700    -0.88500   -7.59600   33.57900
C-G        0.00000    0.00000    0.00000    0.00000    0.00000    0.00000    -0.71600   -0.08700   3.08600    11.71000   -4.91700   33.30600
G-C        0.00000    0.00000    0.00000    0.00000    0.00000    0.00000    -0.04800   1.55200    5.41100    -0.14600   60.13700   13.20200
C-G        0.00000    0.00000    0.00000    0.00000    0.00000    0.00000    0.67500    -0.12200   3.12500    -12.51800  -5.63900   33.20600
T-A        0.00000    0.00000    0.00000    0.00000    0.00000    0.00000    -0.92700   -0.52800   2.87800    1.16700    -8.56000   33.49500
C-G        0.00000    0.00000    0.00000    0.00000    0.00000    0.00000    -0.13300   -1.01700   3.05000    -2.61000   -6.08100   32.11700
A-T        0.00000    0.00000    0.00000    0.00000    0.00000    0.00000    0.37700    -0.59600   3.22400    2.15400    -0.57500   39.43500
C-G        0.00000    0.00000    0.00000    0.00000    0.00000    0.00000    0.90400    -1.56500   3.20800    2.29400    -8.21000   32.14300
A-T        0.00000    0.00000    0.00000    0.00000    0.00000    0.00000    0.52900    -0.91300   3.45700    1.67600    -11.72600  37.48400
A-T        0.00000    0.00000    0.00000    0.00000    0.00000    0.00000    -0.08156   -0.10850   3.24132    -1.18122   0.18531    36.43782
T-A        0.00000    0.00000    0.00000    0.00000    0.00000    0.00000    -0.02214   -0.73913   3.31263    -0.46951   -2.40589   33.47355
T-A        0.00000    0.00000    0.00000    0.00000    0.00000    0.00000    -0.00740   -0.36724   3.26946    -0.34867   -1.97816   36.66317
T-A        0.00000    0.00000    0.00000    0.00000    0.00000    0.00000    0.00189    -0.16674   3.25643    -0.20389   1.63784    35.29310
A-T        0.00000    0.00000    0.00000    0.00000    0.00000    0.00000    0.07420    0.30832    3.39878    0.27402    1.41648    39.54197
T-A        0.00000    0.00000    0.00000    0.00000    0.00000    0.00000    -0.00861   -0.69394   3.25757    0.02157    -1.08610   32.41822
T-A        0.00000    0.00000    0.00000    0.00000    0.00000    0.00000    0.03770    -0.25378   3.25320    1.35457    -1.54724   36.87866
C-G        0.00000    0.00000    0.00000    0.00000    0.00000    0.00000    0.01662    -0.01465   3.30169    0.51608    1.21801    37.08350
G-C        0.00000    0.00000    0.00000    0.00000    0.00000    0.00000    -0.07989   0.56624    3.33678    -0.99575   8.18602    34.08880
C-G        0.00000    0.00000    0.00000    0.00000    0.00000    0.00000    -0.17745   -0.42469   3.26067    -1.38017   3.11964    31.91594
A-T        0.00000    0.00000    0.00000    0.00000    0.00000    0.00000    -0.23430   0.52133    3.29466    -1.65758   3.97819    36.52223
A-T        0.00000    0.00000    0.00000    0.00000    0.00000    0.00000    0.01583    -0.12656   3.27672    0.06391    1.20152    35.54739
A-T        0.00000    0.00000    0.00000    0.00000    0.00000    0.00000    -0.05522   -0.33674   3.24207    -0.20657   -0.22715   35.89187
G-C        0.00000    0.00000    0.00000    0.00000    0.00000    0.00000    0.01315    -0.46173   3.35179    0.59097    3.66354    32.91068
G-C        0.00000    0.00000    0.00000    0.00000    0.00000    0.00000    0.11127    -0.34061   3.43510    0.58905    3.74346    35.90390
C-G        0.00000    0.00000    0.00000    0.00000    0.00000    0.00000    0.16191    -0.36881   3.27374    1.12642    2.44539    34.65001
C-G        0.00000    0.00000    0.00000    0.00000    0.00000    0.00000    -0.20769   -0.26955   3.36819    -0.00067   3.04840    34.66457
G-C        0.00000    0.00000    0.00000    0.00000    0.00000    0.00000    -0.03765   0.32325    3.08388    -0.51151   4.89429    32.09081
G-C        0.00000    0.00000    0.00000    0.00000    0.00000    0.00000    0.14204    -0.28040   3.36316    -0.82470   3.54858    34.64175
C-G        0.00000    0.00000    0.00000    0.00000    0.00000    0.00000    -0.20754   -0.40877   3.26993    -1.54489   3.12228    34.38199
C-G        0.00000    0.00000    0.00000    0.00000    0.00000    0.00000    0.11224    -0.41431   3.38241    -1.01480   5.25848    34.08000
C-G        0.00000    0.00000    0.00000    0.00000    0.00000    0.00000    -0.00113   -0.23420   3.35753    1.28766    4.63810    34.63479
G-C        0.00000    0.00000    0.00000    0.00000    0.00000    0.00000    -0.19984   0.80642    3.28833    -0.47674   4.96171    34.23701
A-T        0.00000    0.00000    0.00000    0.00000    0.00000    0.00000    0.00302    -0.05376   3.19211    0.30579    0.27952    36.62810
C-G        0.00000    0.00000    0.00000    0.00000    0.00000    0.00000    0.16672    -0.50912   3.17520    1.10947    2.29322    32.07305
A-T        0.00000    0.00000    0.00000    0.00000    0.00000    0.00000    0.17840    -0.02949   3.38396    0.26215    2.43978    37.42722
C-G        0.00000    0.00000    0.00000    0.00000    0.00000    0.00000    0.21590    -0.51726   3.31382    0.39311    0.62698    32.05857
G-C        0.00000    0.00000    0.00000    0.00000    0.00000    0.00000    -0.03783   0.47680    3.27912    -1.14450   1.68435    37.32319
A-T        0.00000    0.00000    0.00000    0.00000    0.00000    0.00000    -0.20148   -0.05836   3.16452    -2.10945   -0.36208   36.37906
C-G        0.00000    0.00000    0.00000    0.00000    0.00000    0.00000    -0.18071   -0.67301   3.22656    -0.49674   3.46430    32.45469
T-A        0.00000    0.00000    0.00000    0.00000    0.00000    0.00000    -0.02650   -0.61932   3.51674    -1.76443   5.48684    35.71028
T-A        0.00000    0.00000    0.00000    0.00000    0.00000    0.00000    -0.00266   -0.10930   3.17059    -0.39044   3.75976    31.75441
A-T        0.00000    0.00000    0.00000    0.00000    0.00000    0.00000    0.05690    -0.15639   3.30269    0.65516    9.26570    33.51896
C-G        0.00000    0.00000    0.00000    0.00000    0.00000    0.00000    0.09833    -0.67756   3.24522    1.78294    3.17058    32.29399
T-A        0.00000    0.00000    0.00000    0.00000    0.00000    0.00000    -0.03751   -0.48733   3.33628    2.86645    5.02295    32.14876
G-C        0.00000    0.00000    0.00000    0.00000    0.00000    0.00000    0.10804    0.11418    3.35559    1.31297    4.40757    36.38168
T-A        0.00000    0.00000    0.00000    0.00000    0.00000    0.00000    0.17990    -0.49300   3.18393    0.96251    -0.98932   33.53780
A-T        0.00000    0.00000    0.00000    0.00000    0.00000    0.00000    -0.05125   1.26381    3.36000    -0.03612   -8.59572   45.19223
G-C        0.00000    0.00000    0.00000    0.00000    0.00000    0.00000    -0.20314   -0.12790   3.27443    -2.55900   3.00589    32.38813
G-C        0.00000    0.00000    0.00000    0.00000    0.00000    0.00000    -0.08612   -0.75484   3.49840    -1.89354   4.67714    34.52738
T-A        0.00000    0.00000    0.00000    0.00000    0.00000    0.00000    -0.02628   -0.43406   3.20607    -1.60319   2.44192    31.69176
A-T        0.00000    0.00000    0.00000    0.00000    0.00000    0.00000    -0.06382   -0.57911   3.41181    -0.79046   8.80123    35.20639
T-A        0.00000    0.00000    0.00000    0.00000    0.00000    0.00000    -0.03836   -0.64747   3.17403    0.45061    3.49135    30.95065
C-G        0.00000    0.00000    0.00000    0.00000    0.00000    0.00000    0.09880    -0.23315   3.45305    1.45116    4.00986    39.39747
T-A        0.00000    0.00000    0.00000    0.00000    0.00000    0.00000    0.16783    -0.25539   3.29252    2.08378    4.10748    33.40742
C-G        0.00000    0.00000    0.00000    0.00000    0.00000    0.00000    0.39275    0.42551    3.22779    5.04001    0.82902    37.99534
G-C        0.00000    0.00000    0.00000    0.00000    0.00000    0.00000    0.09684    0.72946    3.25505    2.13603    0.42951    36.05658
A-T        0.00000    0.00000    0.00000    0.00000    0.00000    0.00000    -0.10711   0.24906    3.32423    -1.29202   -1.48375   39.27706
G-C        0.00000    0.00000    0.00000    0.00000    0.00000    0.00000    -0.06171   -0.06253   3.30709    -2.90608   -0.64052   34.14734
C-G        0.00000    0.00000    0.00000    0.00000    0.00000    0.00000    -0.15286   -0.47113   3.41141    -2.08013   1.63532    36.56744
T-A        0.00000    0.00000    0.00000    0.00000    0.00000    0.00000    -0.15096   -0.28764   3.33107    -2.00328   4.85800    32.23135
C-G        0.00000    0.00000    0.00000    0.00000    0.00000    0.00000    0.17883    0.01739    3.23239    -0.51616   6.57047    35.26586
A-T        0.00000    0.00000    0.00000    0.00000    0.00000    0.00000    -0.30840   -0.13416   3.38854    1.91268    9.65261    33.08782
T-A        0.00000    0.00000    0.00000    0.00000    0.00000    0.00000    0.03403    -0.47448   3.21539    0.63915    4.78708    30.41211
G-C        0.00000    0.00000    0.00000    0.00000    0.00000    0.00000    0.08933    -0.08710   3.43637    2.58368    6.46942    37.68831
T-A        0.00000    0.00000    0.00000    0.00000    0.00000    0.00000    0.06455    -0.58392   3.36209    1.81744    -0.64476   34.52132
T-A        0.00000    0.00000    0.00000    0.00000    0.00000    0.00000    0.00027    -0.19912   3.25125    2.06689    -4.58465   37.34360
A-T        0.00000    0.00000    0.00000    0.00000    0.00000    0.00000    0.01336    0.41907    3.52336    -0.38960   -8.86130   46.71892
T-A        0.00000    0.00000    0.00000    0.00000    0.00000    0.00000    -0.03308   -0.69883   3.22471    -1.14169   -2.64594   31.67668
A-T        0.00000    0.00000    0.00000    0.00000    0.00000    0.00000    -0.12396   0.38635    3.45197    -2.06625   -2.57255   42.90207
A-T        0.00000    0.00000    0.00000    0.00000    0.00000    0.00000    -0.03182   -0.18132   3.18555    -1.87308   1.65100    34.84029
C-G        0.00000    0.00000    0.00000    0.00000    0.00000    0.00000    -0.05122   -0.64566   3.29004    -1.09248   3.11116    33.67500
G-C        0.00000    0.00000    0.00000    0.00000    0.00000    0.00000    0.16498    0.38613    3.25268    0.14612    10.94052   32.60928
G-C        0.00000    0.00000    0.00000    0.00000    0.00000    0.00000    0.57590    -0.07827   3.26038    3.55119    9.03262    32.31868
A-T        0.00000    0.00000    0.00000    0.00000    0.00000    0.00000    0.01896    -0.26015   3.33303    1.40575    1.43182    37.49415
T-A        0.00000    0.00000    0.00000    0.00000    0.00000    0.00000    0.03610    -0.62191   3.25057    0.86855    0.79214    32.36169
C-G        0.00000    0.00000    0.00000    0.00000    0.00000    0.00000    0.20186    -0.06038   3.35648    2.18950    -0.13414   39.37758
G-C        0.00000    0.00000    0.00000    0.00000    0.00000    0.00000    0.14718    1.26374    3.39731    1.19961    0.64739    37.30261
G-C        0.00000    0.00000    0.00000    0.00000    0.00000    0.00000    -0.25826   -0.17492   3.39763    -3.59720   1.65967    36.27219
G-C        0.00000    0.00000    0.00000    0.00000    0.00000    0.00000    -0.25293   -0.19500   3.34426    -1.67500   5.28625    34.10475
A-T        0.00000    0.00000    0.00000    0.00000    0.00000    0.00000    -0.11309   -0.25904   3.34525    -1.35883   1.51805    37.52774
T-A        0.00000    0.00000    0.00000    0.00000    0.00000    0.00000    -0.01036   -0.62747   3.23321    -0.46214   2.37141    31.89303
C-G        0.00000    0.00000    0.00000    0.00000    0.00000    0.00000    0.06111    -0.23268   3.31698    0.12923    3.03354    36.81476
C-G        0.00000    0.00000    0.00000    0.00000    0.00000    0.00000    -0.07387   -0.16885   3.28747    -0.25463   7.33659    32.53677
G-C        0.00000    0.00000    0.00000    0.00000    0.00000    0.00000    0.08330    0.41681    3.33173    1.46340    7.52915    35.12585
C-G        0.00000    0.00000    0.00000    0.00000    0.00000    0.00000    0.19425    -0.51919   3.43975    1.55097    0.91023    35.87855
T-A        0.00000    0.00000    0.00000    0.00000    0.00000    0.00000    0.33090    -0.43180   3.47092    3.48782    0.50431    36.18657
T-A        0.00000    0.00000    0.00000    0.00000    0.00000    0.00000    0.03756    -0.33362   3.26885    0.95523    -3.75438   37.32039
T-A        0.00000    0.00000    0.00000    0.00000    0.00000    0.00000    -0.05768   -0.30299   3.28578    -0.39034   -2.93710   36.63341
A-T        0.00000    0.00000    0.00000    0.00000    0.00000    0.00000    -0.11731   0.81129    3.31622    -0.92937   -2.34798   39.68661
A-T        0.00000    0.00000    0.00000    0.00000    0.00000    0.00000    -0.00126   -0.18296   3.20971    -0.97981   -0.08967   36.13313
C-G        0.00000    0.00000    0.00000    0.00000    0.00000    0.00000    -0.01578   -0.59767   3.34032    -0.59995   0.36775    34.14737
A-T        0.00000    0.00000    0.00000    0.00000    0.00000    0.00000    0.08022    0.00139    3.40015    -0.45093   4.87757    37.33026
C-G        0.00000    0.00000    0.00000    0.00000    0.00000    0.00000    0.21960    -0.64978   3.30588    0.66339    1.85471    32.99407
T-A        0.00000    0.00000    0.00000    0.00000    0.00000    0.00000    0.01028    -0.64990   3.54949    0.28428    3.34697    36.59412
T-A        0.00000    0.00000    0.00000    0.00000    0.00000    0.00000    0.05963    -0.32409   3.26366    1.03032    -2.21200   37.00782
T-A        0.00000    0.00000    0.00000    0.00000    0.00000    0.00000    -0.01463   -0.27844   3.27920    0.02893    -1.82404   36.36727
A-T        0.00000    0.00000    0.00000    0.00000    0.00000    0.00000    0.00427    0.33460    3.47287    -0.22520   -3.47997   43.69268
T-A        0.00000    0.00000    0.00000    0.00000    0.00000    0.00000    -0.04902   -0.72064   3.18207    -0.22433   1.57473    29.54968
G-C        0.00000    0.00000    0.00000    0.00000    0.00000    0.00000    -0.00731   -0.23201   3.31776    0.03302    5.75208    37.78807
C-G        0.00000    0.00000    0.00000    0.00000    0.00000    0.00000    0.15248    -0.40874   3.27694    -1.22589   2.38828    34.25243
T-A        0.00000    0.00000    0.00000    0.00000    0.00000    0.00000    0.11059    -0.41633   3.45624    1.40999    2.31141    35.91808
T-A        0.00000    0.00000    0.00000    0.00000    0.00000    0.00000    0.01465    -0.22008   3.20670    0.64994    2.85678    34.90189
C-G        0.00000    0.00000    0.00000    0.00000    0.00000    0.00000    0.09713    -0.20713   3.35940    0.31127    1.87889    37.57303
C-G        0.00000    0.00000    0.00000    0.00000    0.00000    0.00000    -0.00405   -0.17671   3.30703    -0.17458   5.59764    33.20868
G-C        0.00000    0.00000    0.00000    0.00000    0.00000    0.00000    0.05403    0.34850    3.10952    0.30934    5.57772    32.62945
G-C        0.00000    0.00000    0.00000    0.00000    0.00000    0.00000    0.20918    -0.24917   3.36982    0.00735    3.54163    34.92411
C-G        0.00000    0.00000    0.00000    0.00000    0.00000    0.00000    0.06044    -0.58494   3.31236    -0.46275   2.40711    34.89118
T-A        0.00000    0.00000    0.00000    0.00000    0.00000    0.00000    -0.09271   -0.19049   3.33169    0.14003    2.81311    33.36237
C-G        0.00000    0.00000    0.00000    0.00000    0.00000    0.00000    0.00908    0.14068    3.34665    0.85385    1.98393    37.56830
G-C        0.00000    0.00000    0.00000    0.00000    0.00000    0.00000    -0.01937   0.54008    3.32180    -0.13015   4.78632    37.52491
T-A        0.00000    0.00000    0.00000    0.00000    0.00000    0.00000    0.25029    -0.73937   3.28020    -0.21399   2.68174    33.71138
A-T        0.00000    0.00000    0.00000    0.00000    0.00000    0.00000    0.03349    -0.37581   3.39818    0.83219    3.31869    37.59010
T-A        0.00000    0.00000    0.00000    0.00000    0.00000    0.00000    0.03141    -0.70399   3.22120    0.43091    -1.11137   31.95673
A-T        0.00000    0.00000    0.00000    0.00000    0.00000    0.00000    0.01073    0.37132    3.47501    0.49645    -4.00638   43.96115
A-T        0.00000    0.00000    0.00000    0.00000    0.00000    0.00000    -0.02516   -0.35256   3.24121    -0.27086   -0.93091   35.94696
T-A        0.00000    0.00000    0.00000    0.00000    0.00000    0.00000    0.01060    -0.68258   3.28720    -0.34990   -1.05585   32.64472
G-C        0.00000    0.00000    0.00000    0.00000    0.00000    0.00000    -0.11355   -0.15396   3.48357    -1.86526   3.77374    38.48530
T-A        0.00000    0.00000    0.00000    0.00000    0.00000    0.00000    -0.08886   -0.50144   3.27100    -1.28478   1.19562    32.02283
G-C        0.00000    0.00000    0.00000    0.00000    0.00000    0.00000    -0.11007   -0.02753   3.40072    -0.07853   5.53889    36.81610
T-A        0.00000    0.00000    0.00000    0.00000    0.00000    0.00000    -0.13991   -0.45973   3.15786    0.06352    3.70139    32.23781
C-G        0.00000    0.00000    0.00000    0.00000    0.00000    0.00000    0.16189    -0.04170   3.17407    1.57920    0.40848    36.67689
G-C        0.00000    0.00000    0.00000    0.00000    0.00000    0.00000    0.11198    0.69466    3.32003    2.65625    7.74007    34.44904
A-T        0.00000    0.00000    0.00000    0.00000    0.00000    0.00000    0.03150    -0.05496   3.21176    0.48597    -0.58483   37.42912
C-G        0.00000    0.00000    0.00000    0.00000    0.00000    0.00000    -0.09782   -0.80440   3.23021    0.10405    1.60498    33.20304
C-G        0.00000    0.00000    0.00000    0.00000    0.00000    0.00000    0.06770    -0.38623   3.40054    0.47967    4.30560    34.02790
A-T        0.00000    0.00000    0.00000    0.00000    0.00000    0.00000    -0.26872   0.99692    3.30144    -1.90677   -0.23903   39.86608
A-T        0.00000    0.00000    0.00000    0.00000    0.00000    0.00000    -0.00558   -0.15516   3.28566    -0.58857   -0.11469   36.43821
A-T        0.00000    0.00000    0.00000    0.00000    0.00000    0.00000    -0.00660   -0.38032   3.26407    -0.64542   -1.78860   36.66518
T-A        0.00000    0.00000    0.00000    0.00000    0.00000    0.00000    -0.01991   -0.57889   3.26588    -0.03582   1.42889    32.24411
G-C        0.00000    0.00000    0.00000    0.00000    0.00000    0.00000    -0.27000   -1.09600   3.26700    0.65900    -9.99400   39.97800
T-A        0.00000    0.00000    0.00000    0.00000    0.00000    0.00000    -0.92800   -1.59300   3.28000    -2.06300   -8.66200   31.96100
G-C        0.00000    0.00000    0.00000    0.00000    0.00000    0.00000    -0.32200   -0.59200   3.18200    -1.62200   -0.34400   39.42200
A-T        0.00000    0.00000    0.00000    0.00000    0.00000    0.00000    0.12100    -0.98200   3.10500    2.84700    -6.38400   31.81100
G-C        0.00000    0.00000    0.00000    0.00000    0.00000    0.00000    0.96100    -0.48300   2.89500    -0.87800   -7.57600   33.58400
C-G        0.00000    0.00000    0.00000    0.00000    0.00000    0.00000    -0.71700   -0.08600   3.08800    11.68700   -4.89500   33.31100
G-C        0.00000    0.00000    0.00000    0.00000    0.00000    0.00000    -0.05000   1.55100    5.41000    -0.16000   60.13100   13.23400
C-G        0.00000    0.00000    0.00000    0.00000    0.00000    0.00000    0.67500    -0.12400   3.12600    -12.51500  -5.65000   33.18600
T-A        0.00000    0.00000    0.00000    0.00000    0.00000    0.00000    -0.92700   -0.52800   2.87900    1.16800    -8.57300   33.49200
C-G        0.00000    0.00000    0.00000    0.00000    0.00000    0.00000    -0.13300   -1.01800   3.05000    -2.59300   -6.06700   32.11100
A-T        0.00000    0.00000    0.00000    0.00000    0.00000    0.00000    0.37600    -0.59600   3.22500    2.12800    -0.58400   39.45000
C-G        0.00000    0.00000    0.00000    0.00000    0.00000    0.00000    0.90400    -1.56500   3.20600    2.30700    -8.21000   32.14500
A-T        0.00000    0.00000    0.00000    0.00000    0.00000    0.00000    0.52900    -0.91300   3.45900    1.67500    -11.72900  37.48400
